2018-09-17 Mon	4301	4312	4331	4348	4372	4375	4380	4384	4397	4398	4399	4402	8057
2018-09-18 Tue	4307	4309	4312	4340	4342	4344	4365	4390	4391	4394	4399	4403	4408
2018-09-19 Wed	4342	4346	4348	4353	4367	4369	4371	4374	4375	4380	4383	4399	4404
2018-09-20 Thu	4302	4312	4316	4338	4339	4346	4352	4360	4362	4363	4367	4375	4393	4400
2018-09-21 Fri	4302	4309	4312	4314	4323	4330	4344	4366	4367	4369	4377	4393	4397
2018-09-24 Mon	4307	4320	4323	4331	4333	4338	4344	4361	4372	4375	4377	4408
2018-09-25 Tue	4310	4317	4325	4348	4355	4365	4373	4382	4384	4388	4390	4396	4399	4400
2018-09-26 Wed	4301	4305	4312	4320	4321	4339	4363	4365	4376	4377	4380	4394	4396	4397
2018-09-27 Thu	4311	4325	4338	4340	4341	4351	4355	4362	4365	4371	4382	4387	4399	4401
2018-09-28 Fri	4314	4321	4330	4332	4342	4345	4346	4356	4363	4371	4374	4393	4409
2018-09-29 Sat	3634	3640	7028	7081	7127	7128	7134
2018-09-30 Sun	3644	3654	7101	7120	7133
2018-10-01 Mon	4302	4320	4321	4326	4327	4328	4342	4345	4353	4355	4368	4387	4388
2018-10-02 Tue	4301	4303	4310	4311	4312	4321	4339	4361	4367	4371	4373	4387	4390	4398
2018-10-03 Wed	4303	4304	4305	4308	4309	4321	4339	4342	4346	4349	4351	4355	4364	8057
2018-10-04 Thu	4305	4310	4316	4322	4326	4327	4340	4353	4356	4358	4380	4397	4408
2018-10-05 Fri	4311	4330	4360	4361	4363	4371	4379	4380	4382	4385	4392	4398	4401	4408	4409
2018-10-06 Sat	3601	3645	3651	7019	7082	7111	7128
2018-10-07 Sun	3601	7032	7035	7082	7087
2018-10-08 Mon	4325	4331	4339	4348	4355	4358	4361	4362	4365	4377	4382	4385	4393
2018-10-09 Tue	4327	4329	4337	4345	4361	4369	4379	4384	4388	4390	4391	4396	4405
2018-10-10 Wed	4312	4333	4336	4359	4366	4369	4372	4375	4381	4389	4393	4401	4406
2018-10-11 Thu	4302	4311	4329	4332	4359	4367	4373	4377	4382	4383	4385	4393	4403
2018-10-12 Fri	4320	4327	4330	4346	4348	4353	4361	4376	4377	4384	4386	4396	4409
2018-10-13 Sat	3601	3625	3636	3640	7070	7113	7116
2018-10-14 Sun	3646	7016	7122	7124	7128
2018-10-15 Mon	4303	4309	4310	4317	4325	4331	4342	4352	4369	4371	4389	4390	4392	4398
2018-10-16 Tue	4315	4327	4330	4338	4339	4344	4347	4348	4352	4362	4389	4394
2018-10-17 Wed	4305	4308	4324	4338	4353	4370	4377	4381	4392	4393	4397	4399	4403
2018-10-18 Thu	4302	4308	4312	4325	4333	4338	4361	4369	4370	4387	4388	4404	4408
2018-10-19 Fri	4308	4310	4313	4314	4315	4325	4330	4344	4346	4352	4355	4384	4403
2018-10-20 Sat	3625	3639	3646	3652	3698	3699	7108	7112
2018-10-21 Sun	3602	3623	3635	3698	7105
2018-10-22 Mon	4302	4307	4309	4317	4329	4357	4360	4367	4379	4382	4390	4393	4402
2018-10-23 Tue	4302	4307	4316	4348	4353	4359	4367	4370	4376	4384	4385	4404	4408
2018-10-24 Wed	4301	4316	4323	4325	4333	4344	4358	4369	4381	4394	4400	4404	4405
2018-10-25 Thu	4303	4310	4314	4330	4342	4355	4356	4360	4363	4379	4401	4404
2018-10-26 Fri	4301	4313	4316	4317	4330	4338	4350	4364	4374	4396	4400	4406
2018-10-27 Sat	3627	3636	3638	3647	3656	7087	7129	7132
2018-10-28 Sun	3636	3652	7132	7134	7137
2018-10-29 Mon	4319	4321	4323	4355	4356	4358	4360	4388	4390	4399	4404	4406	4409
2018-10-30 Tue	4305	4309	4310	4314	4316	4319	4322	4345	4350	4360	4362	4369	4374	4391	4403
2018-10-31 Wed	4303	4308	4323	4324	4337	4338	4361	4374	4376	4392	4394	4403	8044	8055	8059
2018-11-01 Thu	4304	4345	4352	4368	4369	4376	4378	4381	4390	4391	4400
2018-11-02 Fri	4330	4333	4358	4364	4365	4372	4382	4384	4387	4394	4395	4401	4402
2018-11-03 Sat	3633	3641	3647	3653	7005	7023	7113
2018-11-04 Sun	3637	3638	7011	7128	7159
2018-11-05 Mon	4301	4303	4304	4313	4318	4345	4347	4355	4378	4382	4396	4402	4404
2018-11-06 Tue	4302	4317	4337	4370	4381	4382	4384	4385	4389	4390	4400	4405
2018-11-07 Wed	4300	4307	4320	4346	4356	4365	4370	4377	4380	4385	4386	4396	4397	4408	8063
2018-11-08 Thu	4306	4321	4342	4344	4346	4371	4376	4378	4381	4399	4407
2018-11-09 Fri	4304	4315	4325	4333	4338	4342	4351	4357	4367	4368	4393	4397
2018-11-10 Sat	3628	3644	3649	7006	7028	7101	7132
2018-11-11 Sun	3642	7003	7080	7099	7133
2018-11-12 Mon	4304	4307	4315	4321	4338	4342	4350	4358	4377	4382	4383	4392	4401
2018-11-13 Tue	4302	4305	4312	4331	4337	4349	4356	4362	4366	4377	4389	4401	4402	4406
2018-11-14 Wed	4302	4304	4305	4330	4361	4362	4368	4371	4376	4390	4397	4399	4402
2018-11-15 Thu	4320	4323	4327	4337	4346	4359	4371	4380	4381	4382	4395	4401	4405
2018-11-16 Fri	4306	4307	4318	4333	4336	4358	4362	4370	4372	4375	4385	4393	4406
2018-11-17 Sat	3636	3650	3651	7039	7064	7123	7159
2018-11-18 Sun	3636	3647	3651	7005	7081
2018-11-19 Mon	4305	4306	4314	4322	4330	4334	4338	4353	4370	4374	4377	4383	4385
2018-11-20 Tue	4312	4320	4327	4339	4343	4344	4350	4354	4363	4364	4400	4402	4409
2018-11-21 Wed	4324	4326	4338	4348	4351	4359	4366	4367	4369	4376	4402	4404	4409
2018-11-22 Thu	4305	4349	4353	4384	4385
2018-11-23 Fri	4305	4313	4329	4331	4336	4343	4346	4366	4371	4391	4400	4408
2018-11-24 Sat	3634	3645	3648	7016	7038	7066	7099	7112
2018-11-25 Sun	3602	3632	3650	7025	7033	7128
2018-11-26 Mon	4300	4302	4314	4327	4331	4338	4340	4345	4374	4375	4387	4395	4407
2018-11-27 Tue	4302	4307	4319	4324	4325	4331	4337	4339	4371	4393	4394	4398	4406
2018-11-28 Wed	4307	4319	4326	4330	4350	4367	4368	4373	4375	4378	4381	4385
2018-11-29 Thu	4309	4321	4322	4326	4328	4362	4376	4384	4385	4387	4389	4393	4407
2018-11-30 Fri	4300	4306	4334	4337	4344	4345	4348	4363	4364	4365	4376	4387	4407
2018-12-01 Sat	3651	3652	7018	7065	7102	7111	7137
2018-12-02 Sun	3635	3652	7025	7080	7096	7116
2018-12-03 Mon	4313	4319	4321	4333	4334	4339	4346	4351	4361	4381	4392	4395	4406
2018-12-04 Tue	4308	4325	4328	4332	4345	4363	4366	4372	4376	4380	4382	4391	4393
2018-12-05 Wed	4305	4309	4316	4327	4328	4344	4345	4353	4375	4381	4394	4395	4396
2018-12-06 Thu	4300	4312	4313	4336	4337	4347	4358	4360	4361	4373	4386	4390	4401
2018-12-07 Fri	4314	4325	4342	4346	4349	4351	4357	4365	4373	4382	4391	4393	4399
2018-12-08 Sat	3602	3622	3623	3627	3633	3651	7033	7095
2018-12-09 Sun	3600	3602	3623	7070	7078	7096
2018-12-10 Mon	4308	4328	4333	4337	4338	4342	4345	4361	4379	4381	4392	4405	4409	8020	8069
2018-12-11 Tue	4306	4318	4332	4333	4342	4348	4364	4365	4366	4368	4378	4385	4402	4405	8035
2018-12-12 Wed	4300	4304	4305	4306	4336	4344	4355	4360	4379	4387	4396	4401	4403	8059
2018-12-13 Thu	4313	4315	4316	4324	4329	4332	4359	4374	4385	4391	4393	4395	4398	4404
2018-12-14 Fri	4309	4312	4327	4339	4346	4358	4364	4368	4390	4393	4403	4406	4409	8063
2018-12-15 Sat	3622	3647	3649	3650	7003	7068	7159
2018-12-16 Sun	3600	3604	3640	3650	7003
2018-12-17 Mon	4307	4321	4341	4344	4354	4357	4364	4366	4367	4395	4406	4408	4409	8059
2018-12-18 Tue	4300	4308	4310	4312	4316	4336	4339	4342	4343	4358	4367	4371	4373	4379
2018-12-19 Wed	4300	4307	4328	4349	4366	4370	4390	4391	4394	4400	4402	4403	4404
2018-12-20 Thu	4302	4334	4336	4344	4350	4354	4360	4373	4375	4390	4394	4404	4409
2018-12-21 Fri	4304	4325	4326	4331	4358	4362	4367	4376	4380	4384	4397	4399	4406
2018-12-22 Sat	4311	4329	4330	4333	4334	4341	4391
2018-12-23 Sun	4300	4342	4343	4378	4379
2018-12-24 Mon	4308	4311	4319	4321	4323	4330	4336	4338	4344	4350	4383	4386	4397
2018-12-25 Tue	4309	4333	4345	4398	4405
2018-12-26 Wed	4302	4310	4319	4322	4345	4348	4355	4357	4359	4364	4367	4391	4408
2018-12-27 Thu	4306	4311	4315	4322	4330	4343	4346	4347	4362	4375	4379	4399	4402
2018-12-28 Fri	4309	4313	4323	4328	4332	4338	4343	4347	4351	4371	4375	4387	4402
2018-12-29 Sat	4316	4318	4326	4345	4367	4390	4398	4404
2018-12-30 Sun	4346	4363	4368	4372	4398
2018-12-31 Mon	4307	4312	4321	4323	4325	4329	4348	4349	4350	4353	4366	4387	4390
2019-01-01 Tue	4316	4321	4346	4347	4364	4402
2019-01-02 Wed	4322	4324	4337	4338	4339	4345	4365	4366	4387	4403	4404	4408
2019-01-03 Thu	4316	4320	4328	4357	4365	4368	4371	4375	4390	4400	4401
2019-01-04 Fri	4309	4327	4335	4341	4346	4354	4356	4360	4368	4379	4387	4396	4406
2019-01-05 Sat	3602	3622	3626	3627	3640	3645	7039	7065
2019-01-06 Sun	3625	3626	3642	3644	7001	7115
2019-01-07 Mon	4305	4310	4312	4318	4332	4347	4350	4367	4372	4385	4387	4405
2019-01-08 Tue	4300	4312	4318	4323	4331	4334	4367	4377	4381	4387	4394	4398
2019-01-09 Wed	4309	4310	4321	4323	4334	4351	4362	4377	4378	4379	4403	4406	4409
2019-01-10 Thu	4303	4323	4327	4337	4339	4340	4345	4354	4372	4386	4387	4391	4404
2019-01-11 Fri	4303	4320	4324	4330	4331	4343	4354	4364	4366	4372	4399	4403	4407
2019-01-12 Sat	3634	3637	3638	3644	3645	3699	7071	7107
2019-01-13 Sun	3637	3638	3646	3653	3699	7097
2019-01-14 Mon	10104	4303	4311	4320	4326	4333	4341	4347	4356	4365	4367	4368	4380	4381	4382
