2018-09-17 Mon	4309	4325	4332	4353	4358	4360	4364	4371	4401
2018-09-18 Tue	4307	4314	4330	4339	4347	4351	4371	4382	4384	4387	4406
2018-09-19 Wed	4308	4310	4312	4321	4322	4329	4351	4364	4387	4394
2018-09-20 Thu	4301	4305	4310	4317	4326	4369	4376	4377	4387	4403
2018-09-21 Fri	4310	4315	4323	4325	4326	4338	4342	4365	4375	4392
2018-09-24 Mon	4330	4342	4345	4352	4359	4374	4379	4396	4400
2018-09-25 Tue	4303	4304	4332	4339	4375	4377	4379	4385	4398	4403
2018-09-26 Wed	4314	4316	4333	4338	4342	4344	4359	4361	4370	4382
2018-09-27 Thu	4312	4321	4345	4349	4358	4360	4366	4373	4391	4404
2018-09-28 Fri	4308	4339	4340	4352	4390	4394	4397	4398	4405	4406
2018-09-29 Sat	3697	7102	7110	7135
2018-09-30 Sun	3628	7081	7105	7134
2018-10-01 Mon	4317	4319	4334	4338	4349	4357	4362	4374	4384	4401
2018-10-02 Tue	4330	4331	4341	4345	4347	4359	4399	4401	4404	4405
2018-10-03 Wed	4302	4314	4347	4357	4358	4368	4379	4380	4382	4403
2018-10-04 Thu	4314	4315	4330	4357	4371	4373	4375	4384	4396	4406
2018-10-05 Fri	4323	4331	4336	4348	4353	4366	4374	4377	4389	4391
2018-10-06 Sat	7012	7016	7065	7078
2018-10-07 Sun	3625	3636	7076	7111
2018-10-08 Mon	4310	4346	4357	4368	4369	4374	4375	4389	4397	4405
2018-10-09 Tue	4310	4312	4332	4347	4358	4362	4365	4388	4398	4405
2018-10-10 Wed	4303	4326	4329	4330	4344	4347	4355	4361	4387	4392
2018-10-11 Thu	4312	4326	4340	4344	4357	4364	4370	4379	4389	4392
2018-10-12 Fri	4307	4309	4311	4330	4339	4340	4345	4380	4382	4399
2018-10-13 Sat	3653	7008	7079	7134
2018-10-14 Sun	3640	3656	7025	7113	7116
2018-10-15 Mon	4314	4329	4336	4344	4349	4359	4379	4388	4390	4409
2018-10-16 Tue	4308	4309	4323	4351	4355	4359	4360	4367	4399
2018-10-17 Wed	4302	4325	4347	4355	4356	4362	4363	4383	4394	4402
2018-10-18 Thu	4315	4320	4326	4334	4346	4357	4373	4377	4390	4405
2018-10-19 Fri	4321	4323	4326	4327	4344	4357	4367	4370	4373	4375
2018-10-20 Sat	3633	3637	3651	3652	3654
2018-10-21 Sun	3604	3626	3632	3644	7037
2018-10-22 Mon	4310	4312	4313	4328	4348	4371	4380	4384	4403	4404
2018-10-23 Tue	4309	4311	4314	4327	4350	4356	4363	4374	4394	4402
2018-10-24 Wed	4303	4304	4308	4310	4321	4345	4362	4382	4401	4403
2018-10-25 Thu	4317	4320	4326	4327	4345	4367	4386	4388	4389	4392
2018-10-26 Fri	4307	4310	4328	4345	4348	4373	4378	4380	4382	4393
2018-10-27 Sat	3622	3625	3651	3653
2018-10-28 Sun	3626	3627	3647	3655
2018-10-29 Mon	4305	4315	4325	4346	4356	4358	4370	4383	4386	4392
2018-10-30 Tue	4302	4304	4312	4323	4326	4334	4348	4362	4366	4388
2018-10-31 Wed	4307	4340	4361	4379	4381	4383	4387	4388	4401
2018-11-01 Thu	4302	4326	4327	4338	4350	4351	4356	4367	4370	4373	4396
2018-11-02 Fri	4301	4302	4315	4328	4342	4345	4346	4373	4378
2018-11-03 Sat	3626	3636	7102	7127
2018-11-04 Sun	3622	7038	7078	7091
2018-11-05 Mon	4305	4321	4325	4339	4356	4366	4368	4382	4395	4407
2018-11-06 Tue	4301	4305	4310	4326	4332	4348	4351	4386	4387	4403
2018-11-07 Wed	4340	4344	4348	4363	4372	4392	4393	4406	4407
