2018-09-17 Mon	6800	6817	6856	6857	6870	6874	6914	6929	6938	6947	6949	6959	6979	6984	6987
2018-09-18 Tue	6800	6817	6859	6865	6870	6874	6878	6883	6884	6891	6912	6914	6947	6948	6950	6956	6957	6959	6973	6981	6983
2018-09-19 Wed	6816	6855	6857	6858	6864	6865	6871	6874	6893	6921	6947	6949	6950	6956	6972	6977	6981	6982	6984	6987
2018-09-20 Thu	6818	6858	6859	6865	6870	6871	6874	6878	6884	6885	6893	6914	6921	6929	6938	6939	6948	6951	6952	6955	6956	6959	6973	6985
2018-09-21 Fri	6800	6815	6817	6859	6862	6863	6865	6884	6893	6912	6947	6951	6953	6954	6955	6956	6959	6972	6981	6982	6983	6987
2018-09-22 Sat	6800	6816	6855	6857	6858	6861	6921	6957	6972	6977	6985
2018-09-23 Sun	6800	6858	6861	6865	6885	6893	6953	6977
2018-09-24 Mon	6815	6816	6817	6818	6855	6862	6865	6874	6885	6891	6892	6923	6929	6939	6948	6949	6951	6953	6956	6957	6959	6973	6979	6981	6985	6987	6997
2018-09-25 Tue	6800	6814	6817	6818	6855	6856	6857	6858	6862	6863	6865	6870	6874	6884	6885	6893	6929	6938	6939	6950	6951	6955	6973	6977	6979	6981	6982	6983	6984	6985
2018-09-26 Wed	6813	6817	6856	6857	6858	6861	6862	6863	6870	6874	6878	6891	6892	6923	6938	6949	6955	6959	6972	6977	6979	6981	6982	6983	6984	6985	6987
2018-09-27 Thu	6814	6816	6855	6856	6858	6859	6861	6864	6870	6874	6883	6884	6885	6891	6892	6923	6939	6947	6950	6951	6955	6956	6959	6972	6973	6977	6997
2018-09-28 Fri	6814	6816	6855	6858	6860	6863	6865	6870	6874	6883	6884	6891	6893	6949	6953	6955	6959	6979	6981	6982	6983	6985
2018-09-29 Sat	6800	6815	6860	6861	6874	6883	6938	6955	6981	6985	6987
2018-09-30 Sun	6815	6858	6859	6923	6947	6972	6983
2018-10-01 Mon	6814	6815	6816	6818	6856	6857	6858	6859	6863	6864	6865	6871	6874	6885	6921	6923	6939	6947	6951	6953	6956	6957	6959	6973	6977	6981	6982	6985
2018-10-02 Tue	6800	6813	6815	6818	6855	6856	6857	6858	6860	6864	6871	6874	6878	6891	6892	6893	6921	6923	6929	6938	6951	6953	6956	6957	6972	6983	6984	6986
2018-10-03 Wed	6800	6813	6816	6817	6818	6856	6857	6864	6871	6874	6878	6885	6892	6923	6929	6948	6953	6954	6956	6959	6972	6983	6984
