2018-09-17 Mon	6818	6878	6883	6884	6923	6929	6948	6949	6955
2018-09-18 Tue	6800	6817	6858	6859	6863	6870	6885	6913	6914	6951	6952	6956	6973	6977	6981	6983	6997
2018-09-19 Wed	6815	6855	6859	6863	6870	6871	6874	6883	6884	6914	6921	6947	6949	6956	6959	6977	6981	6983
2018-09-20 Thu	6815	6817	6859	6863	6865	6870	6871	6874	6885	6891	6912	6923	6939	6948	6951	6959	6981	6997
2018-09-21 Fri	6800	6814	6815	6816	6817	6862	6870	6878	6885	6914	6921	6947	6952	6956	6959	6972	6982	6984
2018-09-24 Mon	6816	6855	6856	6859	6862	6885	6891	6923	6939	6948	6950	6951	6953	6954	6972	6977	6987	6997
2018-09-25 Tue	6814	6815	6816	6817	6855	6857	6858	6862	6878	6884	6892	6938	6950	6954	6955	6957	6959	6985
2018-09-26 Wed	6816	6818	6857	6861	6863	6874	6891	6892	6938	6950	6953	6956	6957	6959	6972	6977	6982	6997
2018-09-27 Thu	6800	6814	6816	6817	6856	6857	6858	6861	6892	6923	6939	6947	6951	6954	6956	6973	6979	6997
2018-09-28 Fri	6855	6856	6859	6883	6891	6893	6923	6929	6938	6959	6979	6987
2018-10-01 Mon	6817	6856	6858	6859	6861	6871	6878	6923	6929	6947	6950	6954	6956	6959	6972	6973	6985	6986
2018-10-02 Tue	6800	6815	6816	6818	6830	6859	6860	6863	6871	6874	6884	6921	6938	6939	6947	6954	6956	6957	6972	6984
2018-10-03 Wed	6855	6865	6884	6891	6923	6953	6972	6983	6986
