2018-09-17 Mon	7003	7004	7005	7029	7033	7074	7075	7085	7091	7108	7159
2018-09-18 Tue	2669	7004	7005	7033	7037	7068	7070	7076	7078	7085	7093	7096	7106	7121	8287
2018-09-19 Wed	2711	2800	7008	7030	7065	7072	7073	7076	7079	7081	7084	7093	7097	7098	7106	7107	7110
2018-09-20 Thu	2604	2678	7029	7036	7069	7071	7073	7078	7080	7084	7085	7093	7097	7099	7107	7108	7160
2018-09-21 Fri	2634	2702	7036	7037	7038	7068	7069	7077	7084	7085	7086	7098	7107	7123	7158	7159
2018-09-24 Mon	7003	7037	7038	7063	7070	7075	7105	7112	7114	7117	7123	7126	7160
2018-09-25 Tue	7006	7007	7029	7033	7067	7073	7078	7086	7091	7092	7093	7095	7099	7107	7118	7123
2018-09-26 Wed	7005	7008	7029	7032	7063	7065	7067	7069	7072	7080	7084	7085	7096	7100	7103	7111	7123	7124
2018-09-27 Thu	7002	7004	7029	7036	7065	7066	7074	7082	7084	7086	7092	7093	7094	7098	7100	7106	7108	7114	7122
2018-09-28 Fri	2678	7007	7030	7035	7036	7037	7038	7039	7071	7079	7080	7082	7092	7093	7107	7119	7160
2018-09-29 Sat	7001	7005	7029	7033	7069	7082	7092	7098	7103	7118	7160
2018-09-30 Sun	7005	7006	7071	7079	7094	7104
2018-10-01 Mon	7003	7004	7063	7066	7068	7069	7071	7077	7091	7092	7100	7103	7105	7111	7115	7118
2018-10-02 Tue	7003	7035	7066	7069	7070	7079	7081	7090	7091	7092	7093	7094	7098	7118	7119	7160
2018-10-03 Wed	7030	7032	7035	7036	7065	7070	7081	7082	7094	7098	7117	7119	7121	7126
