2018-09-17 Mon	3708	3710	3712	3713	3715	3728	3730	3731	3732	3733	3734	3735	3754	7118
2018-09-18 Tue	3711	3712	3713	3720	3721	3733	3734	3735	3749	3754	3755	3759	7120	7194
2018-09-19 Wed	3700	3708	3710	3714	3720	3721	3722	3728	3732	3735	3749	3750	3751	3752	3753	3757	7189	7255
2018-09-20 Thu	3700	3708	3710	3711	3715	3721	3728	3730	3732	3733	3750	3752	3757	7047	7050	7139	7176	7198
2018-09-21 Fri	3700	3711	3713	3720	3721	3727	3728	3729	3732	3733	3749	3753	3754	3757	7041	7195
2018-09-22 Sat	3710	3722	3732	3733	3749	3752	3754	7031
2018-09-23 Sun	3712	3714	3732	3733	3750	3752	3753	3754
2018-09-24 Mon	3700	3701	3702	3713	3714	3715	3720	3721	3727	3728	3732	3750	3752	3755	7026
2018-09-25 Tue	3701	3710	3711	3713	3715	3727	3730	3731	3732	3735	3749	3750	3755	7057
2018-09-26 Wed	3712	3713	3714	3720	3727	3728	3729	3750	3751	3752	3753	3754	3755	3756	6949	7021
2018-09-27 Thu	3700	3702	3712	3721	3727	3731	3733	3734	3749	3750	3752	3755	3756	7139	7199
2018-09-28 Fri	3701	3708	3710	3713	3715	3720	3727	3729	3733	3734	3750	3752	3754	3756	3757	7170
2018-09-29 Sat	3701	3727	3730	3733	3735	3750	3756
2018-09-30 Sun	3700	3711	3720	3721	3734	3751	3752	3755
2018-10-01 Mon	3700	3708	3710	3712	3713	3715	3720	3722	3730	3734	3752	3755	3756	7147
2018-10-02 Tue	3701	3710	3711	3713	3720	3721	3727	3731	3734	3735	3750	3755	3756	3757	7168	7194
2018-10-03 Wed	3711	3713	3714	3715	3720	3722	3732	3749	3750	3752	3756	3757	7043	7139	7164
