2018-09-17 Mon	2649	2787	2798	2809	2810	7081	8282
2018-09-18 Tue	2614	2634	2683	2738	2739	2790	7029	7081	8259
2018-09-19 Wed	2649	2703	2708	2763	2798	7029	7093	8289
2018-09-20 Thu	2600	2634	2734	2776	2806	7088	7093	8261
2018-09-21 Fri	2642	2645	2690	2701	2739	2762	7088
2018-09-22 Sat	7088
2018-09-24 Mon	2649	7039	8265	8269	8273	8285	8299
2018-09-25 Tue	2787	7039	7069	8259	8260	8264	8268	8284	8298
2018-09-26 Wed	2736	7069	7085	8266	8284	8292	8293	8295	8296
2018-09-27 Thu	2702	7008	7085	8284	8289	8292	8294	8298
2018-09-28 Fri	2681	2794	7067	8259	8267	8289	8292
2018-09-29 Sat	7030	7065	7067	7070	7077	7111	7126
2018-09-30 Sun	7001	7039	7095	7100
2018-10-01 Mon	2735	2809	7039	7122	8266	8267	8279	8297
2018-10-02 Tue	2771	7069	7122	8259	8264	8268	8282	8294
2018-10-03 Wed	2705	7160	8260	8265	8280	8285	8297
