2018-09-17 Mon	6957	8102	8107	8117	8139	8142	8145	8295
2018-09-18 Tue	6921	6987	8105	8107	8109	8114	8117	8118	8119	8128	8130	8145	8147
2018-09-19 Wed	8100	8104	8105	8109	8126	8127	8129	8133	8135	8138	8144	8299
2018-09-20 Thu	6814	8108	8109	8117	8122	8125	8129	8131	8135	8136	8140	8149	8298
2018-09-21 Fri	6818	6885	8102	8103	8106	8110	8112	8127	8128	8136	8141	8295	8299
2018-09-24 Mon	8100	8103	8108	8109	8114	8115	8119	8128	8131	8134	8144	8147	8148	8149
2018-09-25 Tue	6884	8102	8104	8109	8122	8126	8129	8133	8137	8139	8144	8145	8147
2018-09-26 Wed	6981	8102	8103	8106	8110	8114	8116	8118	8123	8132	8135	8138	8139	8147
2018-09-27 Thu	8103	8106	8108	8110	8117	8124	8125	8128	8132	8135	8136	8138	8139	8141	8148
2018-09-28 Fri	8102	8104	8105	8118	8122	8123	8125	8126	8131	8134	8136	8140	8147	8149
2018-10-01 Mon	6830	8101	8103	8109	8110	8117	8128	8133	8138	8141	8145	8147	8148
2018-10-02 Tue	6855	8102	8108	8109	8112	8117	8118	8120	8131	8139	8144	8145	8148	8149
2018-10-03 Wed	8104	8106	8108	8109	8114	8115	8126	8141	8149
2018-10-04 Thu	6871	8101	8103	8105	8106	8109	8113	8130	8131	8133	8134	8139	8144	8145	8147
2018-10-05 Fri	8100	8105	8106	8110	8112	8120	8124	8129	8133	8136	8142	8145	8146
2018-10-08 Mon	8100	8103	8106	8108	8110	8118	8123	8124	8125	8126	8130	8136	8141	8147	8148
2018-10-09 Tue	8100	8101	8107	8108	8119	8120	8123	8127	8133	8134	8135	8140	8146
2018-10-10 Wed	8100	8101	8103	8106	8107	8110	8112	8113	8118	8127	8130	8132	8134	8135	8144	8147
2018-10-11 Thu	8100	8104	8107	8109	8113	8124	8127	8128	8135	8142	8145	8149
2018-10-12 Fri	8100	8102	8106	8107	8112	8114	8115	8116	8119	8135	8137	8140	8142	8149
2018-10-15 Mon	6864	8104	8115	8119	8125	8126	8131	8134	8137	8138	8140	8141	8142	8145
2018-10-16 Tue	6858	8105	8107	8112	8114	8115	8117	8120	8123	8124	8127	8131	8132	8133	8135	8138
2018-10-17 Wed	8104	8105	8106	8112	8119	8122	8123	8127	8133	8134	8137	8138	8149
2018-10-18 Thu	6892	6997	8104	8105	8106	8107	8108	8118	8120	8126	8130	8136	8149
2018-10-19 Fri	8100	8101	8103	8108	8115	8124	8125	8127	8128	8133	8134	8136	8138	8142
2018-10-22 Mon	6891	8101	8103	8104	8105	8108	8114	8115	8118	8124	8135	8139	8140	8142	8143	8146
2018-10-23 Tue	8105	8106	8109	8114	8115	8116	8118	8119	8128	8131	8132	8135	8138	8144	8145	8146
2018-10-24 Wed	8102	8104	8107	8117	8119	8120	8122	8124	8130	8131	8137	8138	8140	8141	8143	8145
2018-10-25 Thu	8104	8107	8113	8115	8117	8118	8122	8124	8125	8130	8133	8141	8144	8145	8148
2018-10-26 Fri	6891	8101	8102	8106	8111	8113	8117	8120	8125	8130	8133	8135	8139	8145	8146	8148
2018-10-29 Mon	8101	8107	8111	8112	8113	8118	8127	8128	8134	8135	8136	8143	8146	8149
