2018-09-17 Mon	2644	7065	7092
2018-09-18 Tue	2786	7008	7073	7097	7159
2018-09-19 Wed	7032	7066	7068	7098	7115	8269
2018-09-20 Thu	2703	7066	7076	7079	7115
2018-09-21 Fri	2776	7081	7091	7106	7115
2018-09-24 Mon	2628	2672	7039	7108
2018-09-25 Tue	2671	2689	7066	7075	7079	7087	7111
2018-09-26 Wed	2738	7001	7030	7036	7091	7159	8282
2018-09-27 Thu	2612	2630	7008	7085	7087	7094	7124
2018-09-28 Fri	2773	2776	7002	7038	7063	7074	7081
2018-10-01 Mon	2736	2776	7007	7065	7070	7093	7111
2018-10-02 Tue	2606	2649	2691	7030	7032	7063	7072	7115
2018-10-03 Wed	2631	2810	7065	7078
