2018-09-17 Mon	3316	3333	3485	3508	3586	7246
2018-09-18 Tue	3275	3316	3383	3486	3508	3514	3516	3530	7202	7215	7239	7240
2018-09-19 Wed	3220	3275	3383	3392	3516	3531	7215	7229	7240	7242
2018-09-20 Thu	3260	3275	3316	3333	3340	3392	3397	3530	3560	7244	7252
2018-09-21 Fri	3220	3340	3392	3397	3486	3508	3519	7225	7231	7239	7258
2018-09-24 Mon	2790	7070	7081	7094	7095
2018-09-25 Tue	2630	2668	2809	7030	7036	7069	7076	7086	7088	7105	7110	7114
2018-09-26 Wed	2604	2638	7030	7066	7070	7071	7073	7076	7086	7087	7105	7111	7115
2018-09-27 Thu	2761	2764	2810	7002	7006	7032	7069	7073	7099	7104	7111	7112	7115
2018-09-28 Fri	2638	2645	2673	2700	7006	7008	7032	7033	7064	7078	7106	7111
2018-10-01 Mon	2642	2668	2800	7067	7069	7074	7087	7094	7096	7103	7106	7126	7160
2018-10-02 Tue	2677	2799	7003	7064	7067	7077	7078	7084	7095	7096	7104	7118
2018-10-03 Wed	2629	2780	7001	7070	7090	7122	7159
