2018-09-17 Mon	7149	7163	8138	8299
2018-09-18 Tue	3751	7171	7173	7191	7194	7198	7255	8117	8131	8295
2018-09-19 Wed	3721	7046	7120	7162	7177	7187	7198	8140	8144	8149
2018-09-20 Thu	3712	7119	7155	7169	7173	7177	7182	8116	8132	8136
2018-09-21 Fri	3711	7050	7052	7148	7185	7194	7195	7198	8103	8112	8149
2018-09-24 Mon	3729	7009	7042	7043	7047	7153	7185	8117	8128	8144
2018-09-25 Tue	3753	7020	7026	7042	7049	7171	7185	7194	8106	8133	8146
2018-09-26 Wed	3752	7044	7046	7048	7109	7146	7162	7175	8104	8138	8148
2018-09-27 Thu	3731	7040	7053	7056	7141	7149	7169	7173	8115	8124	8145
2018-09-28 Fri	3714	7026	7056	7148	7166	7188	7194	8103	8133	8149
2018-10-01 Mon	3721	7053	7062	7149	7151	7172	7189	8116	8123	8128
2018-10-02 Tue	3752	7034	7040	7043	7062	7185	7188	8108	8122	8123
2018-10-03 Wed	3727	3730	7175	8138	8145
