2018-09-17 Mon	3720	3750	3757
2018-09-18 Tue	3714	3732	3751	3757
2018-09-19 Wed	3714	3715	3721	3730	3755
2018-09-20 Thu	3712	3714	3715	3735	3753
2018-09-21 Fri	3711	3715	3730	3735	3750	3751
2018-09-24 Mon	3701	3722	3729	3730	3733
2018-09-25 Tue	3720	3729	3733	3753	3757
2018-09-26 Wed	3710	3720	3729	3732	3752
2018-09-27 Thu	3710	3711	3722	3730	3731
2018-09-28 Fri	3714	3722	3753
2018-10-01 Mon	3702	3721	3722	3733	3749
2018-10-02 Tue	3702	3732	3751	3752
2018-10-03 Wed	3730	3735	3753
2018-10-04 Thu	3701	3711	3751	3753	3757
2018-10-05 Fri	3710	3711	3730	3753	3755
2018-10-08 Mon	3711	3721	3730	3735	3752
2018-10-09 Tue	3712	3730	3735	3752	3753
2018-10-10 Wed	3712	3715	3729	3730	3755
2018-10-11 Thu	3711	3727	3730	3755
2018-10-12 Fri	3701	3702	3709	3710	3711
2018-10-15 Mon	3701	3711	3733	3749	3757
2018-10-16 Tue	3722	3731	3733	3750	3751
2018-10-17 Wed	3701	3709	3735	3751	3753
2018-10-18 Thu	3709	3731	3733	3735	3755
2018-10-19 Fri	3714	3721	3728	3730	3755
2018-10-22 Mon	3710	3722	3730	3731	3752
2018-10-23 Tue	3710	3711	3729	3750	3751
2018-10-24 Wed	3730	3733	3751	3752
2018-10-25 Thu	3728	3733	3751	3752	3757
2018-10-26 Fri	3701	3728	3730	3752
2018-10-29 Mon	3701	3732	3735	3753	3755
