2018-09-17 Mon	4330	4339	4366	4373	4383	4408
2018-09-18 Tue	4305	4308	4356	4361	4364	4373	4377	4380	4381	4386	4404
2018-09-19 Wed	4303	4325	4334	4347	4351	4352	4364	4366	4373	4396	4402
2018-09-20 Thu	4308	4321	4349	4356	4357	4374	4375	4394	4408	4409
2018-09-21 Fri	4317	4329	4356	4360	4362	4367	4390	4408	4409
2018-09-24 Mon	4310	4311	4347	4371	4380	4390
2018-09-25 Tue	4301	4304	4305	4308	4321	4353	4361	4377	4394	4404
2018-09-26 Wed	4323	4325	4327	4334	4347	4367	4372	4384	4388	4409
2018-09-27 Thu	4303	4305	4316	4330	4332	4356	4366	4367	4372	4389
2018-09-28 Fri	4302	4309	4330	4341	4342	4348	4366	4368	4401	4403
2018-09-29 Sat	3601	3628	3699	7114	7136
2018-09-30 Sun	3640	7136
2018-10-01 Mon	4303	4305	4308	4338	4376	4386	4391	4392	4403	4406
2018-10-02 Tue	4310	4316	4323	4333	4347	4365	4374	4375	4382	4383
2018-10-03 Wed	4323	4324	4353	4363	4366	4370	4398
2018-10-04 Thu	4330	4332	4339	4344	4349	4359	4360	4373	4379	4384
2018-10-05 Fri	4301	4319	4331	4344	4348	4351	4352	4367	4368
2018-10-06 Sat	3636	7017	7069	7122
2018-10-07 Sun	3640	7107
2018-10-08 Mon	4315	4320	4332	4359	4362	4379	4387	4388	4400
2018-10-09 Tue	4319	4331	4333	4337	4339	4344	4348	4349	4375	4387	4389
2018-10-10 Wed	4326	4327	4328	4339	4369	4377	4390	4394	4396	4397
2018-10-11 Thu	4301	4314	4339	4353	4368	4381	4386	4397	4399	4406
2018-10-12 Fri	4308	4311	4315	4347	4358	4359	4373	4374	4389	4393
2018-10-13 Sat	3646	3650	3656	7019	7035
2018-10-14 Sun	3601	7035	7072	7127
2018-10-15 Mon	4302	4308	4311	4319	4345	4348	4364	4374	4381	4383
2018-10-16 Tue	4302	4328	4337	4345	4346	4357	4374	4375	4400	4402
2018-10-17 Wed	4308	4311	4315	4328	4333	4348	4372	4376	4385	4397
2018-10-18 Thu	4314	4317	4330	4337	4344	4346	4359	4366	4381	4403
2018-10-19 Fri	4303	4333	4356	4358	4365	4374	4375	4385	4397	4402
2018-10-20 Sat	3600	3621	3636	3650
2018-10-21 Sun	3636	7108	7158
2018-10-22 Mon	4306	4308	4315	4320	4361	4372	4383	4385	4401	4409
2018-10-23 Tue	4334	4351	4356	4357	4364	4387	4391	4399	4406	4408
2018-10-24 Wed	4317	4320	4330	4346	4355	4392	4401	4406	4408
2018-10-25 Thu	4301	4302	4304	4328	4339	4344	4363	4373	4394	4403
2018-10-26 Fri	4302	4314	4327	4329	4331	4372	4381	4383	4387	4404
2018-10-27 Sat	3632	3652	7018	7025
2018-10-28 Sun	3634	7018
2018-10-29 Mon	4303	4307	4309	4319	4326	4342	4374	4377	4380	4393
2018-10-30 Tue	4329	4337	4339	4342	4343	4350	4355	4364	4383	4399	4400
2018-10-31 Wed	4308	4332	4343	4344	4345	4386	4390	4392	4396
2018-11-01 Thu	4312	4315	4321	4334	4344	4355	4357	4362	4379	4404
2018-11-02 Fri	4315	4318	4320	4344	4345	4379	4383	4388	4389	4396
2018-11-03 Sat	3600	3634	3646	7066	7085	7129
2018-11-04 Sun	7065	7102
2018-11-05 Mon	4304	4308	4317	4326	4333	4363	4365	4368	4389	4408
2018-11-06 Tue	4322	4326	4359	4371	4372	4373	4376	4392	4395	4404
2018-11-07 Wed	4305	4320	4325	4350	4351	4353	4355	4381	4395	4402
2018-11-08 Thu	4316	4318	4345	4355	4358	4360	4367	4368	4379	4396
2018-11-09 Fri	4309	4317	4360	4370	4371	4377	4382	4401	4407
2018-11-10 Sat	3642	7007	7023	7075	7160
2018-11-11 Sun	3628	7120	7121
2018-11-12 Mon	4301	4303	4314	4317	4381	4386	4389	4391	4403	4407
2018-11-13 Tue	4317	4325	4333	4334	4348	4350	4371	4372	4378	4408
2018-11-14 Wed	4303	4327	4345	4351	4367	4374	4389	4394	4406
2018-11-15 Thu	4300	4307	4320	4325	4339	4358	4365	4369	4385	4408
2018-11-16 Fri	4304	4310	4327	4344	4349	4351	4358	4381	4388	4402
2018-11-17 Sat	3644	3647	3698	7114
2018-11-18 Sun	3699	7035
2018-11-19 Mon	4303	4320	4323	4345	4346	4348	4367	4369	4386	4389
2018-11-20 Tue	4302	4329	4344	4346	4355	4374	4378	4381	4387	4405
2018-11-21 Wed	4339	4349	4354	4368	4370	4391	4406	4408
2018-11-22 Thu	4345	4400
2018-11-23 Fri	4300	4332	4333	4351	4353	4362	4373	4383	4403
2018-11-24 Sat	3637	7012	7100	7127	7135	7158
2018-11-25 Sun	7084	7129
2018-11-26 Mon	4309	4329	4330	4350	4379	4386	4394	4400	4403	4404
2018-11-27 Tue	4308	4320	4323	4332	4356	4358	4384	4395	4396	4400
2018-11-28 Wed	4301	4304	4319	4324	4327	4349	4398	4400	4406	4407
2018-11-29 Thu	4301	4304	4332	4333	4348	4361	4370	4371	4397
2018-11-30 Fri	4308	4325	4327	4347	4355	4367	4368	4380	4392	4401
2018-12-01 Sat	7019	7025	7070	7074
2018-12-02 Sun	3634	3651
2018-12-03 Mon	4314	4337	4338	4344	4354	4368	4378	4390	4399	4407
2018-12-04 Tue	4313	4331	4336	4339	4350	4355	4368	4378	4382	4396
2018-12-05 Wed	4300	4304	4319	4326	4366	4374	4378	4379	4405
2018-12-06 Thu	4306	4307	4322	4330	4345	4349	4351	4383	4396	4406
2018-12-07 Fri	4312	4319	4326	4332	4355	4376	4380	4384	4405	4409
2018-12-08 Sat	4338	4349	4369	4399
2018-12-09 Sun	4336	4392
2018-12-10 Mon	4300	4334	4360	4362	4365	4369	4371	4376	4377	4407
2018-12-11 Tue	4313	4325	4330	4334	4339	4353	4371	4379	4382	4386
2018-12-12 Wed	4324	4325	4326	4353	4363	4374	4380	4392	4403	4406
2018-12-13 Thu	4323	4326	4347	4362	4372	4377	4379	4384	4394	4409
2018-12-14 Fri	4304	4310	4323	4325	4345	4365	4394	4400	4402	4404
2018-12-15 Sat	4327	4348	4358	4385
2018-12-16 Sun	4331	4394
2018-12-17 Mon	4300	4304	4306	4330	4372	4377	4382	4387	4393	4405
2018-12-18 Tue	4304	4315	4322	4325	4355	4360	4366	4375	4395	4400
2018-12-19 Wed	4304	4310	4315	4325	4344	4346	4351	4358	4382	4406
2018-12-20 Thu	4300	4318	4328	4342	4358	4382	4395	4396	4400	4406
2018-12-21 Fri	4305	4332	4339	4359	4361	4368	4381	4383	4402	4404
2018-12-22 Sat	4300	4323	4326	4348
2018-12-23 Sun	4380	4391	4398
2018-12-24 Mon	4304	4316	4337	4339	4346	4370	4373	4378	4379	4391	4393
2018-12-25 Tue	4387	4397
2018-12-26 Wed	4300	4309	4315	4336	4363	4366	4386	4387	4393
2018-12-27 Thu	4302	4307	4320	4324	4375	4377	4378	4384	4404	4408
2018-12-28 Fri	4300	4306	4322	4358	4361	4362	4372	4373	4393	4394
2018-12-29 Sat	4358	4372	4373	4375
2018-12-30 Sun	4309	4322
2018-12-31 Mon	4316	4327	4340	4357	4359	4361	4363	4377	4397	4401
2019-01-01 Tue	4357	4375
2019-01-02 Wed	4307	4313	4332	4340	4342	4348	4353	4362	4373	4401
2019-01-03 Thu	4322	4327	4334	4337	4354	4358	4361	4370	4377	4395	4404
2019-01-04 Fri	4309	4318	4321	4329	4345	4351	4353	4365	4372	4395
2019-01-05 Sat	3623	3624	3642	7160
2019-01-06 Sun	3631	3636	3650
2019-01-07 Mon	4315	4329	4331	4340	4355	4373	4375	4394	4395	4399
2019-01-08 Tue	4322	4344	4364	4366	4371	4380	4396	4403
2019-01-09 Wed	4307	4322	4337	4347	4349	4360	4367	4372	4396	4405
2019-01-10 Thu	4331	4335	4341	4342	4343	4359	4384	4396	4397	4403
2019-01-11 Fri	4309	4316	4341	4350	4359	4375	4395	4397	4401	4408
2019-01-12 Sat	3600	3602	3624	3655
2019-01-13 Sun	3634	3652
2019-01-14 Mon	4300	4319	4327	4346	4351	4354	4359	4371	4379	4392
