2018-09-17 Mon	2607	2608	2609	2624	2625	2653	2667	2688	2704	2712	2714	2717	2718	2725	2748	2749	2784	2792	2793	2803	2808	2812
2018-09-18 Tue	2605	2607	2608	2609	2610	2624	2625	2626	2636	2653	2667	2688	2693	2704	2712	2714	2717	2718	2719	2723	2725	2749	2784	2792	2793	2808	2811	2812
2018-09-19 Wed	2605	2607	2609	2610	2624	2625	2626	2636	2667	2688	2693	2696	2712	2714	2717	2718	2719	2723	2725	2734	2748	2749	2784	2792	2793	2811	2812
2018-09-20 Thu	2605	2607	2608	2610	2624	2625	2653	2667	2680	2688	2693	2696	2714	2717	2718	2723	2725	2748	2749	2784	2792	2793	2803	2808	2811	2812
2018-09-21 Fri	2605	2607	2608	2609	2624	2625	2626	2636	2653	2667	2680	2688	2693	2696	2704	2712	2714	2717	2718	2723	2748	2749	2784	2793	2808	2811	2812
2018-09-24 Mon	2605	2608	2610	2624	2625	2653	2667	2688	2693	2708	2709	2710	2711	2714	2717	2721	2723	2747	2784	2792	2793	2811	2812
2018-09-25 Tue	2605	2607	2608	2610	2624	2653	2667	2680	2688	2693	2695	2696	2708	2709	2710	2711	2712	2714	2715	2717	2718	2720	2721	2723	2728	2747	2748	2749	2784	2792	2803	2812
2018-09-26 Wed	2605	2607	2608	2610	2624	2625	2636	2653	2667	2688	2693	2695	2696	2708	2709	2710	2711	2712	2714	2715	2717	2720	2721	2723	2728	2747	2748	2749	2784	2792	2812
2018-09-27 Thu	2607	2608	2610	2624	2625	2626	2636	2653	2667	2680	2688	2693	2695	2696	2709	2710	2711	2712	2714	2715	2717	2720	2721	2723	2725	2746	2749	2784	2792	2793	2811	2812
2018-09-28 Fri	2607	2610	2624	2626	2653	2680	2688	2693	2695	2696	2708	2709	2710	2711	2712	2714	2715	2717	2718	2721	2723	2746	2747	2748	2784	2792	2793	2803	2808
2018-09-29 Sat	2604	2607	2680	2688	2693	2695	2707	2728	2763	2793	2808	2811
2018-09-30 Sun	2607	2626	2629	2636	2688	2710	2736	2803
2018-10-01 Mon	2607	2609	2610	2624	2625	2636	2653	2667	2680	2688	2693	2695	2708	2709	2710	2711	2712	2715	2717	2720	2721	2747	2749	2784	2792	2793	2803	2808	2811	2812
2018-10-02 Tue	2607	2609	2610	2625	2626	2636	2653	2680	2688	2693	2695	2708	2710	2711	2712	2715	2719	2720	2721	2723	2728	2747	2748	2749	2784	2792	2793	2803	2808	2812
2018-10-03 Wed	2607	2609	2610	2626	2653	2667	2680	2688	2693	2695	2696	2704	2708	2711	2715	2718	2719	2721	2728	2746	2747	2748	2749	2784	2792	2793	2812
