2018-09-17 Mon	3648	3650	3698	3699	7016	7019	7023	7100	8026	8057	8208	8215
2018-09-18 Tue	3602	3621	3648	3655	3698	3699	7017	7019	7027	7131	7132	7133	7135	8001	8008	8061	8068	8204	8208	8218	8229	8230	8246
2018-09-19 Wed	3622	3633	3641	3647	3652	3654	3698	7023	7113	7125	7130	7133	7161	8012	8018	8041	8050	8211	8224	8229	8247
2018-09-20 Thu	3600	3622	3628	3635	3636	3649	7018	7027	7112	7131	7132	7135	7136	8001	8041	8057	8063	8212	8217	8224	8227	8253	8258
2018-09-21 Fri	3603	3628	3633	3649	3650	7012	7027	7102	7103	7125	7131	7135	8038	8041	8055	8062	8065	8066	8075	8213	8219	8231	8236
2018-09-24 Mon	3624	3644	3646	3653	7027	7128	7129	7130	7133	8072	8223	8224	8238
2018-09-25 Tue	3602	3640	3644	3653	3655	3656	7016	7027	7101	7102	7113	7135	7137	8003	8012	8016	8040	8056	8224	8225	8246	8250
2018-09-26 Wed	3601	3626	3627	3633	3637	3640	3654	7012	7027	7028	7101	7133	8003	8016	8033	8047	8072	8081	8216	8226	8241	8244
2018-09-27 Thu	3603	3623	3624	3634	3636	3641	7018	7019	7125	7129	7131	7134	8014	8021	8032	8042	8072	8075	8202	8205	8231	8242
2018-09-28 Fri	3621	3623	3643	3645	3655	3697	7012	7128	7132	7134	7137	8023	8037	8041	8060	8062	8240	8250
2018-10-01 Mon	3621	3623	3624	3639	3641	3643	3655	3656	3699	7017	7101	7102	7113	7136	8024	8045	8074	8201	8209	8240	8241	8249	8250
2018-10-02 Tue	3600	3601	3624	3625	3633	3642	3643	3653	3697	7018	7113	7131	8009	8016	8025	8062	8207	8221	8227	8239	8248
2018-10-03 Wed	3604	3622	3641	3650	3651	3652	3656	3697	7018	7133	8007	8025	8049	8068	8084	8240
2018-10-04 Thu	3622	3623	3635	3638	3641	3646	3651	7028	7101	7136	7137	8001	8004	8037	8045	8049	8053	8058	8207	8208	8236
2018-10-05 Fri	3601	3625	3626	3633	3644	3656	7016	7018	7028	7101	7129	7135	7136	8009	8029	8040	8083	8218	8224	8226	8235	8236	8243
2018-10-08 Mon	3600	3627	3631	3633	3634	3635	3649	3652	7025	7028	7130	7132	7135	8020	8023	8039	8056	8208	8222	8223	8235	8248
2018-10-09 Tue	3602	3604	3627	3640	3643	3646	3652	3656	7017	7101	7116	7127	7130	7134	8025	8028	8043	8048	8071	8204	8215	8221	8249
2018-10-10 Wed	3601	3603	3624	3626	3644	3655	3656	3699	7016	7025	7127	7136	7161	8010	8051	8075	8084	8204	8221	8231	8239
2018-10-11 Thu	3604	3622	3632	3633	3635	3638	3640	3655	7101	7129	7131	7133	8026	8028	8074	8079	8210	8217	8226	8238
2018-10-12 Fri	3623	3627	3631	3648	3649	3653	3656	3699	7016	7018	7113	7128	7132	7161	8003	8023	8026	8035	8202	8238	8241	8252
2018-10-15 Mon	3604	3631	3642	3645	3651	3654	7018	7027	7028	7101	7113	7129	7133	8035	8084	8204	8214	8223	8224	8230	8235
2018-10-16 Tue	3621	3622	3627	3635	3636	3639	3646	3651	3653	3698	7018	7127	7128	7134	8038	8070	8071	8078	8080	8212	8234	8252
2018-10-17 Wed	3602	3604	3639	3641	3645	3652	3654	3656	3698	7016	7019	7027	7102	7129	7134	8032	8056	8063	8075	8220	8221	8227	8234
2018-10-18 Thu	3625	3642	3643	3646	3648	3652	3653	3699	7016	7025	7102	7128	7130	8001	8002	8014	8022	8028	8084	8200	8209
2018-10-19 Fri	3627	3631	3635	3639	3640	3652	3655	3656	7017	7025	7129	7130	7131	8004	8029	8058	8073	8220	8221	8231	8239	8246
2018-10-22 Mon	3631	3632	3637	3639	3646	3648	3649	7017	7102	7113	7125	7128	7131	8005	8077	8202	8227	8244	8246	8248	8250
2018-10-23 Tue	3602	3626	3636	3638	3647	3653	3698	7025	7101	7128	7130	7131	7134	7136	8008	8036	8073	8079	8222	8234	8243	8253
2018-10-24 Wed	3602	3621	3631	3635	3653	3656	7018	7025	7027	7113	7127	7136	8009	8010	8048	8066	8076	8079	8211	8253
2018-10-25 Thu	3621	3622	3625	3631	3636	3638	3643	3698	7016	7028	7102	7125	7131	7136	8009	8017	8039	8042	8219	8227	8244	8253
2018-10-26 Fri	3639	3641	3643	3648	3651	3653	3654	3698	3699	7101	7116	7125	7132	7133	8044	8054	8071	8082	8201	8205	8230	8243
2018-10-29 Mon	3602	3621	3623	3635	3639	3646	3648	3652	7016	7102	7116	7125	7128	7131	8007	8034	8036	8065	8079	8081	8202	8230	8239
2018-10-30 Tue	3603	3634	3640	3641	3651	3652	3656	7016	7101	7102	7113	7131	8006	8007	8052	8054	8057	8216	8217	8225	8233
2018-10-31 Wed	3628	3634	3644	3651	3652	3654	3698	7012	7101	7102	7116	7131	7134	8012	8016	8036	8042	8050	8054	8215	8225	8240
2018-11-01 Thu	3627	3628	3636	3641	3643	3645	3650	3653	7012	7018	7023	7102	7134	8019	8062	8063	8065	8068	8079	8082	8207	8211
2018-11-02 Fri	3621	3633	3635	3636	3645	3648	3698	7018	7019	7113	7128	7131	7132	7136	8002	8010	8047	8072	8077	8208	8213	8224
2018-11-05 Mon	3623	3627	3632	3633	3639	3642	3644	3645	3651	3652	7018	7019	7023	7102	7113	7127	8019	8074	8084	8204	8213	8224
2018-11-06 Tue	3600	3622	3623	3640	3642	3646	3653	3698	7012	7016	7019	7028	7101	7113	7131	7137	8007	8008	8043	8067	8208	8232
2018-11-07 Wed	3604	3631	3632	3635	3645	3647	3648	3650	3654	3655	7012	7019	7027	7101	7102	7128	7136	8001	8070	8210	8223	8230
2018-11-08 Thu	3603	3621	3626	3627	3632	3633	3636	3644	3656	7016	7102	7127	7129	7131	7136	8012	8057	8069	8217	8248
2018-11-09 Fri	3602	3626	3637	3639	3640	3647	3648	3650	3652	3655	3656	7017	7027	7102	7133	7134	8006	8058	8215	8238	8241	8256
2018-11-12 Mon	3601	3634	3635	3636	3637	3646	3651	3653	3654	7016	7018	7023	7133	7137	8013	8042	8067	8079	8229
2018-11-13 Tue	3604	3623	3627	3628	3635	3640	3642	3647	3649	3652	3653	7012	7025	7027	7028	7113	7125	8049	8201	8215	8223	8235	8239
2018-11-14 Wed	3601	3604	3625	3631	3632	3634	3644	3648	3656	3698	3699	7018	7101	7129	7131	7132	7133	8013	8044	8056	8227	8240	8249
2018-11-15 Thu	3601	3625	3627	3633	3636	3637	3649	3651	3654	3655	3699	7025	7027	7028	7135	7136	8013	8039	8054	8056	8069	8072
2018-11-16 Fri	3623	3625	3634	3645	3648	3651	3652	3656	3698	3699	7018	7027	7129	7132	7133	7135	7136	8009	8039	8044	8054	8071	8253
2018-11-19 Mon	3603	3604	3623	3628	3643	3644	3645	3647	3650	3653	3656	7016	7101	7102	7130	7131	8000	8024	8044	8047	8065	8252
2018-11-20 Tue	3604	3623	3633	3635	3640	3641	3642	3645	3646	3648	3651	3699	7017	7125	7128	7132	7135	8003	8019	8067	8080	8210	8214
2018-11-21 Wed	3623	3627	3628	3631	3640	3646	3650	3652	3699	7012	7016	7027	7125	7128	7134	8047	8054	8076	8220	8227	8258
2018-11-23 Fri	3622	3623	3634	3635	3637	3650	3652	3653	7019	7129	7130	7133	7136	8034	8073	8204	8225	8245
2018-11-26 Mon	3601	3604	3621	3625	3628	3636	3641	3652	3653	7028	7101	7116	7125	7127	7135	8031	8072	8084	8232	8238	8246
2018-11-27 Tue	3600	3621	3625	3628	3633	3640	3643	3644	3650	3699	7018	7023	7127	7131	7136	8048	8056	8213	8232	8238	8250
2018-11-28 Wed	3601	3604	3624	3627	3640	3643	3644	3646	3647	3648	3650	3654	7028	7101	7129	7133	8040	8065	8076	8227	8250	8254
2018-11-29 Thu	3623	3624	3633	3637	3648	3650	3651	3653	3656	3698	7017	7025	7027	7129	7130	7134	7135	8025	8035	8205	8211	8228	8245
2018-11-30 Fri	3601	3603	3621	3622	3625	3639	3641	3642	3645	3656	7012	7016	7018	7113	7125	7135	8029	8058	8074	8084	8207
2018-12-03 Mon	3600	3601	3602	3603	3622	3628	3640	3644	3648	3649	7028	7101	7102	7113	7125	8031	8048	8072	8083	8216	8227
2018-12-04 Tue	3602	3604	3621	3622	3623	3636	3640	3648	3651	3654	7012	7017	7028	7101	7130	7137	8008	8022	8066	8223	8235	8247
2018-12-05 Wed	3600	3631	3632	3637	3639	3641	3642	3652	3656	3698	7102	7116	7125	7130	7131	8005	8014	8055	8077	8224	8226
2018-12-06 Thu	3601	3624	3636	3645	3646	3647	3648	3655	3656	7016	7019	7025	7128	7131	8020	8028	8075	8080	8211	8221
2018-12-07 Fri	3600	3622	3623	3636	3637	3647	3648	3651	3652	3654	7025	7027	7102	7116	7127	7130	7131	8000	8020	8075	8210	8215	8239
2018-12-10 Mon	3600	3601	3622	3623	3634	3640	3648	3649	3654	3655	7012	7017	7028	7127	7137	8027	8034	8208	8213	8215	8227
2018-12-11 Tue	3623	3628	3637	3644	3649	3652	3653	3654	3698	7012	7016	7018	7131	7137	8000	8001	8029	8072	8235	8239
2018-12-12 Wed	3603	3621	3624	3631	3632	3647	3648	3649	3654	3698	7027	7113	7125	7127	7130	7131	8068	8078	8209	8232	8252	8258
2018-12-13 Thu	3603	3624	3631	3633	3635	3637	3638	3642	3650	3698	7019	7028	7101	7102	7125	7127	8023	8024	8028	8046	8217	8221
2018-12-14 Fri	3602	3624	3627	3631	3632	3636	3642	3647	3652	3654	7012	7023	7101	7127	7128	7130	7132	8008	8016	8039	8063	8215	8216	8236
2018-12-17 Mon	3600	3603	3624	3627	3633	3638	3641	3642	3648	3656	3698	7016	7023	7127	7131	7132	8016	8017	8046	8048	8062	8254
2018-12-18 Tue	3602	3622	3624	3625	3632	3633	3634	3638	3641	3650	3656	7019	7025	7127	7128	7130	7132	8014	8033	8075	8076	8205	8251
2018-12-19 Wed	3603	3636	3639	3642	3645	3647	3648	3652	3654	7023	7028	7125	7127	7128	8034	8231	8241	8244	8249	8252
2018-12-20 Thu	3600	3625	3627	3631	3638	3640	3642	3651	3656	3698	7016	7018	7019	7130	7132	7137	8047	8062	8220	8221	8236	8243	8248
2018-12-21 Fri	3603	3634	3635	3636	3637	3640	3645	3654	3656	3698	7012	7016	7018	7101	7127	7133	8008	8048	8052	8079	8216	8219
2018-12-24 Mon	3625	3627	3631	3637	3638	3640	3647	3656	7012	7019	7025	7131	7134	7136	8004	8014	8066	8071	8212
2018-12-26 Wed	3603	3623	3631	3637	3641	3643	3645	3647	3654	7012	7018	7025	7027	7028	7133	8032	8064	8201	8217
2018-12-27 Thu	3602	3603	3623	3624	3631	3637	3643	3652	3655	7012	7025	7102	7131	7136	8022	8027	8075	8220	8228
2018-12-28 Fri	3602	3622	3627	3636	3640	3641	3649	3650	7016	7102	7136	8018	8022	8054	8216	8244
2018-12-31 Mon	3602	3604	3632	3640	3643	3649	3655	3699	7012	7017	7023	7128	7131	8027	8034	8205	8230	8233
2019-01-02 Wed	3604	3623	3624	3637	3638	3639	3647	3650	3656	3698	7017	7018	7027	7101	7129	7132	8002	8016	8035	8216	8229	8230
2019-01-03 Thu	3601	3604	3623	3637	3640	3643	3646	3648	3655	3699	7016	7027	7113	7127	7128	7134	8000	8024	8029	8037	8064	8210
2019-01-04 Fri	3600	3601	3622	3632	3634	3635	3639	3642	3648	3652	3655	7016	7116	7125	7133	8014	8022	8032	8038	8203	8248
2019-01-07 Mon	3602	3604	3622	3627	3628	3632	3638	3643	3652	3699	7101	7125	7127	7132	7134	8006	8015	8016	8230	8252
2019-01-08 Tue	3601	3602	3623	3625	3626	3628	3637	3648	3653	7016	7017	7018	7019	7136	8021	8033	8074	8078	8218	8290
2019-01-09 Wed	3601	3621	3627	3633	3639	3640	3642	3645	3653	3656	7019	7023	7127	7135	7136	7137	8006	8024	8036	8050	8065	8068
2019-01-10 Thu	3600	3601	3602	3624	3626	3627	3632	3633	3634	3653	3656	7023	7113	7128	7136	8071	8076	8080	8242	8249	8258
2019-01-11 Fri	3601	3633	3634	3639	3642	3646	3648	3653	3654	3656	3698	7016	7017	7028	7128	7133	8021	8025	8060	8062	8200
2019-01-14 Mon	3601	3602	3623	3625	3634	3637	3641	3643	3644	3645	7018	7027	7102	7128	7131	8007	8015	8017	8044	8235	8291
