2018-09-17 Mon	3635	3698	7100	7133	8055	8208
2018-09-18 Tue	3636	3655	3699	7101	7102	7131	7132	8204	8206	8214	8229	8246	8250
2018-09-19 Wed	3622	3648	3698	7023	7025	7104	7161	8016	8018	8038	8041	8225	8229	8257
2018-09-20 Thu	3600	3648	7100	7104	7131	7132	7136	8057	8060	8061	8063	8213	8225	8258
2018-09-21 Fri	3628	3650	3655	7012	7027	7129	7161	8013	8031	8062	8070	8231	8236	8239
2018-09-24 Mon	3640	3646	3656	7027	8068	8224
2018-09-25 Tue	3633	3648	3653	7016	7132	8003	8008	8012	8023	8027	8058	8203
2018-09-26 Wed	3623	3627	3643	3652	7129	8001	8021	8025	8047	8053	8218	8241
2018-09-27 Thu	3621	3624	3637	7019	7102	8004	8005	8062	8075	8215	8231	8251
2018-09-28 Fri	3633	3640	3697	7012	7128	8034	8045	8062	8202	8212
2018-10-01 Mon	3621	3641	3654	7101	7113	7133	8022	8057	8059	8248	8249	8250
2018-10-02 Tue	3624	3631	3636	3652	3653	3654	7132	8006	8036	8047	8062	8221
2018-10-03 Wed	3622	3626	3641	3646	8212	8240
2018-10-04 Thu	3600	3623	3624	7137	8012	8031	8037	8053	8063	8074	8214	8219
2018-10-05 Fri	3601	3648	3651	3655	7132	8009	8017	8052	8071	8237	8243	8247
2018-10-08 Mon	3626	3631	3633	3655	7025	8039	8055	8062	8201	8205	8208	8213
2018-10-09 Tue	3624	3643	3646	3650	7130	8002	8049	8050	8059	8071	8211	8221
2018-10-10 Wed	3635	3645	3699	7025	7101	7131	8051	8055	8072	8231	8240	8242
2018-10-11 Thu	3604	3637	3650	7012	7101	8026	8064	8076	8213	8226	8244
2018-10-12 Fri	3631	3640	3653	7113	7128	8072	8076	8084	8207	8225	8241	8252
2018-10-15 Mon	3624	3642	3655	7028	7136	8038	8076	8084	8215	8228	8230	8245
2018-10-16 Tue	3621	3633	3645	3646	7131	8038	8074	8077	8078	8209	8223	8246
2018-10-17 Wed	3604	3621	3625	7102	7127	8000	8029	8032	8047	8224	8227	8234
2018-10-18 Thu	3640	3655	3699	7016	7129	8013	8047	8051	8084	8209	8215	8239
2018-10-19 Fri	3635	3655	3698	7017	7130	8004	8005	8036	8075	8213	8217	8220
2018-10-22 Mon	3632	3639	3649	7017	8029	8059	8077	8202	8219	8229	8231
2018-10-23 Tue	3604	3636	3655	7101	7131	8025	8073	8075	8221	8229	8253	8254
2018-10-24 Wed	3647	3650	3654	7101	7113	8011	8066	8074	8076	8203	8214
2018-10-25 Thu	3622	3634	3638	7016	7113	8005	8007	8009	8042	8068	8205	8223
2018-10-26 Fri	3625	3653	3656	7132	7134	8007	8020	8023	8071	8078	8230	8244
2018-10-29 Mon	3604	3636	3646	3699	7012	7116	8074	8081	8082	8209	8221	8239
2018-10-30 Tue	3603	3644	3651	7016	7018	8031	8050	8057	8074	8209	8222	8225
2018-10-31 Wed	3626	3645	3652	7116	7127	8010	8016	8031	8065	8212	8215	8245
2018-11-01 Thu	3636	3641	3650	3652	7113	8000	8019	8039	8049	8062	8079	8207
2018-11-02 Fri	3625	3633	3645	7127	7131	8002	8010	8053	8074	8082	8218	8257
2018-11-05 Mon	3625	3627	3639	3650	3652	3655	7018	7133	8000	8013	8204	8244
2018-11-06 Tue	3600	3621	3640	3654	3656	7019	7025	8008	8019	8029	8221
2018-11-07 Wed	3602	3633	3640	3645	3647	3650	7012	7131	8001	8015	8211	8221
2018-11-08 Thu	3603	3625	3631	3644	3648	3650	7136	8012	8036	8233	8238
2018-11-09 Fri	3621	3628	3634	3636	3647	3655	7017	7132	8006	8035	8217	8234
2018-11-12 Mon	3602	3626	3634	3636	3647	3655	7023	7025	8015	8241
2018-11-13 Tue	3604	3627	3635	3642	3648	3653	7125	7136	8036	8070	8071	8215
2018-11-14 Wed	3602	3603	3625	3632	3644	3698	7028	7129	8005	8211	8212	8240
2018-11-15 Thu	3631	3633	3637	3639	7018	7028	7131	8003	8007	8056	8064
2018-11-16 Fri	3600	3626	3634	3639	3649	7028	7135	7136	8005	8222	8249	8253
2018-11-19 Mon	3623	3639	3646	3650	3651	3652	7016	7131	8038	8044	8049	8257
2018-11-20 Tue	3604	3623	3639	3642	3649	3653	7027	7128	8049	8067	8073	8202
2018-11-21 Wed	3623	3625	3627	3646	3647	3699	7125	7128	8000	8226	8227	8254
