2018-09-17 Mon	7016	7019	8208
2018-09-18 Tue	7017	7027	7131	7132	7133	8008	8218	8230	8246
2018-09-19 Wed	7023	7113	7125	7130	7161	8041	8211	8224	8247
2018-09-20 Thu	7018	7027	7132	7135	7136	8001	8063	8212	8253
2018-09-21 Fri	7012	7027	7102	7103	7131	8038	8055	8213	8236
2018-09-24 Mon	3628	7027	7129	7133	8072
2018-09-25 Tue	3624	7016	7027	7102	7135	8006	8016	8246
2018-09-26 Wed	3699	7012	7027	7101	7133	8016	8059	8072	8226
2018-09-27 Thu	7019	7025	7125	7129	7131	8032	8072	8226	8242
2018-09-28 Fri	7012	7127	7128	7132	8081	8226
2018-10-01 Mon	3656	7016	7101	7102	7136	8020	8045	8074	8240
2018-10-02 Tue	3601	7017	7018	7131	7136	8001	8009	8016	8239
2018-10-03 Wed	3641	3651	7018	7101	8068
