2018-09-17 Mon	2630	2689	3624	3636	7012	7101	7103	7116	8006	8012	8041	8046	8061	8063	8077	8204	8213	8214	8219	8223	8237
2018-09-18 Tue	2689	2736	2800	3601	3626	3654	7016	7025	7028	7104	7113	7135	7136	8002	8035	8043	8053	8057	8059	8060	8063	8073	8080	8207	8210	8244	8250	8252	8257
2018-09-19 Wed	2800	2802	2810	3601	3631	3654	7016	7017	7025	7028	7100	7113	7133	8015	8023	8031	8038	8059	8063	8075	8078	8200	8210	8212	8213	8214	8218	8236	8237	8240	8248	8253
2018-09-20 Thu	2649	2738	2810	3641	3699	7017	7028	7102	7103	7112	7130	7133	7134	8004	8020	8024	8025	8026	8044	8052	8058	8063	8203	8205	8213	8219	8227	8241	8247	8253	8257
2018-09-21 Fri	2630	2649	3647	3654	7016	7017	7103	7113	7127	7128	7134	7135	8002	8007	8016	8021	8026	8027	8045	8055	8056	8077	8083	8204	8209	8227	8229	8239	8247	8291
2018-09-22 Sat	2630
2018-09-24 Mon	2776	3645	3647	7102	7128	7131	7161	8006	8013	8042	8050	8056	8067	8068	8076	8217	8222	8232	8235	8240	8247	8256	8261
2018-09-25 Tue	2703	2776	3637	3647	7028	7101	7113	7127	7128	7129	7131	8004	8008	8011	8014	8041	8047	8048	8063	8072	8203	8206	8209	8211	8212	8219	8229	8235	8256	8290
2018-09-26 Wed	2703	2807	3600	3634	3642	7012	7016	7017	7101	7125	7131	7136	8014	8020	8040	8042	8045	8053	8055	8057	8065	8069	8071	8074	8207	8212	8219	8232	8242	8258	8281
2018-09-27 Thu	2701	2807	3639	3645	3655	3697	7017	7101	7128	7134	7137	8001	8007	8008	8023	8053	8084	8208	8214	8215	8216	8219	8232	8236	8245	8252	8258	8274
2018-09-28 Fri	2810	3628	3631	3649	3650	7019	7027	7101	7131	7137	8010	8032	8033	8034	8065	8074	8200	8205	8210	8215	8219	8228	8232	8237	8246
2018-09-29 Sat	2631	2810	8024	8032	8037	8057	8072	8074	8075	8209	8231	8232	8238	8249	8251	8266
2018-09-30 Sun	8009	8048	8076	8208	8218	8230	8236	8251	8275	8293
2018-10-01 Mon	2797	2802	3634	3637	3652	3699	7018	7025	7027	7028	7113	7136	8002	8029	8043	8056	8059	8063	8066	8070	8071	8072	8218	8221	8222	8227	8234	8242	8252	8256	8275
2018-10-02 Tue	2630	2802	3628	3656	7018	7019	7028	7101	7130	7131	7161	8001	8013	8022	8023	8026	8036	8042	8045	8048	8059	8065	8067	8205	8206	8210	8232	8252	8290
2018-10-03 Wed	3636	3640	3643	3645	7027	7133	7135	8026	8029	8033	8034	8048	8050	8060	8081	8203	8211	8212	8228	8232	8245	8246	8250	8270	8281
2018-10-04 Thu	2630	3621	3625	3638	3642	3644	7017	7027	7131	7132	7136	7161	8003	8017	8029	8032	8044	8056	8068	8074	8076	8084	8227	8239	8241	8253	8256	8259	8270
2018-10-05 Fri	2630	3634	3636	3637	7016	7113	7127	7130	7131	7133	7134	8001	8002	8004	8005	8011	8021	8028	8037	8047	8049	8056	8067	8074	8219	8223	8233	8237	8257	8275	8278
2018-10-06 Sat	8004	8022	8028	8033	8058	8061	8067	8202	8208	8209	8212	8219	8224	8236	8266	8269	8278
2018-10-07 Sun	8004	8008	8042	8047	8205	8207	8248	8257	8266	8268	8277
2018-10-08 Mon	2739	3641	3643	3645	3648	3653	7018	7027	7028	7135	7136	8010	8025	8057	8062	8065	8066	8067	8070	8072	8077	8201	8206	8209	8211	8241	8255	8277	8291
2018-10-09 Tue	2630	2739	3601	3628	3641	3642	7012	7017	7018	7025	7027	7028	7127	7129	8009	8011	8025	8033	8036	8067	8075	8076	8201	8209	8211	8214	8230	8232	8235	8251	8252	8256	8258	8265
2018-10-10 Wed	2606	2630	3625	3641	3652	3697	3698	7018	7019	7025	7102	7128	7132	7161	8025	8029	8038	8056	8060	8072	8076	8078	8206	8213	8217	8219	8240	8249	8252	8255	8278
2018-10-11 Thu	2606	2705	3621	3624	3645	3646	3648	7102	7127	7131	7134	7136	8020	8025	8032	8037	8040	8056	8067	8207	8211	8213	8235	8237	8246	8248	8251	8257	8279
2018-10-12 Fri	2684	2705	3632	3639	3651	7027	7101	7102	7113	7116	7128	7132	7134	8001	8002	8014	8031	8032	8033	8049	8077	8081	8084	8222	8229	8231	8236	8239	8247	8260
2018-10-13 Sat	2684	8001	8002	8012	8013	8026	8028	8055	8059	8066	8071	8202	8209	8251	8273	8279
2018-10-14 Sun	8022	8032	8040	8059	8083	8206	8225	8243	8253	8279	8284	8289
2018-10-15 Mon	2800	3634	3639	3644	7012	7016	7027	7028	7101	7128	7129	8006	8008	8025	8034	8036	8038	8059	8064	8074	8203	8207	8214	8215	8217	8218	8238	8241	8242	8289	8293
2018-10-16 Tue	2651	2800	3600	3623	3644	7025	7027	7101	7113	7127	7129	7131	7134	8008	8043	8064	8066	8074	8083	8203	8208	8218	8229	8230	8236	8244	8247	8254	8259	8279
2018-10-17 Wed	2651	3625	3633	3647	3653	7017	7018	7102	7113	7128	7129	8002	8025	8051	8062	8069	8074	8204	8205	8211	8213	8214	8224	8233	8235	8247	8252	8258	8278	8280
2018-10-18 Thu	2600	3602	3633	3639	3646	7019	7027	7102	7127	7128	7131	7136	8013	8031	8038	8040	8044	8052	8058	8059	8067	8076	8078	8210	8214	8225	8233	8256	8265	8280
2018-10-19 Fri	2600	2810	3601	3637	3641	3651	3654	7016	7019	7028	7127	7128	7131	8000	8013	8017	8020	8044	8063	8070	8077	8201	8202	8211	8212	8213	8222	8243	8245	8252	8287
2018-10-20 Sat	2789	2810	3646	8002	8003	8022	8039	8040	8056	8067	8074	8079	8083	8217	8234	8247	8267
2018-10-21 Sun	8009	8020	8025	8063	8073	8205	8214	8223	8260	8267	8284
2018-10-22 Mon	2791	3603	3643	3644	3655	7019	7028	7101	7128	7129	7131	7136	8001	8004	8014	8024	8026	8029	8036	8050	8068	8074	8075	8083	8201	8204	8205	8215	8227	8249	8275	8284
2018-10-23 Tue	2791	2810	3624	3626	3627	3645	3646	7017	7018	7101	7113	7129	7131	8039	8049	8052	8053	8059	8060	8068	8075	8077	8080	8206	8211	8230	8231	8247	8250	8254	8289
2018-10-24 Wed	2606	2810	3631	3646	3698	7025	7102	7116	7125	7127	7128	7129	7130	8033	8037	8050	8060	8067	8074	8211	8218	8219	8220	8235	8238	8239	8245	8248	8256	8283
2018-10-25 Thu	2606	2684	3602	3627	3645	3653	7012	7018	7028	7101	7102	7128	7130	8001	8003	8007	8029	8036	8066	8078	8082	8200	8206	8213	8217	8222	8246	8247	8281
2018-10-26 Fri	2684	3602	3635	3638	3642	7016	7017	7025	7102	7113	7125	7133	7137	8015	8024	8063	8078	8084	8201	8204	8209	8210	8211	8215	8220	8235	8248	8249	8252	8292	8295
2018-10-27 Sat	7027	8010	8028	8037	8050	8057	8067	8071	8074	8209	8210	8236	8237	8243	8256	8281	8295	8296
2018-10-28 Sun	8003	8058	8061	8076	8082	8232	8242	8257	8259	8290	8292	8296
2018-10-29 Mon	2601	3625	3645	3655	3698	7027	7028	7125	7131	7132	7133	7136	8003	8009	8019	8048	8058	8059	8066	8074	8203	8210	8218	8244	8248	8254	8255	8257	8281	8290
2018-10-30 Tue	2601	2738	3628	3636	3638	3639	7016	7027	7101	7102	7127	7128	7132	8016	8017	8031	8049	8055	8056	8068	8076	8212	8228	8229	8231	8237	8238	8245	8255	8265
2018-10-31 Wed	2738	2780	3604	3625	7016	7018	7025	7027	7028	7102	7128	7133	8003	8013	8015	8017	8028	8031	8039	8047	8052	8073	8074	8222	8231	8234	8243	8253	8257	8270
2018-11-01 Thu	2776	2780	3628	3631	3642	3648	3698	7028	7102	7116	7130	7131	7136	7137	8007	8009	8020	8036	8047	8048	8049	8053	8060	8066	8209	8212	8215	8217	8229	8231	8236	8292
2018-11-02 Fri	2776	2799	3600	3601	3634	3638	3639	7017	7028	7113	7129	7137	8019	8026	8032	8049	8061	8078	8079	8205	8210	8211	8226	8228	8239	8257	8285
2018-11-03 Sat	2799	8000	8010	8012	8044	8054	8061	8072	8081	8084	8210	8216	8221	8226	8299
2018-11-04 Sun	8020	8065	8075	8210	8213	8224	8228	8229	8264	8280
2018-11-05 Mon	2800	3603	3641	3654	7019	7027	7028	7125	7128	7132	7134	7137	8000	8012	8019	8021	8023	8036	8048	8056	8059	8200	8218	8220	8221	8228	8241	8246	8252	8264	8294
2018-11-06 Tue	2800	2806	3602	3603	3625	3641	7016	7017	7028	7116	7127	7129	7136	8000	8011	8029	8033	8034	8036	8039	8050	8067	8084	8213	8216	8224	8231	8248	8250	8258	8259	8297
2018-11-07 Wed	2794	2806	3625	3642	3647	7019	7101	7125	7129	7130	7133	7134	7137	8007	8009	8034	8060	8062	8067	8072	8077	8211	8215	8216	8218	8228	8232	8258	8281
2018-11-08 Thu	2651	2794	3639	3645	3648	3655	7012	7019	7025	7116	7127	7128	7129	7132	8002	8004	8013	8014	8042	8063	8067	8081	8083	8207	8213	8218	8238	8241	8247	8253	8282
2018-11-09 Fri	2601	2651	3623	3633	3642	3654	7018	7025	7125	7127	7129	7133	7134	7136	8001	8012	8016	8065	8067	8068	8070	8073	8074	8077	8080	8204	8222	8228	8234	8240	8268	8277
2018-11-10 Sat	2601	2630	8000	8028	8035	8044	8047	8062	8069	8074	8209	8210	8213	8219	8244	8263
2018-11-11 Sun	8035	8040	8055	8063	8069	8207	8213	8219	8263	8268	8272
2018-11-12 Mon	2739	3601	3634	3638	3639	7016	7017	7102	7116	7128	7137	8003	8008	8010	8015	8053	8064	8070	8078	8215	8223	8243	8246	8249	8256	8258	8259	8268	8299
2018-11-13 Tue	2670	2739	3637	3643	3644	7012	7016	7018	7023	7101	7116	7130	7137	8000	8002	8003	8007	8010	8012	8015	8050	8051	8071	8077	8081	8218	8222	8224	8244	8259	8278
2018-11-14 Wed	2670	3634	3639	3641	7012	7023	7025	7128	7130	7131	7133	7136	8019	8020	8023	8025	8028	8035	8040	8058	8063	8065	8071	8078	8200	8207	8209	8212	8235	8299
2018-11-15 Thu	2670	2678	3603	3642	3644	7017	7023	7025	7102	7125	7128	7130	7133	8004	8008	8014	8019	8026	8036	8049	8059	8060	8063	8064	8074	8084	8229	8234	8244	8247	8254	8284
2018-11-16 Fri	2616	2678	3604	3637	3650	7017	7019	7128	7129	7130	7132	8001	8003	8021	8037	8038	8062	8070	8077	8201	8203	8210	8216	8220	8222	8244	8246	8281
2018-11-17 Sat	2601	2616	8004	8008	8010	8053	8054	8056	8066	8215	8219	8226	8228	8233	8235	8249	8264
2018-11-18 Sun	8026	8028	8049	8066	8070	8213	8225	8252	8264	8275	8299
2018-11-19 Mon	2630	3600	3635	3649	3651	3655	7012	7018	7019	7116	7130	7135	8011	8019	8022	8023	8068	8069	8201	8207	8208	8215	8218	8226	8229	8245	8253	8257	8275	8289
2018-11-20 Tue	2630	2652	3622	3623	3647	3656	7019	7025	7028	7101	7129	7135	8043	8054	8055	8059	8072	8073	8076	8217	8223	8224	8227	8228	8231	8232	8235	8247	8254	8292
2018-11-21 Wed	2652	2739	3632	3633	3641	3654	7016	7019	7028	7101	7102	7130	7136	8000	8021	8029	8048	8052	8060	8077	8080	8203	8215	8225	8238	8242	8247	8255	8259	8274
2018-11-22 Thu	2739	8003	8037	8043	8048	8072	8073	8208	8231	8276	8284
2018-11-23 Fri	3621	3638	3642	7012	7028	7101	7116	7128	7130	7131	8021	8038	8044	8051	8058	8075	8203	8220	8222	8228	8229	8247	8248	8250	8257	8259	8265	8274	8284
2018-11-24 Sat	8000	8022	8055	8064	8200	8201	8202	8215	8225	8230	8233	8237	8241	8252	8263	8265	8277
2018-11-25 Sun	8003	8053	8055	8060	8200	8204	8206	8212	8252	8263	8277	8281
2018-11-26 Mon	2789	3634	3635	3651	3698	7019	7028	7101	7116	7129	7132	7137	8003	8006	8037	8048	8051	8056	8058	8073	8077	8205	8210	8217	8223	8236	8248	8254	8277	8282
2018-11-27 Tue	2691	2789	3631	3642	3653	7012	7016	7025	7101	7127	7130	7136	7137	8006	8013	8020	8038	8040	8049	8061	8062	8063	8067	8069	8083	8084	8201	8204	8218	8283
2018-11-28 Wed	2604	2691	3628	3632	3650	7017	7018	7019	7027	7101	7102	7116	7125	8020	8031	8034	8048	8060	8063	8064	8070	8201	8209	8210	8218	8229	8230	8240	8241	8279
2018-11-29 Thu	2604	2706	3602	3621	3636	7012	7027	7116	7125	7128	7131	7132	7133	7137	8014	8024	8033	8072	8075	8080	8083	8206	8207	8208	8216	8237	8240	8243	8249	8258	8284
2018-11-30 Fri	2706	2761	3627	3631	3634	3652	7012	7018	7023	7102	7127	7133	7136	8002	8011	8034	8040	8047	8059	8061	8066	8080	8202	8205	8206	8208	8214	8224	8228	8236	8252	8263
2018-12-01 Sat	2761	8013	8033	8056	8060	8067	8204	8211	8215	8222	8223	8224	8227	8240	8261	8270
2018-12-02 Sun	8006	8013	8080	8205	8211	8241	8252	8253	8270	8284	8289
2018-12-03 Mon	2668	3603	3624	3642	3654	7025	7027	7101	7128	7134	7135	8006	8020	8028	8029	8047	8053	8054	8067	8070	8076	8077	8201	8223	8229	8236	8248	8299
2018-12-04 Tue	2644	2668	3603	3624	3628	3637	7016	7025	7028	7101	7130	7133	7135	8008	8009	8023	8025	8046	8053	8054	8068	8069	8230	8232	8233	8238	8248	8249	8254	8266
2018-12-05 Wed	2644	2779	3601	3604	3645	7016	7019	7025	7125	7127	7133	7135	7136	8000	8008	8011	8033	8062	8083	8201	8211	8213	8221	8227	8228	8229	8231	8235	8243	8249	8279
2018-12-06 Thu	2601	2779	3631	3641	3642	3652	7016	7018	7025	7113	7127	7130	7133	7135	8010	8013	8026	8029	8048	8055	8058	8064	8076	8084	8204	8227	8233	8253	8258	8294
2018-12-07 Fri	2601	2643	3600	3604	3640	3653	7017	7018	7023	7025	7116	7131	7134	7137	8039	8047	8057	8061	8067	8077	8205	8208	8218	8224	8232	8235	8237	8249	8252	8273
2018-12-08 Sat	2643	2802	3650	8023	8027	8031	8043	8066	8077	8202	8208	8214	8227	8232	8241	8243	8258	8284
2018-12-09 Sun	8010	8069	8084	8202	8232	8241	8247	8263	8264	8284
2018-12-10 Mon	2606	3625	3656	7012	7025	7101	7113	7131	7132	7133	7134	8009	8023	8028	8051	8053	8054	8060	8061	8068	8074	8075	8076	8079	8232	8238	8240	8258	8264	8294
2018-12-11 Tue	2606	2691	3604	3639	7016	7017	7023	7101	7113	7125	7133	7136	7137	8008	8028	8038	8039	8042	8053	8068	8077	8079	8205	8208	8215	8227	8233	8243	8285
2018-12-12 Wed	2691	2801	3635	3636	3638	7016	7017	7018	7025	7125	7130	7133	8003	8006	8032	8034	8048	8056	8210	8212	8217	8220	8224	8230	8233	8239	8241	8254	8270
2018-12-13 Thu	2698	2801	3632	3636	3652	7012	7016	7018	7019	7102	7116	7132	8014	8025	8042	8053	8061	8067	8077	8081	8083	8202	8209	8213	8236	8252	8254	8258	8295
2018-12-14 Fri	2668	2698	3628	3637	3656	7016	7018	7027	7101	7102	7125	7133	7134	8001	8008	8025	8028	8049	8068	8074	8078	8080	8200	8202	8211	8234	8235	8239	8252	8299
2018-12-15 Sat	2668	8006	8017	8032	8052	8053	8064	8075	8076	8200	8216	8224	8249	8253	8254	8280	8283
2018-12-16 Sun	8004	8007	8032	8052	8064	8230	8236	8243	8268	8283	8289
2018-12-17 Mon	2689	3637	3655	7018	7019	7113	7116	7125	7128	7130	7131	7137	8010	8026	8039	8040	8043	8048	8052	8054	8059	8068	8083	8202	8204	8218	8222	8224	8228	8252	8268	8285
2018-12-18 Tue	2600	2689	3635	3642	7012	7016	7018	7027	7113	7128	7134	7136	8002	8014	8016	8018	8025	8042	8044	8056	8059	8065	8067	8208	8232	8235	8236	8250	8254	8262
2018-12-19 Wed	2600	2629	3631	3638	7019	7027	7125	7128	7132	7134	7135	7137	8015	8041	8046	8048	8053	8071	8079	8084	8200	8208	8209	8214	8220	8223	8232	8247	8251	8255	8264
2018-12-20 Thu	2629	2644	3649	7018	7025	7101	7125	7127	7128	7135	7136	8001	8008	8014	8022	8037	8039	8050	8058	8060	8074	8080	8081	8203	8207	8234	8249	8298
2018-12-21 Fri	2644	2669	3604	3627	7019	7023	7102	7125	7131	7132	7133	7136	8005	8013	8016	8019	8026	8046	8054	8067	8078	8203	8214	8232	8233	8236	8251	8253	8258	8269
2018-12-22 Sat	2669	2809	8002	8028	8029	8032	8063	8076	8077	8078	8080	8224	8227	8242	8250	8278
2018-12-23 Sun	8034	8058	8060	8074	8204	8227	8253	8257	8262	8278	8294
2018-12-24 Mon	2634	3634	3639	3698	7012	7017	7019	7023	7113	7130	7135	7136	8021	8030	8046	8076	8078	8079	8201	8204	8205	8209	8213	8216	8233	8243	8246	8249	8270	8294
2018-12-25 Tue	2634	8001	8021	8030	8047	8208	8213	8227	8248	8257	8269	8284
2018-12-26 Wed	2647	3603	3699	7012	7018	7028	7102	7128	7132	7134	7137	8007	8010	8017	8018	8050	8073	8078	8213	8214	8216	8220	8222	8224	8229	8243	8248	8249	8284	8291
2018-12-27 Thu	2647	2794	3602	3604	3649	7016	7018	7025	7027	7125	7133	7137	8035	8046	8053	8066	8073	8078	8079	8202	8213	8219	8229	8234	8238	8240	8250	8254	8283
2018-12-28 Fri	2786	2794	3602	3647	7016	7018	7023	7025	7027	7130	7133	8020	8039	8046	8047	8052	8064	8066	8068	8071	8074	8077	8205	8242	8249	8250	8251	8255	8257	8262
2018-12-29 Sat	2786	8006	8010	8020	8023	8025	8047	8049	8062	8065	8208	8212	8228	8239	8248	8277	8299
2018-12-30 Sun	8009	8019	8020	8024	8033	8065	8209	8222	8269	8277	8294
2018-12-31 Mon	2806	3604	3631	7023	7025	7028	7102	7113	7116	7125	7132	7137	8009	8022	8029	8032	8046	8053	8058	8066	8077	8080	8210	8214	8218	8220	8221	8249	8255	8269	8293
2019-01-01 Tue	2806	8000	8020	8083	8222	8227	8229	8239	8253	8263	8294
2019-01-02 Wed	2799	3601	3642	3643	3649	7017	7019	7027	7113	7128	7130	7135	7136	8015	8025	8029	8030	8034	8047	8062	8066	8069	8201	8212	8213	8218	8219	8224	8238	8269	8294
2019-01-03 Thu	2669	2799	3600	3602	3645	3650	7012	7017	7025	7116	7128	7131	8040	8049	8054	8084	8201	8203	8204	8216	8222	8227	8238	8241	8242	8244	8248	8249	8266
2019-01-04 Fri	2669	2800	3623	3624	3649	3656	7016	7017	7018	7019	7027	7102	7113	7135	8000	8019	8040	8041	8042	8062	8079	8080	8214	8216	8227	8235	8238	8240	8244	8250	8270
2019-01-05 Sat	2738	2800	8000	8015	8030	8034	8038	8042	8056	8058	8075	8082	8201	8218	8241	8250	8280
2019-01-06 Sun	8018	8038	8041	8046	8047	8203	8217	8228	8238	8279	8280	8299
2019-01-07 Mon	2786	3640	3641	3654	7017	7023	7101	7102	7113	7125	7130	7132	8002	8004	8005	8018	8038	8050	8059	8060	8064	8069	8079	8201	8212	8215	8216	8220	8225	8238	8253	8279	8289	8296
2019-01-08 Tue	2786	2795	3604	3698	3699	7012	7019	7023	7127	7129	7133	7134	8026	8031	8044	8047	8048	8081	8202	8218	8223	8234	8237	8239	8241	8245	8255	8261	8291
2019-01-09 Wed	2684	2795	3603	3646	3656	7017	7113	7125	7129	7131	7132	7137	8004	8015	8026	8033	8042	8058	8060	8073	8205	8218	8221	8222	8225	8238	8241	8254	8281
2019-01-10 Thu	2644	2684	3639	3654	3656	7113	7116	7131	7133	7134	7135	7136	7137	8005	8006	8016	8027	8038	8048	8057	8060	8062	8079	8213	8216	8217	8225	8228	8239	8244	8289
2019-01-11 Fri	2644	2801	3600	3628	3649	7016	7019	7023	7027	7102	7128	7134	7135	8019	8020	8049	8065	8068	8071	8201	8208	8210	8214	8225	8235	8249	8253	8258	8262	8267	8291
2019-01-12 Sat	2801	8004	8005	8006	8035	8037	8077	8081	8203	8204	8219	8223	8234	8265	8268	8290	8294
2019-01-13 Sun	8001	8010	8035	8054	8238	8256	8258	8265	8272	8289	8296
2019-01-14 Mon	2703	3603	3635	3644	7019	7028	7102	7113	7116	7128	7137	8000	8002	8009	8021	8025	8028	8059	8067	8079	8082	8224	8226	8234	8245	8252	8267	8289	8296
