2018-09-17 Mon	7037	7087	7094	7095	7097
2018-09-18 Tue	7006	7035	7036	7110	7115	7160
2018-09-19 Wed	7003	7005	7032	7035	7071	7095
2018-09-20 Thu	7068	7090	7095	7098	7121	7158
2018-09-21 Fri	7039	7074	7097	7111	7124	7160
2018-09-24 Mon	7085	7097	7104	7115	7119
2018-09-25 Tue	7004	7065	7071	7093	7098	7108	7119
2018-09-26 Wed	7003	7074	7076	7081	7085	7097	7098	7117
2018-09-27 Thu	7001	7073	7076	7079	7099	7100	7160
2018-09-28 Fri	7069	7077	7091	7100	7110	7111	7117
2018-09-29 Sat	7035	7071	7078	7106
2018-09-30 Sun	7002	7032	7088	7159
2018-10-01 Mon	7007	7039	7072	7079	7082	7084	7093	7097	7114	7122
2018-10-02 Tue	7033	7070	7084	7095	7099	7100	7114	7117
2018-10-03 Wed	7006	7008	7033	7067	7073	7115
2018-10-04 Thu	7008	7032	7070	7072	7086	7095	7097	7105
2018-10-05 Fri	7005	7006	7070	7095	7115	7117	7120
2018-10-06 Sat	7003	7086	7115
2018-10-07 Sun	7001	7068	7124
2018-10-08 Mon	7035	7068	7070	7071	7073	7087	7095	7100
2018-10-09 Tue	7005	7063	7064	7084	7092	7093	7100	7105	7121
2018-10-10 Wed	7008	7033	7067	7074	7093	7107	7108	7120	7124
2018-10-11 Thu	7033	7075	7085	7098	7106	7107	7117	7159
2018-10-12 Fri	7001	7002	7082	7087	7092	7120	7126	7160
2018-10-13 Sat	7005	7068	7080
2018-10-14 Sun	7004	7038	7073
2018-10-15 Mon	7070	7076	7084	7095	7112	7117	7118	7120
2018-10-16 Tue	7066	7068	7080	7086	7096	7097	7105	7118
2018-10-17 Wed	7001	7032	7067	7080	7092	7112	7114	7126
2018-10-18 Thu	7006	7035	7065	7066	7074	7090	7105	7117
2018-10-19 Fri	7007	7063	7067	7073	7079	7086	7087	7121
2018-10-20 Sat	7072	7086	7110
2018-10-21 Sun	7005	7094	7100
2018-10-22 Mon	7030	7035	7065	7080	7086	7097	7099	7114
2018-10-23 Tue	7007	7077	7079	7082	7094	7099	7123	7126
2018-10-24 Wed	7007	7033	7065	7077	7079	7082	7084	7088	7100
2018-10-25 Thu	7002	7036	7071	7096	7114	7118	7120	7123
2018-10-26 Fri	7005	7063	7064	7067	7068	7073	7100	7107
2018-10-27 Sat	7007	7096	7097
2018-10-28 Sun	7066	7067	7075
2018-10-29 Mon	7030	7063	7065	7070	7072	7079	7085	7088
2018-10-30 Tue	7001	7005	7065	7074	7085	7087	7100	7119
2018-10-31 Wed	7064	7068	7070	7079	7092	7098	7119	7158
2018-11-01 Thu	7037	7070	7072	7073	7088	7091	7094	7120
2018-11-02 Fri	7003	7038	7065	7067	7082	7095	7119	7124
2018-11-03 Sat	7030	7095	7120
2018-11-04 Sun	7072	7112	7158
2018-11-05 Mon	7003	7038	7065	7080	7087	7094	7110	7111
2018-11-06 Tue	7030	7033	7066	7082	7085	7092	7106	7126
2018-11-07 Wed	7038	7068	7072	7080	7081	7088	7100	7106
2018-11-08 Thu	7030	7033	7036	7074	7097	7110	7115	7158
2018-11-09 Fri	7003	7007	7074	7087	7088	7090	7093	7159
2018-11-10 Sat	7105	7120	7121
2018-11-11 Sun	7071	7095	7111	7123
2018-11-12 Mon	7002	7068	7069	7073	7088	7111
2018-11-13 Tue	7001	7003	7087	7092	7105	7110	7117	7121
2018-11-14 Wed	7030	7036	7081	7083	7096	7098	7099	7103
2018-11-15 Thu	7079	7084	7091	7114	7115	7119	7122	7126
2018-11-16 Fri	7033	7075	7077	7085	7100	7110	7124	7126
2018-11-17 Sat	7085	7088	7093
2018-11-18 Sun	7036	7069	7091
2018-11-19 Mon	7077	7082	7084	7085	7087	7098	7111	7118	7158
2018-11-20 Tue	7038	7082	7089	7103	7104	7114	7119	7158
2018-11-21 Wed	7001	7030	7073	7092	7100	7110	7114	7117
2018-11-22 Thu	7093	7110	7119
2018-11-23 Fri	7001	7038	7071	7084	7098	7158
2018-11-24 Sat	7072	7119	7120	7160
2018-11-25 Sun	7011	7067	7104
2018-11-26 Mon	7063	7067	7078	7100	7111	7112	7114	7126
2018-11-27 Tue	7075	7078	7088	7089	7091	7092	7106	7112
2018-11-28 Wed	7002	7011	7036	7088	7100	7110	7115	7121
2018-11-29 Thu	7007	7070	7099	7100	7111	7114	7120	7159
2018-11-30 Fri	7005	7011	7065	7069	7084	7096	7099	7100
2018-12-01 Sat	7007	7076	7105
2018-12-02 Sun	7064	7098	7119
2018-12-03 Mon	7002	7005	7081	7091	7098	7100	7108	7126
2018-12-04 Tue	7007	7008	7036	7063	7078	7097	7118	7126
2018-12-05 Wed	7003	7074	7082	7098	7114	7119	7120	7160
2018-12-06 Thu	7002	7038	7067	7076	7097	7105	7118	7160
2018-12-07 Fri	7002	7008	7063	7104	7108	7114	7121	7159
2018-12-08 Sat	7066	7096	7124
2018-12-09 Sun	7008	7090	7108
2018-12-10 Mon	7003	7076	7089	7097	7098	7099	7121
2018-12-11 Tue	7067	7069	7072	7078	7079	7080	7091	7103	7159
2018-12-12 Wed	7032	7072	7088	7090	7096	7117	7121	7123
2018-12-13 Thu	7002	7003	7066	7070	7104	7107	7110	7124
2018-12-14 Fri	7006	7065	7070	7075	7080	7081	7082	7103	7126
2018-12-15 Sat	7070	7071	7093
2018-12-16 Sun	7068	7076	7119
2018-12-17 Mon	7037	7065	7069	7078	7093	7108	7115	7126
2018-12-18 Tue	7037	7066	7078	7084	7100	7118	7121	7123
2018-12-19 Wed	7039	7063	7085	7086	7087	7088	7119	7120
2018-12-20 Thu	7002	7068	7069	7076	7085	7087	7090	7107	7159
2018-12-21 Fri	7066	7071	7080	7082	7085	7086	7100	7110
2018-12-22 Sat	7033	7067	7072
2018-12-23 Sun	7105	7123	7126	7160
2018-12-24 Mon	7074	7085	7089	7106	7115	7159
2018-12-25 Tue	7074	7076	7095
2018-12-26 Wed	7037	7087	7096	7098	7119	7123
2018-12-27 Thu	7003	7033	7064	7073	7099	7114
2018-12-28 Fri	7067	7077	7096	7104	7115	7123
2018-12-29 Sat	7068	7079	7110
2018-12-30 Sun	7039	7064	7105
2018-12-31 Mon	7008	7072	7074	7104	7105	7119
2019-01-01 Tue	7002	7007	7126
2019-01-02 Wed	7007	7037	7038	7070	7075	7110	7123
2019-01-03 Thu	7002	7003	7036	7077	7098	7100	7103	7119
2019-01-04 Fri	7001	7074	7077	7080	7084	7098	7118	7126
2019-01-05 Sat	7068	7080	7110
2019-01-06 Sun	7067	7085	7090
2019-01-07 Mon	7033	7038	7064	7074	7081	7086	7122	7158
2019-01-08 Tue	7001	7064	7076	7080	7081	7086	7087	7108	7119
2019-01-09 Wed	7033	7063	7068	7074	7093	7100	7111	7124
2019-01-10 Thu	7006	7072	7075	7085	7090	7103	7114	7118
2019-01-11 Fri	7003	7032	7033	7066	7067	7087	7118
2019-01-12 Sat	7070	7110	7126
2019-01-13 Sun	7008	7081	7123
2019-01-14 Mon	7003	7032	7077	7081	7091	7103	7104	7117
