2018-09-17 Mon	7007	7032	7039	7069	7084	7090	7122	7124	7160
2018-09-18 Tue	7007	7069	7071	7072	7075	7079	7091	7094	7098	7114	7158	7160
2018-09-19 Wed	7002	7004	7038	7039	7070	7071	7075	7090	7121	7122	7123	7126	7158
2018-09-20 Thu	7003	7004	7006	7008	7039	7066	7072	7084	7086	7094	7098	7122	7124
2018-09-21 Fri	7003	7004	7005	7006	7033	7065	7069	7071	7072	7074	7092	7122
2018-09-24 Mon	7007	7008	7029	7074	7082	7088	7093	7100	7108	7110	7111	7122	7158
2018-09-25 Tue	7037	7038	7063	7074	7079	7085	7087	7088	7092	7106	7114	7159
2018-09-26 Wed	7033	7037	7038	7066	7071	7073	7088	7092	7099	7107	7114	7118
2018-09-27 Thu	7005	7033	7036	7065	7072	7078	7085	7088	7103	7107	7120	7124	7126
2018-09-28 Fri	7002	7003	7068	7070	7073	7081	7085	7087	7094	7099	7104	7106	7122
2018-09-29 Sat	7003	7007	7008	7038	7074	7088	7091	7093	7100	7104	7108	7119
2018-09-30 Sun	7030	7067	7068	7069	7073	7076	7080	7092	7103	7111	7119	7122
2018-10-01 Mon	7007	7036	7037	7064	7087	7088	7090	7092	7094	7099	7104	7108
2018-10-02 Tue	7004	7005	7007	7029	7030	7036	7063	7067	7103	7104	7115	7118	7126
2018-10-03 Wed	7002	7005	7029	7039	7068	7069	7088	7106	7107	7110	7114	7118
