2018-09-17 Mon	4307	4308	4336	4344	4352	4355	4361	4362	4377	4379	4388	4389	4390	4391	4405	4406
2018-09-18 Tue	4304	4323	4324	4325	4328	4332	4337	4348	4352	4355	4360	4363	4366	4372	4373	4375	4376	4383	4401
2018-09-19 Wed	4301	4303	4304	4309	4315	4328	4329	4338	4349	4353	4357	4360	4362	4365	4372	4382	4384	4391	4398	4406
2018-09-20 Thu	4309	4310	4315	4322	4328	4329	4344	4345	4353	4365	4372	4373	4382	4384	4388	4392	4398	4402	4406	4408
2018-09-21 Fri	4303	4314	4317	4328	4331	4333	4334	4345	4346	4359	4366	4371	4380	4381	4383	4387	4388	4390	4391	4402	4405	4406
2018-09-24 Mon	4305	4327	4329	4336	4348	4353	4360	4362	4365	4366	4370	4373	4383	4384	4387	4388	4403	4405
2018-09-25 Tue	4302	4314	4315	4324	4328	4333	4336	4347	4353	4356	4358	4359	4360	4363	4370	4371	4376	4386	4391	4405
2018-09-26 Wed	4302	4304	4310	4312	4315	4326	4329	4336	4348	4355	4360	4364	4366	4369	4371	4385	4386	4391	4398	4401
2018-09-27 Thu	4301	4302	4303	4314	4328	4329	4334	4342	4357	4363	4369	4371	4374	4380	4383	4390	4391	4397	4408	4409
2018-09-28 Fri	4315	4317	4322	4323	4329	4333	4341	4346	4355	4360	4361	4375	4377	4383	4389	4391	4396	4400	4408
2018-09-29 Sat	3638	3650	7017	7018	7025	7037	7133
2018-09-30 Sun	3634	3635	3639	3643	3650	3656	3699	7037	7102	7113	7131	7137
2018-10-01 Mon	4305	4309	4310	4314	4322	4325	4329	4330	4336	4356	4360	4361	4372	4375	4377	4380	4391	4397	4400	4403	4408	4409
2018-10-02 Tue	4317	4320	4324	4325	4327	4328	4329	4336	4338	4344	4349	4363	4366	4369	4374	4377	4384	4386	4396	4406	4408
2018-10-03 Wed	4304	4307	4317	4325	4327	4328	4336	4359	4367	4371	4374	4376	4388	4398	4401	4404	4406
