2018-09-17 Mon	7104	8007	8009	8032	8036	8052	8059	8065	8068	8083	8200	8205	8206	8226	8229	8232	8239	8247	8253	8255
2018-09-18 Tue	3602	3697	7102	7103	8000	8004	8009	8012	8014	8018	8021	8025	8026	8030	8036	8045	8055	8058	8062	8071	8084	8200	8205	8209	8214	8215	8228	8231	8234	8236	8237
2018-09-19 Wed	3627	7023	7025	8002	8010	8011	8020	8024	8032	8033	8042	8043	8055	8061	8202	8207	8208	8211	8218	8221	8225	8226	8227	8229	8230	8232	8243	8248	8250	8256	8257
2018-09-20 Thu	3600	7104	7161	8007	8010	8012	8032	8036	8037	8042	8043	8062	8065	8070	8072	8073	8077	8083	8206	8210	8212	8217	8221	8224	8225	8235	8244	8246
2018-09-21 Fri	3656	7016	7129	8000	8004	8013	8015	8020	8024	8038	8042	8049	8052	8066	8069	8076	8079	8084	8202	8215	8217	8221	8225	8228	8238	8240	8242	8244	8248	8257
2018-09-24 Mon	7018	8011	8017	8021	8025	8031	8038	8041	8043	8053	8057	8058	8061	8062	8070	8078	8201	8219	8221	8229	8236	8242	8244	8246	8256
2018-09-25 Tue	3621	3628	3649	3697	7132	8001	8027	8033	8034	8037	8038	8044	8052	8061	8065	8067	8073	8081	8200	8205	8210	8222	8224	8231	8232	8234	8242	8251	8258
2018-09-26 Wed	3601	3621	3648	3697	7019	7129	8001	8006	8032	8036	8064	8065	8074	8076	8077	8078	8080	8083	8201	8214	8215	8217	8224	8227	8229	8237	8243	8245	8248	8257
2018-09-27 Thu	3621	3633	3634	3699	7102	8006	8009	8031	8032	8038	8044	8047	8050	8057	8058	8071	8074	8078	8080	8084	8207	8209	8217	8218	8228	8237	8240	8241	8247	8249	8251
2018-09-28 Fri	3600	3638	3644	3697	7027	8000	8009	8011	8013	8021	8025	8037	8045	8050	8066	8071	8077	8081	8208	8236	8238	8245	8247	8248	8249	8252	8256	8258
2018-09-29 Sat	8001	8008	8011	8014	8022	8025	8036	8053	8062	8063	8068	8081	8083	8200	8203	8205	8206	8217	8226	8235	8250	8256	8258
2018-09-30 Sun	8002	8005	8011	8016	8022	8023	8025	8034	8036	8037	8042	8044	8060	8084	8202	8204	8221	8223	8250	8252
2018-10-01 Mon	3625	3641	3651	7113	7135	8012	8014	8029	8034	8037	8038	8047	8049	8061	8067	8070	8077	8078	8081	8084	8205	8212	8215	8224	8226	8229	8236	8238	8245	8248
2018-10-02 Tue	3645	3646	3649	7102	7132	8007	8008	8011	8024	8031	8033	8038	8043	8047	8066	8067	8068	8072	8079	8080	8084	8204	8210	8212	8229	8230	8240	8243	8249	8251
2018-10-03 Wed	3601	8009	8032	8038	8047	8066	8202	8204	8205	8214	8224	8225	8226	8229	8231	8237	8238	8241	8243	8248	8251	8252	8256
2018-10-04 Thu	3600	3633	3697	3698	7019	7135	8008	8014	8021	8024	8028	8031	8035	8050	8058	8063	8071	8203	8209	8211	8213	8214	8215	8223	8230	8233	8236	8242	8248	8250	8252
2018-10-05 Fri	3603	3648	3649	7101	7132	8003	8007	8012	8017	8022	8031	8034	8042	8059	8065	8070	8079	8200	8201	8208	8209	8215	8230	8232	8234	8235	8242	8244	8250	8251	8255
2018-10-06 Sat	8003	8006	8017	8026	8034	8042	8047	8053	8059	8062	8070	8076	8077	8200	8213	8216	8235	8242	8243	8248	8257	8258
2018-10-07 Sun	8002	8003	8016	8026	8043	8049	8058	8059	8071	8072	8208	8210	8212	8219	8230	8235	8239	8241	8243	8249	8252
2018-10-08 Mon	3621	3628	3631	3639	7025	8000	8003	8004	8014	8016	8021	8023	8033	8034	8036	8040	8053	8063	8071	8079	8203	8205	8212	8216	8218	8228	8230	8239	8246	8250	8252
2018-10-09 Tue	3621	3642	3654	3655	7130	8002	8006	8007	8010	8012	8013	8014	8023	8034	8035	8047	8049	8055	8059	8063	8072	8074	8206	8207	8210	8222	8237	8239	8242	8248
2018-10-10 Wed	3628	3634	3653	7018	7131	8011	8035	8042	8043	8044	8055	8064	8065	8066	8070	8077	8080	8200	8204	8205	8211	8215	8220	8224	8235	8243	8245	8246	8250	8256	8258
2018-10-11 Thu	3622	3631	3698	7012	7134	8013	8022	8033	8034	8035	8036	8051	8055	8057	8076	8077	8080	8081	8200	8212	8221	8223	8225	8226	8230	8231	8236	8244	8245	8246	8252
2018-10-12 Fri	3622	3627	3631	7018	7113	8003	8004	8017	8024	8028	8034	8043	8050	8056	8066	8067	8070	8071	8072	8076	8078	8201	8212	8217	8243	8244	8250	8255	8256	8257	8258
2018-10-13 Sat	8010	8020	8022	8029	8031	8049	8057	8058	8062	8067	8072	8074	8077	8078	8208	8220	8224	8225	8229	8231	8238	8243	8247
2018-10-14 Sun	8004	8010	8011	8012	8013	8026	8037	8064	8067	8071	8074	8080	8202	8205	8207	8211	8218	8220	8232	8241	8244	8257
2018-10-15 Mon	3635	3651	3699	7102	7136	8004	8022	8026	8031	8032	8043	8047	8050	8052	8053	8057	8060	8070	8071	8072	8075	8079	8200	8206	8211	8216	8226	8232	8244	8245	8253
2018-10-16 Tue	3623	3647	3653	7025	7131	8000	8002	8004	8013	8014	8039	8048	8067	8075	8210	8219	8220	8221	8222	8223	8224	8228	8235	8238	8239	8240	8246	8249	8255	8258
2018-10-17 Wed	3624	3632	3655	7019	7127	8003	8014	8016	8020	8029	8032	8048	8052	8053	8057	8058	8059	8062	8071	8079	8200	8206	8210	8221	8222	8236	8238	8242	8243	8244	8251
2018-10-18 Thu	3621	3653	3655	7017	7129	8003	8009	8011	8017	8020	8036	8048	8051	8064	8066	8069	8081	8204	8213	8215	8217	8220	8222	8224	8225	8237	8242	8243	8248	8252	8254
2018-10-19 Fri	3625	3628	3644	7017	7028	8003	8008	8011	8022	8026	8033	8035	8044	8047	8049	8053	8055	8059	8060	8064	8071	8073	8074	8206	8207	8215	8217	8225	8229	8231	8237	8254
2018-10-20 Sat	8004	8009	8013	8021	8026	8031	8042	8043	8047	8048	8073	8078	8200	8205	8208	8210	8211	8218	8226	8229	8232	8235	8237	8254	8259
2018-10-21 Sun	8013	8017	8026	8029	8033	8052	8060	8062	8067	8069	8079	8202	8203	8215	8218	8228	8233	8237	8238	8248	8252
2018-10-22 Mon	3622	3628	3645	7017	7132	8003	8005	8012	8017	8022	8031	8032	8035	8040	8048	8056	8057	8059	8067	8073	8078	8079	8080	8207	8216	8217	8232	8235	8240	8244	8255
2018-10-23 Tue	3603	3632	3648	7102	7131	8015	8026	8047	8056	8063	8067	8076	8081	8200	8210	8213	8214	8215	8216	8217	8221	8225	8227	8228	8229	8232	8240	8243	8246	8252
2018-10-24 Wed	3639	3641	3645	7101	7128	8000	8001	8002	8005	8014	8015	8017	8020	8031	8034	8036	8052	8059	8061	8071	8075	8083	8206	8214	8222	8226	8231	8232	8243	8249	8258
2018-10-25 Thu	3604	3652	7113	7130	7133	8002	8013	8019	8022	8025	8052	8054	8062	8067	8068	8077	8079	8084	8207	8212	8225	8226	8232	8235	8239	8243	8249	8258
2018-10-26 Fri	3622	3624	3637	7134	8000	8001	8003	8010	8050	8053	8071	8077	8081	8207	8208	8213	8217	8218	8226	8230	8240	8242	8243	8244	8245	8247	8248	8254
2018-10-27 Sat	8002	8008	8009	8014	8017	8019	8023	8033	8049	8050	8061	8063	8068	8078	8081	8204	8205	8206	8215	8221	8230	8234	8248	8257
2018-10-28 Sun	8005	8019	8022	8026	8031	8038	8049	8054	8056	8070	8081	8206	8210	8221	8223	8225	8229	8230	8235	8240	8244	8246
2018-10-29 Mon	3641	3646	3653	7012	7025	8006	8007	8010	8013	8014	8020	8028	8029	8031	8032	8035	8037	8040	8044	8047	8053	8058	8067	8080	8202	8206	8207	8214	8219	8221	8228	8235	8244
2018-10-30 Tue	3602	3647	3648	7018	8004	8008	8012	8013	8020	8023	8029	8034	8038	8040	8044	8062	8064	8072	8084	8201	8205	8206	8207	8213	8221	8244	8246	8250	8252	8254
2018-10-31 Wed	3632	3636	3653	7127	7133	8000	8007	8009	8010	8024	8025	8032	8048	8061	8068	8069	8070	8072	8202	8207	8211	8213	8220	8225	8226	8229	8232	8248	8249	8258
2018-11-01 Thu	3604	3631	3647	7113	7132	8001	8005	8008	8010	8012	8016	8023	8032	8039	8054	8064	8067	8076	8080	8083	8200	8202	8214	8228	8239	8245	8248	8258
2018-11-02 Fri	3631	3636	3642	7101	7127	8001	8007	8008	8010	8011	8012	8016	8020	8024	8036	8054	8057	8062	8082	8200	8204	8207	8214	8217	8220	8221	8231	8238	8246	8247	8252
2018-11-03 Sat	8002	8004	8019	8020	8037	8050	8052	8054	8058	8059	8068	8073	8075	8211	8213	8217	8218	8219	8224	8229	8243	8253
2018-11-04 Sun	8002	8006	8007	8012	8015	8044	8062	8063	8067	8069	8071	8080	8203	8216	8217	8222	8226	8237	8244	8247	8259
2018-11-05 Mon	3636	3647	3698	3699	7133	8003	8013	8015	8016	8022	8025	8029	8031	8033	8035	8039	8040	8053	8060	8067	8080	8204	8208	8210	8211	8232	8240	8246	8254	8257
2018-11-06 Tue	3633	3634	3652	7018	7019	8013	8020	8032	8036	8037	8038	8040	8042	8044	8051	8053	8054	8055	8064	8081	8082	8202	8214	8215	8219	8221	8225	8238	8243	8256	8257
2018-11-07 Wed	3601	3641	3643	3651	7131	8004	8005	8013	8022	8023	8025	8029	8036	8039	8047	8059	8063	8073	8076	8078	8083	8203	8204	8209	8220	8221	8224	8225	8226	8227	8230	8244	8253
2018-11-08 Thu	3602	3623	3628	7128	7136	8003	8007	8009	8026	8036	8044	8047	8050	8054	8058	8063	8066	8080	8205	8211	8213	8219	8222	8229	8233	8239	8240	8242	8244	8246	8259
2018-11-09 Fri	3625	3626	3635	7132	8003	8007	8010	8019	8023	8025	8028	8029	8034	8035	8052	8054	8060	8075	8081	8205	8207	8211	8226	8231	8239	8241	8243	8246	8257
2018-11-10 Sat	8001	8004	8005	8011	8014	8020	8024	8025	8037	8050	8060	8066	8067	8073	8200	8211	8213	8215	8224	8229	8232	8240	8241	8246	8252	8258
2018-11-11 Sun	8011	8019	8022	8052	8067	8070	8072	8073	8076	8077	8079	8210	8214	8215	8224	8240	8241	8246	8252	8253	8257	8258
2018-11-12 Mon	3644	3650	3652	7025	8011	8023	8026	8029	8043	8063	8069	8071	8076	8081	8200	8204	8209	8210	8227	8229	8232	8233	8234	8236	8239	8242	8247	8248
2018-11-13 Tue	3625	3627	3644	3651	7128	7136	8001	8013	8019	8026	8032	8035	8036	8042	8047	8053	8065	8066	8070	8072	8083	8200	8203	8205	8210	8211	8214	8223	8231	8238	8249
2018-11-14 Wed	3626	3643	3698	7016	7028	8001	8005	8008	8010	8014	8032	8042	8044	8049	8051	8052	8053	8067	8072	8076	8083	8208	8219	8220	8224	8233	8238	8243	8248	8253
2018-11-15 Thu	3636	3648	3650	7028	7116	8000	8003	8012	8023	8028	8037	8041	8055	8056	8062	8063	8067	8075	8076	8077	8200	8204	8216	8220	8221	8223	8227	8248	8256	8258
2018-11-16 Fri	3621	3644	3651	7028	8004	8005	8011	8015	8022	8023	8024	8025	8029	8033	8063	8073	8074	8083	8200	8202	8211	8218	8224	8227	8232	8245	8250	8252	8257
2018-11-17 Sat	8003	8006	8019	8021	8028	8036	8040	8044	8047	8067	8075	8203	8205	8222	8224	8225	8229	8245	8247	8252	8257	8258	8259
2018-11-18 Sun	8000	8001	8004	8005	8006	8036	8040	8044	8065	8211	8215	8233	8234	8246	8247	8249	8250	8253	8254	8258	8259
2018-11-19 Mon	3603	3623	3654	7016	7028	8004	8012	8014	8015	8022	8029	8047	8049	8058	8060	8064	8066	8073	8078	8084	8202	8204	8206	8222	8223	8230	8234	8240	8241	8249
2018-11-20 Tue	2707	3636	3637	3649	7027	7134	8006	8007	8023	8033	8036	8058	8065	8066	8070	8071	8075	8084	8204	8211	8212	8230	8234	8244	8250	8252	8255	8258	8259
2018-11-21 Wed	3603	3655	3656	7102	7128	8004	8007	8010	8012	8022	8028	8035	8043	8051	8055	8056	8066	8070	8084	8201	8212	8217	8224	8225	8226	8236	8245	8246	8248	8250
2018-11-22 Thu	3600	3621	3625	3627	3651	7012	7016	7019	7023	7028	7101	7102	7116	7125	7128	7129	7130	7131	7132	7134	7136
2018-11-23 Fri	3604	3645	3648	7135	7137	8002	8013	8015	8022	8023	8032	8033	8049	8058	8063	8064	8065	8077	8081	8201	8202	8211	8212	8213	8221	8223	8235	8240	8241	8252	8254
2018-11-24 Sat	8001	8004	8007	8042	8043	8048	8056	8063	8068	8071	8076	8081	8203	8206	8210	8212	8220	8227	8229	8250	8253	8254	8259
2018-11-25 Sun	8000	8012	8022	8025	8032	8034	8038	8042	8056	8065	8069	8071	8072	8076	8083	8203	8217	8221	8225	8232	8243	8248	8249
2018-11-26 Mon	3603	3627	3649	7102	7131	8001	8004	8008	8009	8014	8022	8025	8033	8040	8044	8052	8055	8061	8062	8200	8203	8209	8213	8218	8230	8233	8239	8241	8244	8249	8253
2018-11-27 Tue	3604	3623	3699	7019	7116	8005	8012	8014	8024	8031	8037	8042	8043	8047	8058	8064	8065	8068	8071	8073	8074	8209	8231	8235	8240	8243	8248	8249	8259
2018-11-28 Wed	3625	3637	3640	3651	7136	8002	8015	8027	8028	8029	8032	8056	8069	8071	8072	8073	8080	8202	8203	8204	8214	8216	8220	8223	8237	8238	8239	8243	8249
2018-11-29 Thu	3604	3625	3655	7113	8005	8010	8011	8035	8039	8043	8053	8067	8069	8070	8071	8073	8077	8079	8081	8201	8202	8213	8219	8220	8228	8236	8244	8245	8250	8257
2018-11-30 Fri	3621	3639	3653	7028	8010	8013	8015	8026	8028	8032	8037	8043	8056	8072	8074	8080	8083	8204	8209	8213	8217	8220	8221	8223	8230	8239	8240	8241	8245	8247
2018-12-01 Sat	8002	8005	8009	8020	8021	8039	8040	8064	8066	8068	8079	8083	8201	8202	8213	8220	8230	8238	8239	8244	8249	8254	8257
2018-12-02 Sun	8005	8028	8029	8041	8056	8058	8061	8062	8069	8073	8079	8084	8207	8208	8224	8232	8241	8244	8247	8249	8251	8254
2018-12-03 Mon	3631	3636	3640	3645	7132	8000	8022	8024	8033	8043	8052	8056	8059	8060	8074	8202	8205	8207	8217	8220	8221	8224	8225	8226	8229	8231	8233	8234	8238	8249	8250
2018-12-04 Tue	3628	3650	3653	7131	7134	8019	8027	8029	8038	8048	8060	8064	8065	8066	8072	8078	8203	8206	8208	8211	8215	8222	8224	8227	8228	8236	8239	8243	8252	8253
2018-12-05 Wed	3600	3628	3632	7028	7134	8001	8009	8013	8014	8015	8019	8024	8032	8034	8039	8041	8049	8055	8067	8068	8208	8209	8214	8218	8225	8233	8234	8241	8243	8245	8257
2018-12-06 Thu	3632	3647	3654	7131	7134	8000	8006	8019	8027	8032	8037	8049	8051	8052	8057	8062	8063	8071	8072	8073	8081	8201	8206	8207	8210	8219	8223	8224	8225	8243	8249	8257
2018-12-07 Fri	3652	3653	3655	7102	7128	8009	8011	8018	8026	8032	8033	8038	8055	8058	8065	8066	8072	8076	8078	8081	8202	8207	8211	8223	8227	8228	8229	8238	8248	8251
2018-12-08 Sat	8002	8003	8006	8008	8009	8015	8025	8032	8046	8055	8057	8058	8059	8061	8063	8077	8078	8083	8207	8219	8223	8228	8238	8239	8240
2018-12-09 Sun	8002	8007	8013	8025	8037	8043	8052	8062	8078	8079	8203	8205	8208	8209	8214	8215	8223	8225	8245	8248	8251	8258
2018-12-10 Mon	3645	3647	3650	7019	7028	8001	8006	8022	8026	8034	8038	8040	8050	8055	8056	8058	8059	8062	8064	8073	8080	8083	8209	8216	8218	8224	8236	8239	8241	8252
2018-12-11 Tue	3631	3637	3641	7102	7127	8003	8006	8009	8016	8024	8025	8026	8031	8034	8046	8051	8052	8055	8058	8061	8062	8201	8204	8210	8218	8220	8221	8225	8235	8250	8254
2018-12-12 Wed	3603	3634	3639	7012	7137	8010	8014	8015	8031	8037	8047	8050	8053	8057	8059	8061	8065	8069	8075	8200	8204	8205	8208	8211	8212	8221	8223	8225	8231	8236	8253
2018-12-13 Thu	3603	3624	3648	7113	7130	8007	8009	8011	8019	8020	8033	8038	8047	8055	8062	8065	8071	8074	8076	8204	8205	8211	8214	8216	8221	8228	8234	8240	8242	8244	8248
2018-12-14 Fri	3631	3636	3656	7019	7134	8006	8007	8011	8014	8021	8023	8024	8032	8033	8038	8043	8044	8050	8062	8064	8071	8075	8078	8208	8218	8225	8229	8236	8240	8241	8243	8245
2018-12-15 Sat	8004	8009	8013	8032	8033	8049	8057	8059	8063	8065	8069	8078	8206	8209	8214	8217	8218	8226	8227	8229	8234	8235	8250
2018-12-16 Sun	8013	8014	8019	8037	8039	8044	8049	8050	8055	8057	8061	8062	8204	8225	8227	8228	8241	8249	8254	8257	8259
2018-12-17 Mon	3622	3638	3641	3698	7102	7125	8003	8018	8019	8024	8025	8027	8049	8056	8058	8059	8061	8068	8072	8073	8074	8081	8082	8200	8203	8205	8208	8227	8232	8245	8246	8249	8250	8251
2018-12-18 Tue	3600	3649	3656	7023	7027	8011	8015	8027	8028	8038	8043	8046	8049	8052	8054	8057	8069	8071	8077	8078	8205	8213	8218	8222	8226	8233	8234	8246	8249	8253
2018-12-19 Wed	3604	3625	3635	7028	7130	8005	8008	8013	8022	8024	8025	8027	8032	8039	8042	8043	8049	8050	8054	8057	8061	8201	8202	8203	8204	8224	8227	8229	8233	8234	8243	8250	8251
2018-12-20 Thu	3650	3654	3699	7116	7130	8007	8023	8033	8049	8054	8057	8062	8067	8068	8073	8083	8200	8201	8202	8206	8208	8210	8215	8218	8219	8223	8224	8232	8241	8247	8248	8252
2018-12-21 Fri	3601	3602	3652	7125	7128	8001	8009	8018	8022	8033	8038	8040	8041	8044	8047	8057	8058	8061	8065	8074	8076	8083	8205	8206	8220	8222	8224	8229	8237	8245	8259
2018-12-22 Sat	8001	8006	8023	8024	8025	8033	8034	8035	8056	8058	8064	8065	8072	8079	8204	8221	8222	8233	8237	8243	8246	8247	8255
2018-12-23 Sun	8008	8013	8018	8020	8021	8032	8033	8038	8040	8055	8061	8063	8078	8079	8200	8212	8222	8229	8245	8250	8251
2018-12-24 Mon	3602	3632	3656	7016	7125	8001	8004	8026	8033	8034	8041	8042	8043	8053	8055	8059	8063	8077	8206	8213	8217	8220	8222	8223	8224	8225	8226	8230	8241	8244	8245	8257
2018-12-25 Tue	3622	3637	3652	7012	7016	7017	7018	7023	7025	7027	7102	7113	7116	7125	7127	7128	7131	7133	7134	7135	7136	7137
2018-12-26 Wed	3604	3627	3645	7101	8002	8004	8015	8019	8023	8024	8025	8027	8028	8052	8059	8062	8068	8069	8075	8080	8201	8206	8212	8215	8217	8218	8219	8223	8232	8236	8241
2018-12-27 Thu	3604	3637	3641	7128	7132	8001	8002	8018	8020	8022	8026	8031	8036	8038	8047	8049	8058	8061	8068	8077	8200	8201	8205	8214	8218	8226	8233	8236	8239	8247	8251
2018-12-28 Fri	3639	3648	3698	7027	7131	8009	8022	8026	8027	8031	8035	8049	8058	8079	8080	8084	8206	8208	8215	8218	8220	8228	8233	8238	8239	8240	8241	8252	8255	8259
2018-12-29 Sat	8002	8007	8009	8011	8019	8026	8033	8046	8053	8054	8057	8064	8069	8077	8084	8203	8216	8230	8233	8234	8241	8249	8252
2018-12-30 Sun	8006	8026	8041	8053	8054	8055	8058	8064	8068	8074	8080	8201	8208	8210	8215	8217	8223	8236	8246	8249	8254
2018-12-31 Mon	3622	3627	3636	7018	7101	8000	8019	8021	8030	8036	8042	8047	8048	8049	8052	8063	8064	8066	8068	8076	8084	8204	8208	8209	8213	8219	8222	8228	8236	8239	8258
2019-01-01 Tue	3622	3640	3646	3650	3654	7012	7016	7019	7023	7025	7027	7028	7101	7102	7116	7125	7127	7129	7131	7133	7134
2019-01-02 Wed	3622	3646	3656	7023	7134	8002	8004	8017	8022	8026	8027	8030	8032	8033	8038	8042	8055	8056	8064	8074	8077	8083	8200	8208	8220	8223	8228	8235	8241	8251	8253	8255
2019-01-03 Thu	3600	3642	3655	7019	7130	8004	8006	8011	8013	8014	8015	8019	8028	8042	8043	8046	8050	8053	8056	8069	8072	8082	8200	8205	8212	8220	8225	8235	8236	8237	8252
2019-01-04 Fri	3604	3634	3652	7012	7113	8007	8009	8011	8017	8025	8028	8037	8048	8052	8064	8066	8069	8073	8084	8207	8209	8215	8217	8219	8222	8229	8233	8242	8247	8249	8254
2019-01-05 Sat	8013	8017	8018	8031	8032	8039	8046	8062	8063	8068	8077	8079	8203	8210	8222	8224	8225	8227	8229	8240	8242	8249	8262
2019-01-06 Sun	8010	8017	8025	8039	8044	8052	8057	8058	8068	8071	8079	8082	8084	8213	8214	8227	8234	8244	8249	8262	8291
2019-01-07 Mon	3631	3636	3699	7017	7027	8000	8025	8026	8034	8037	8041	8046	8049	8061	8066	8073	8074	8075	8080	8084	8209	8219	8221	8222	8230	8235	8239	8241	8246	8252	8291
2019-01-08 Tue	3602	3634	3645	7018	7125	8002	8004	8005	8011	8023	8027	8037	8040	8041	8049	8050	8058	8060	8071	8204	8212	8216	8221	8227	8228	8229	8238	8246	8248	8249	8251	8259	8290
2019-01-09 Wed	3625	3635	3650	7102	7136	8000	8010	8011	8019	8022	8031	8036	8044	8052	8058	8069	8072	8076	8078	8201	8209	8210	8213	8219	8220	8234	8239	8250	8258	8291
2019-01-10 Thu	3600	3641	3645	3653	7125	8005	8013	8022	8040	8041	8042	8046	8052	8054	8059	8063	8065	8203	8214	8222	8224	8229	8231	8233	8237	8238	8242	8246	8251	8257	8290
2019-01-11 Fri	3623	3625	3652	7116	7129	8004	8006	8009	8013	8015	8027	8029	8042	8048	8058	8061	8073	8078	8080	8082	8202	8217	8224	8228	8237	8238	8239	8244	8250	8252	8259
2019-01-12 Sat	8015	8016	8018	8033	8034	8041	8046	8047	8049	8051	8054	8060	8061	8074	8207	8221	8225	8233	8246	8249	8250	8252	8296
2019-01-13 Sun	8005	8018	8029	8036	8037	8039	8043	8047	8061	8064	8071	8075	8084	8205	8207	8210	8212	8218	8230	8245	8290	8291
2019-01-14 Mon	3646	3649	3650	7012	7127	8010	8011	8022	8024	8029	8034	8036	8039	8040	8047	8055	8057	8058	8061	8064	8069	8070	8072	8083	8215	8221	8228	8237	8242	8248	8253	8259
