2018-09-17 Mon	4301	4312	4331	4348	4372	4375	4380	4384	4397	4398	4399	4402
2018-09-18 Tue	4307	4309	4312	4340	4342	4344	4365	4390	4391	4394	4399	4403	4408
2018-09-19 Wed	4342	4346	4348	4353	4367	4369	4371	4374	4375	4380	4383	4399	4404
2018-09-20 Thu	4302	4312	4316	4338	4339	4346	4352	4360	4362	4363	4367	4375	4393	4400
2018-09-21 Fri	4302	4309	4312	4314	4323	4330	4344	4366	4367	4369	4377	4393	4397
2018-09-24 Mon	4307	4320	4323	4331	4333	4338	4344	4361	4372	4375	4377	4408
2018-09-25 Tue	4310	4317	4325	4348	4355	4365	4373	4382	4384	4388	4390	4396	4399	4400
2018-09-26 Wed	4301	4305	4312	4320	4321	4339	4363	4365	4376	4377	4380	4394	4396	4397
2018-09-27 Thu	4311	4325	4338	4340	4341	4351	4355	4362	4365	4371	4382	4387	4399	4401
2018-09-28 Fri	4314	4321	4330	4332	4342	4345	4346	4356	4363	4371	4374	4393	4409
2018-09-29 Sat	3634	3640	7028	7081	7127	7128	7134
2018-09-30 Sun	3644	3654	7101	7120	7133
2018-10-01 Mon	4302	4320	4321	4326	4327	4328	4342	4345	4353	4355	4368	4387	4388
2018-10-02 Tue	4301	4303	4310	4311	4312	4321	4339	4361	4367	4371	4373	4387	4390	4398
2018-10-03 Wed	4303	4304	4305	4308	4309	4321	4339	4342	4346	4349	4351	4355	4364
2018-10-04 Thu	4305	4310	4316	4322	4326	4327	4340	4353	4356	4358	4380	4397	4408
2018-10-05 Fri	4311	4330	4360	4361	4363	4371	4379	4380	4382	4385	4392	4398	4401	4408	4409
2018-10-06 Sat	3601	3645	3651	7019	7082	7111	7128
2018-10-07 Sun	3601	7032	7035	7082	7087
2018-10-08 Mon	4325	4331	4339	4348	4355	4358	4361	4362	4365	4377	4382	4385	4393
2018-10-09 Tue	4327	4329	4337	4345	4361	4369	4379	4384	4388	4390	4391	4396	4405
2018-10-10 Wed	4312	4336	4359	4366	4369	4372	4375	4381	4389	4393	4401	4406
2018-10-11 Thu	4302	4311	4329	4332	4359	4367	4373	4377	4382	4383	4385	4393	4403
2018-10-12 Fri	4320	4327	4330	4346	4348	4353	4361	4376	4377	4384	4386	4396	4409
2018-10-13 Sat	3601	3625	3636	3640	7070	7113	7116
2018-10-14 Sun	3646	7016	7122	7124	7128
2018-10-15 Mon	4303	4309	4310	4317	4325	4331	4342	4352	4369	4371	4389	4390	4392	4398
2018-10-16 Tue	4315	4327	4330	4338	4339	4344	4347	4348	4352	4362	4389	4394
2018-10-17 Wed	4305	4308	4324	4338	4353	4370	4377	4381	4392	4393	4397	4399	4403
2018-10-18 Thu	4302	4308	4312	4325	4333	4338	4361	4369	4370	4387	4388	4404	4408
2018-10-19 Fri	4308	4310	4313	4314	4315	4325	4330	4344	4346	4352	4355	4384	4403
2018-10-20 Sat	3625	3639	3646	3652	3698	3699	7108	7112
2018-10-21 Sun	3602	3623	3635	3698	7105
2018-10-22 Mon	4302	4307	4309	4317	4329	4357	4360	4367	4379	4382	4390	4393	4402
2018-10-23 Tue	4302	4307	4316	4348	4353	4359	4367	4370	4376	4384	4385	4404	4408
2018-10-24 Wed	4301	4316	4323	4325	4333	4344	4358	4369	4381	4394	4400	4404	4405
2018-10-25 Thu	4303	4310	4314	4330	4342	4355	4356	4360	4363	4379	4401	4404
2018-10-26 Fri	4301	4313	4316	4317	4330	4338	4350	4364	4374	4396	4400	4406
2018-10-27 Sat	3627	3636	3638	3647	3656	7087	7129	7132
2018-10-28 Sun	3636	3652	7132	7134	7137
2018-10-29 Mon	4319	4321	4323	4355	4356	4358	4360	4388	4390	4399	4404	4406	4409
2018-10-30 Tue	4305	4309	4310	4314	4316	4319	4322	4345	4350	4360	4362	4369	4374	4391	4403
2018-10-31 Wed	4303	4308	4323	4324	4337	4338	4361	4374	4376	4392	4394	4403
2018-11-01 Thu	4304	4345	4352	4368	4369	4376	4378	4381	4390	4391	4400
2018-11-02 Fri	4330	4333	4358	4364	4365	4372	4382	4384	4387	4394	4395	4401	4402
2018-11-03 Sat	3633	3641	3647	3653	7005	7023	7113
2018-11-04 Sun	3637	3638	7011	7128	7159
2018-11-05 Mon	4301	4303	4304	4313	4318	4345	4347	4355	4378	4382	4396	4402	4404
2018-11-06 Tue	4302	4317	4337	4370	4381	4382	4384	4385	4389	4390	4400	4405
2018-11-07 Wed	4300	4307	4320	4346	4356	4365	4370	4377	4380	4385	4386	4396	4397	4408
