2018-09-17 Mon	8104	8105	8109	8110	8112	8135
2018-09-18 Tue	7141	8100	8102	8114	8122	8125	8129	8132	8137	8146	8147	8149
2018-09-19 Wed	8103	8106	8112	8116	8125	8129	8130	8134	8145	8148	8295
2018-09-20 Thu	8102	8107	8110	8112	8116	8128	8131	8133	8135	8139	8142	8145
2018-09-21 Fri	7046	8108	8116	8117	8129	8131	8134	8135	8138	8139	8144	8146
2018-09-24 Mon	8106	8110	8117	8129	8131	8133	8134	8141	8142	8146
2018-09-25 Tue	6982	8105	8115	8117	8118	8136	8138	8140	8141	8142	8147
2018-09-26 Wed	8100	8103	8127	8128	8129	8131	8134	8141	8142	8145
2018-09-27 Thu	6981	8105	8106	8107	8108	8119	8120	8122	8126	8129	8136	8146
2018-09-28 Fri	8115	8119	8124	8132	8140	8141	8149
2018-10-01 Mon	8100	8106	8108	8112	8114	8120	8125	8134	8139	8144
2018-10-02 Tue	8115	8118	8119	8124	8126	8128	8129	8139	8141	8142	8147
2018-10-03 Wed	8123	8124	8129	8134	8139	8140
