2018-09-17 Mon	2600	2614	2628	2631	2668	2670	2739	2773	8271
2018-09-18 Tue	2600	2639	2641	2672	2675	2677	2684	2698	2734	2763	2766	2776	2791	2800	2806	2809	7004	8260	8263	8287
2018-09-19 Wed	2600	2606	2631	2652	2670	2672	2674	2676	2689	2691	2735	2762	2773	2779	2790	2794	8269	8280
2018-09-20 Thu	2639	2645	2648	2652	2673	2678	2683	2705	2711	2735	2736	2737	2738	2764	2773	2807	8264	8283	8285	8291
2018-09-21 Fri	2600	2604	2628	2644	2673	2674	2675	2684	2700	2710	2734	2737	2739	2770	2789	8261	8275	8289
2018-09-24 Mon	2600	2601	2634	2670	2674	2675	2800	2806	2809
2018-09-25 Tue	2631	2634	2642	2669	2670	2672	2676	2683	2702	2703	2734	2738	2773	2776	2790	2798	2805	2806	8262	8263	8279
2018-09-26 Wed	2612	2634	2647	2668	2669	2671	2673	2700	2702	2707	2738	2767	2779	2780	2791	2797	2798	2799	2801	8269	8289
2018-09-27 Thu	2612	2613	2634	2638	2670	2671	2674	2678	2700	2705	2739	2763	2771	2773	2791	2809	2810	8260	8268
2018-09-28 Fri	2647	2649	2670	2672	2673	2674	2735	2736	2737	2738	2762	2770	2799	2807	7084	8274	8277	8285
2018-10-01 Mon	2612	2628	2631	2634	2637	2638	2639	2645	2671	2681	2684	2700	2707	2773	2779	2802	2809	2810	7096	8270	8283
2018-10-02 Tue	2604	2634	2639	2672	2675	2676	2684	2700	2707	2736	2762	2790	2794	2799	2800	2801	2806	8261	8265	8278
2018-10-03 Wed	2614	2617	2668	2691	2764	2767	2776	2789	2798	2801	7094
2018-10-04 Thu	2616	2617	2629	2630	2645	2649	2652	2684	2689	2691	2698	2700	2762	2780	2790	2797	8265	8278	8292
2018-10-05 Fri	2604	2606	2617	2638	2668	2669	2670	2674	2678	2681	2734	2738	2779	2787	2802	2807	8277	8283	8293
2018-10-08 Mon	2601	2631	2639	2649	2651	2683	2684	2734	2765	2780	2789	2790	2800	2807	2809	2810	8272	8290	8295
2018-10-09 Tue	2601	2638	2639	2645	2649	2652	2669	2703	2765	2770	2776	2790	2791	2806	2809	2810	7096	8263	8290
2018-10-10 Wed	2604	2612	2614	2616	2617	2637	2640	2672	2683	2707	2762	2765	2787	2794	2797	2799	2810	8273	8298
2018-10-11 Thu	2613	2617	2629	2630	2645	2678	2689	2694	2707	2734	2736	2766	2767	2787	2791	2799	2802	2810	8270	8296
2018-10-12 Fri	2601	2613	2614	2618	2640	2642	2644	2673	2678	2684	2694	2765	2767	2770	2787	2794	2798	2802	8268	8284
2018-10-15 Mon	2612	2616	2631	2634	2640	2645	2651	2671	2672	2681	2705	2734	2735	2736	2738	2773	2791	2800	2805	8266	8268
2018-10-16 Tue	2614	2629	2631	2634	2637	2648	2672	2674	2678	2683	2684	2691	2703	2705	2740	2799	8265	8268
2018-10-17 Wed	2600	2614	2618	2629	2637	2639	2640	2669	2671	2672	2683	2690	2707	2762	2794	2797	2802	7106	8272	8294
2018-10-18 Thu	2600	2601	2606	2612	2618	2640	2652	2668	2670	2701	2703	2707	2739	2765	2787	2794	2797	2802	8266	8294
2018-10-19 Fri	2616	2617	2628	2629	2634	2639	2673	2676	2681	2698	2706	2736	2766	2786	2790	2794	2802	2807	8271	8293
2018-10-22 Mon	2634	2637	2639	2649	2651	2671	2689	2698	2761	2763	2764	2767	2773	2790	2795	2797	8261	8272	8298
2018-10-23 Tue	2613	2614	2616	2629	2631	2634	2637	2640	2674	2676	2677	2683	2684	2689	2700	2734	2776	2797	2805	7112	8264	8269
2018-10-24 Wed	16	2616	2631	2645	2668	2669	2678	2684	2701	2739	2740	2776	2780	2794	2795	2797	2802	2806	7110	8263	8266	8291
2018-10-25 Thu	16	2618	2631	2637	2639	2649	2668	2670	2672	2677	2678	2680	2683	2689	2690	2739	2761	2765	8260	8266	8295
2018-10-26 Fri	2629	2630	2631	2648	2652	2658	2672	2678	2681	2690	2701	2702	2705	2734	2762	2791	2794	2807	8263	8285
2018-10-29 Mon	2600	2630	2651	2670	2671	2673	2674	2689	2703	2736	2738	2741	2762	2764	2765	2773	2776	2790	2795	2802	8270
2018-10-30 Tue	2612	2614	2649	2652	2658	2668	2669	2674	2676	2698	2700	2701	2703	2706	2776	2798	2806	8268	8278
2018-10-31 Wed	2602	2617	2618	2628	2645	2648	2649	2669	2670	2673	2675	2681	2684	2690	2700	2735	2786	2794	8282	8293
2018-11-01 Thu	2604	2612	2617	2634	2638	2640	2644	2645	2649	2669	2671	2672	2689	2700	2735	2736	2761	2805	8280	8284
2018-11-02 Fri	2606	2628	2631	2638	2641	2642	2645	2670	2689	2702	2705	2735	2738	2740	2762	2765	2789	2798	2805	8263	8289
2018-11-05 Mon	2601	2614	2618	2639	2645	2649	2670	2672	2674	2683	2690	2691	2698	2702	2706	2735	2766	2802	2809	2810	8269	8284
2018-11-06 Tue	2600	2630	2634	2642	2643	2668	2671	2683	2707	2736	2765	2776	2780	2786	2787	2789	2809	2810	8260	8291
2018-11-07 Wed	2602	2628	2637	2638	2640	2644	2649	2651	2669	2670	2672	2698	2700	2707	2737	2766	2773	2790	2800	8260	8295
2018-11-08 Thu	2604	2612	2618	2628	2629	2634	2658	2668	2670	2674	2678	2684	2690	2703	2766	2779	2797	2805	2806	8270	8297
2018-11-09 Fri	2606	2612	2628	2630	2640	2643	2645	2658	2669	2670	2674	2691	2707	2737	2765	2773	2791	2805	2809	8278	8295
2018-11-12 Mon	2600	2606	2614	2617	2638	2643	2649	2673	2674	2683	2689	2691	2700	2770	2791	2800	2802	2805	2806	8264	8297
2018-11-13 Tue	2614	2616	2638	2639	2640	2645	2651	2670	2675	2698	2700	2707	2734	2737	2765	2769	2795	2799	8276	8280
2018-11-14 Wed	2601	2602	2637	2640	2642	2643	2644	2645	2690	2707	2736	2738	2739	2740	2762	2763	2764	2770	8275	8297
2018-11-15 Thu	2602	2613	2630	2634	2637	2640	2651	2668	2677	2735	2737	2761	2776	2791	2805	8260	8264
2018-11-16 Fri	2601	2602	2612	2640	2647	2651	2652	2668	2669	2673	2678	2681	2691	2706	2762	2770	2779	2797	2810	8268	8272
2018-11-19 Mon	2612	2614	2618	2629	2639	2649	2652	2658	2669	2677	2678	2683	2703	2761	2764	2765	2805	8279	8283
2018-11-20 Tue	2600	2601	2612	2614	2628	2630	2644	2670	2673	2674	2684	2700	2734	2735	2761	2769	2795	8265	8269
2018-11-21 Wed	2600	2616	2617	2618	2642	2649	2670	2674	2677	2681	2735	2736	2761	2766	2770	2776	2779	2797	2809	8264	8296
