2018-09-17 Mon	6800	6814	6816	6817	6871	6874	6891	6912	6913	6914	6921	6923	6929	6951	6954	6973	6979	6981	6983	6985
2018-09-18 Tue	6800	6817	6857	6858	6859	6861	6863	6865	6870	6878	6883	6884	6923	6938	6948	6950	6951	6952	6955	6956	6957	6959	6977	6979	6981	6982	6983	6985	6997
2018-09-19 Wed	6816	6817	6855	6859	6861	6864	6870	6874	6878	6884	6885	6893	6912	6913	6921	6947	6948	6949	6950	6955	6956	6957	6959	6972	6977	6982
2018-09-20 Thu	6800	6815	6818	6857	6862	6865	6871	6878	6883	6884	6885	6893	6912	6913	6929	6938	6939	6948	6951	6956	6957	6959	6973	6979	6981	6982	6983
2018-09-21 Fri	6800	6815	6817	6855	6857	6858	6859	6861	6862	6870	6878	6891	6893	6912	6913	6923	6947	6951	6952	6953	6954	6955	6957	6959	6977	6981	6982	6983	6984	6987
2018-09-22 Sat	6800	6816	6855	6856	6857	6858	6859	6861	6862	6870	6874	6885	6923	6957	6959	6972	6977	6987
2018-09-23 Sun	2703	6814	6856	6858	6861	6862	6885	6893	6921	6938	6952	6955	6972	6979	6985	6987
2018-09-24 Mon	6815	6816	6817	6856	6857	6858	6862	6865	6874	6885	6891	6923	6939	6947	6948	6950	6954	6955	6956	6957	6959	6972	6973	6981	6982	6983	6984	6985	6987	6997
2018-09-25 Tue	6800	6814	6817	6818	6856	6857	6858	6859	6862	6865	6870	6874	6885	6892	6893	6929	6938	6949	6951	6954	6955	6959	6973	6977	6979	6982	6984	6985	6997
2018-09-26 Wed	6816	6817	6856	6857	6858	6861	6862	6863	6870	6874	6878	6884	6892	6923	6929	6938	6947	6949	6950	6954	6955	6957	6959	6973	6977	6981	6982	6984	6985	6987
2018-09-27 Thu	6800	6813	6816	6817	6856	6857	6858	6862	6864	6870	6874	6883	6885	6891	6893	6923	6929	6938	6939	6947	6950	6951	6953	6955	6956	6959	6972	6973	6984	6997	8101
2018-09-28 Fri	6800	6815	6816	6818	6855	6858	6859	6860	6863	6864	6865	6870	6874	6885	6891	6929	6949	6950	6951	6953	6955	6959	6972	6979	6981	6982	6985	6997
2018-09-29 Sat	6800	6815	6856	6857	6860	6861	6864	6870	6874	6892	6893	6921	6938	6939	6955	6956	6981	6982	6987	6997
2018-09-30 Sun	6817	6830	6855	6859	6861	6874	6878	6923	6947	6953	6955	6959	6979
2018-10-01 Mon	6814	6815	6816	6817	6818	6830	6855	6856	6858	6859	6861	6863	6864	6865	6874	6883	6885	6921	6923	6938	6939	6949	6950	6954	6956	6957	6959	6981	6985
2018-10-02 Tue	6800	6815	6816	6818	6855	6856	6857	6858	6859	6863	6864	6865	6871	6874	6878	6883	6891	6892	6893	6921	6923	6929	6939	6951	6953	6956	6971	6977	6982	6983	6985
2018-10-03 Wed	6800	6815	6816	6817	6830	6855	6857	6858	6878	6883	6921	6923	6929	6939	6948	6951	6953	6954	6956	6959	6971	6972	6977	6981	6983	6984
