2018-09-17 Mon	7021	7057	7062	7164	7177	7182	7191	7193
2018-09-18 Tue	7026	7042	7105	7148	7174	7176	7179	7186	7188
2018-09-19 Wed	7020	7051	7055	7139	7142	7146	7150	7185	7191	7192
2018-09-20 Thu	7020	7026	7044	7049	7109	7154	7174	7180	7191
2018-09-21 Fri	7020	7026	7053	7060	7117	7142	7149	7172	7179
2018-09-24 Mon	7149	7155	7171	7172	7174	7177	7182
2018-09-25 Tue	7034	7051	7060	7139	7155	7167	7171	7174
2018-09-26 Wed	7034	7047	7138	7139	7149	7179	7185	7194
2018-09-27 Thu	7056	7060	7109	7147	7154	7166	7185	7198
2018-09-28 Fri	7020	7040	7042	7138	7152	7166	7167	7186
2018-10-01 Mon	7020	7031	7048	7062	7148	7152	7174	7185
2018-10-02 Tue	7046	7056	7145	7150	7154	7175	7182	7198
2018-10-03 Wed	7020	7060	7109	7145	7152	7156	7188	7190
2018-10-04 Thu	7048	7060	7150	7152	7168	7169	7179	7187
2018-10-05 Fri	7043	7167	7178	7179	7189	7190	7192	7195
2018-10-08 Mon	7026	7043	7053	7168	7177	7192	7197	7198
2018-10-09 Tue	7034	7047	7051	7056	7150	7151	7182	7188	7193
2018-10-10 Wed	7046	7049	7052	7060	7142	7153	7189	7192	7197
2018-10-11 Thu	7010	7021	7043	7146	7150	7189	7190	7194
2018-10-12 Fri	7014	7045	7056	7139	7141	7170	7171	7178
2018-10-15 Mon	7013	7042	7143	7150	7156	7170	7184	7186	7194
2018-10-16 Tue	7010	7042	7142	7151	7161	7185	7195	7197
2018-10-17 Wed	7014	7047	7143	7145	7149	7153	7156	7191
2018-10-18 Thu	7049	7053	7060	7061	7153	7166	7181	7185
2018-10-19 Fri	7010	7047	7051	7145	7148	7151	7185	7192
2018-10-22 Mon	7043	7048	7055	7139	7140	7142	7144	7149	7186
2018-10-23 Tue	7010	7020	7034	7047	7050	7060	7145	7185
2018-10-24 Wed	7021	7026	7056	7173	7180	7186	7194	7199
2018-10-25 Thu	7024	7143	7148	7152	7155	7165	7183	7195
2018-10-26 Fri	7041	7062	7148	7171	7179	7182	7188	7194
2018-10-29 Mon	7026	7051	7053	7141	7144	7165	7179	7192	7197
2018-10-30 Tue	7009	7041	7043	7052	7145	7164	7182	7195
2018-10-31 Wed	7044	7047	7054	7140	7145	7161	7183	7186
2018-11-01 Thu	7044	7049	7052	7062	7154	7163	7174	7175	7195	7197
2018-11-02 Fri	7045	7046	7109	7139	7145	7147	7155	7188
2018-11-05 Mon	7060	7061	7109	7139	7162	7165	7192	7195
2018-11-06 Tue	7020	7043	7044	7145	7146	7153	7169	7177
2018-11-07 Wed	7013	7024	7053	7062	7142	7162	7186	7199
2018-11-08 Thu	7047	7049	7055	7109	7139	7153	7156	7162	7163
2018-11-09 Fri	7010	7024	7139	7162	7163	7176	7179	7181
2018-11-12 Mon	7009	7024	7042	7053	7057	7061	7142	7181
2018-11-13 Tue	7015	7020	7144	7146	7149	7150	7161	7169	7189
2018-11-14 Wed	7021	7034	7059	7149	7150	7167	7169	7193
2018-11-15 Thu	7015	7020	7048	7183	7192	7194	7195	7197
2018-11-16 Fri	7045	7048	7049	7050	7146	7148	7154	7169
2018-11-19 Mon	7021	7041	7044	7051	7052	7054	7061	7153	7171
2018-11-20 Tue	7041	7055	7058	7145	7147	7155	7161	7188
2018-11-21 Wed	7044	7058	7148	7156	7163	7175	7181	7187
