2018-09-17 Mon	7024	7043	7049	7139
2018-09-18 Tue	7020	7026	7057	7117	7182	8116
2018-09-19 Wed	7026	7034	7148	7165	7172	7175	7188
2018-09-20 Thu	7021	7024	7051	7145	7163	7167	7194
2018-09-21 Fri	7041	7042	7048	7061	7180	7185	7192	7194
2018-09-22 Sat	7021	7151	7178
2018-09-23 Sun	7150	7192
2018-09-24 Mon	3757	7020	7049	7061	7154	7155	7173
2018-09-25 Tue	3753	7044	7046	7156	7166	7175	7180
2018-09-26 Wed	3701	3734	3749	7026	7041	7168	7171
2018-09-27 Thu	3728	3755	7020	7051	7155	7186	7189
2018-09-28 Fri	3702	3735	7049	7057	7169	7177
2018-09-29 Sat	7188	7194
2018-09-30 Sun	7045	7171
2018-10-01 Mon	7014	7051	7052	7145	7150	7197
2018-10-02 Tue	3715	3734	7044	7049	7109	7139	7187
2018-10-03 Wed	7034	7051	7150	7185
