2018-09-17 Mon	7060	8126	8133
2018-09-18 Tue	6815	6949	7043	7175	7194	8118
2018-09-19 Wed	6885	6954	6997	7057	7162	7164
2018-09-20 Thu	6816	6878	6977	7048	7119	7141	8134
2018-09-21 Fri	6914	6948	6977	7052	7139	7140	8101
2018-09-24 Mon	6893	6951	7045	7053	7178	8102
2018-09-25 Tue	6891	6953	7192	7199	8114	8126	8135
2018-09-26 Wed	6818	6891	7020	7024	7060	8107	8133
2018-09-27 Thu	6863	6957	7142	7145	7164	8101	8105
2018-09-28 Fri	6956	6957	7062	7198	8138
2018-10-01 Mon	6884	6947	7151	7193	8124	8133
2018-10-02 Tue	6865	6982	7145	7190	8101	8113	8129
2018-10-03 Wed	7015	8132	8142
