2018-09-17 Mon	6861	6955	6997	8118	8146	8149
2018-09-18 Tue	6816	6856	6863	6864	6885	6982	6984	8115	8116	8120	8139
2018-09-19 Wed	6817	6856	6883	6891	6951	6952	6954	6983	8105	8128	8141
2018-09-20 Thu	6858	6891	6914	6949	6952	6954	6977	6997	8119	8126	8141
2018-09-21 Fri	6856	6857	6859	6874	6891	6938	6951	8105	8125	8145
2018-09-24 Mon	6814	6818	6856	6859	6863	6878	6884	6979	7009	8105	8147
2018-09-25 Tue	6800	6816	6878	6885	6923	6956	6981	7180	8103	8119	8141
2018-09-26 Wed	6800	6818	6859	6885	6929	6939	6951	8125	8131	8137
2018-09-27 Thu	6855	6884	6954	6979	6984	6985	6986	6987	7149	8118	8124
2018-09-28 Fri	6813	6856	6956	7044	7145	8107	8120	8135
2018-10-01 Mon	6800	6813	6855	6950	6972	6977	6983	6984	7139	8119	8128
2018-10-02 Tue	6830	6856	6885	6949	6981	6985	6986	8115	8135	8146
2018-10-03 Wed	6891	6973	7192	8105	8137	8143
