2018-09-17 Mon	6855	6885	7042	8138
2018-09-18 Tue	6871	6979	6985	7141	8109	8112	8131	8138	8144
2018-09-19 Wed	6800	6858	6957	6973	7043	7255	8135	8140	8147
2018-09-20 Thu	6856	6891	6949	6954	6983	7046	7180	8120	8132
2018-09-21 Fri	6818	6939	6948	6950	6954	7179	8103	8146
2018-09-24 Mon	6857	6874	6938	6984	7044	7180	8102	8119	8128
2018-09-25 Tue	6861	6865	6957	6997	7061	8102	8103	8106	8122
2018-09-26 Wed	6814	6865	6939	6949	7009	8104	8110	8118	8124
2018-09-27 Thu	6863	6865	6949	6950	6987	7053	7057	8132	8145
2018-09-28 Fri	6857	6892	7142	8114	8127	8133
2018-10-01 Mon	6857	6878	6883	6929	7040	7046	8109	8116	8127
2018-10-02 Tue	6857	6861	6957	6973	7142	7177	8116	8122	8136
2018-10-03 Wed	6859	7024	8136	8145
2018-10-04 Thu	6871	6891	6983	7145	7152	8100	8108	8120	8149
2018-10-05 Fri	6813	6939	6956	7060	7193	8132	8135	8143	8144
2018-10-08 Mon	6862	6870	6948	6972	6983	7052	7059	8114	8122
2018-10-09 Tue	6816	6817	6830	6864	6893	7188	7192	8117	8133
2018-10-10 Wed	6874	6954	6973	6987	7154	7164	8105	8130
2018-10-11 Thu	6814	6816	6862	6987	7041	7199	8118	8123
2018-10-12 Fri	6800	6814	6830	6997	7050	7138	8104	8147
2018-10-15 Mon	6815	6818	6891	6972	7043	7197	8128	8130
2018-10-16 Tue	6862	6956	6959	6982	7056	7150	8108	8118
2018-10-17 Wed	6814	6947	6951	6959	6971	7059	7154	8126	8135
2018-10-18 Thu	6830	6864	6874	7156	7162	8102	8106	8117	8131
2018-10-19 Fri	6813	6864	6874	6947	6956	7142	7164	8124	8131
2018-10-22 Mon	6883	6939	6951	6971	7024	7044	8107	8115	8130
2018-10-23 Tue	6800	6815	6857	6861	7061	7109	8108	8128	8129
2018-10-24 Wed	6830	6858	6860	6955	6983	7050	7187	8103	8113
2018-10-25 Thu	6863	6923	6929	6971	7024	7153	8100	8101	8119
2018-10-26 Fri	6855	6861	6921	6982	7153	7163	8110	8126	8139
2018-10-29 Mon	6859	6865	6891	6892	7150	7180	8113	8127	8139
2018-10-30 Tue	6892	6952	6954	6957	7046	7178	8110	8111	8129
2018-10-31 Wed	6865	6938	6959	7024	7184	8103	8117	8124	8133
2018-11-01 Thu	6800	6884	6971	6983	6984	7173	7179	8114	8120
2018-11-02 Fri	6858	6948	6949	6955	6997	7057	7190	8102	8118
2018-11-05 Mon	6818	6858	6948	6959	7015	7145	8104	8105	8127
2018-11-06 Tue	6817	6857	6864	6956	6973	7048	7140	8146	8148
2018-11-07 Wed	6800	6855	6862	6892	6982	7043	7046	8108	8123
2018-11-08 Thu	6884	6892	6923	6947	6982	7060	7184	8123	8129
2018-11-09 Fri	6859	6948	6950	6984	7056	7059	7061	8100	8104
2018-11-12 Mon	6814	6829	6954	6987	7179	8109	8116	8137	8139
2018-11-13 Tue	6855	6883	6951	6971	7188	8100	8102	8136
2018-11-14 Wed	6858	6874	6883	6982	6987	7059	7192	8100	8131
2018-11-15 Thu	6861	6951	6982	6984	7139	8103	8131	8144
2018-11-16 Fri	6878	6923	6948	6979	7024	7154	7187	8138
2018-11-19 Mon	6955	6973	6982	6987	7010	8101	8112	8148
2018-11-20 Tue	6814	6883	6923	6977	7174	7195	8101	8115	8127
2018-11-21 Wed	6864	6923	6948	6971	6979	7048	7060	8110	8120
2018-11-23 Fri	6871	6885	6939	6971	7162	8119	8133
2018-11-26 Mon	3714	6953	6956	7150	8109	8117	8123	8126	8130
2018-11-27 Tue	6858	6953	7179	8103	8127	8130	8132	8136	8144
2018-11-28 Wed	6981	6982	7054	7061	8129	8132	8134	8135	8142
2018-11-29 Thu	6947	6948	6952	6971	7161	8108	8141	8142	8149
2018-11-30 Fri	6855	6865	6921	6948	6981	7015	7155	8124	8125
2018-12-03 Mon	6830	6956	6971	7010	7049	8101	8107	8124	8131
2018-12-04 Tue	6856	6983	6997	7060	7139	8103	8116	8129	8142
2018-12-05 Wed	6800	6883	6955	6997	7143	7183	8140	8146
2018-12-06 Thu	6954	6987	7144	7148	8102	8104	8112	8142
2018-12-07 Fri	6800	6815	6948	7161	8106	8116	8130	8136
2018-12-10 Mon	6858	6860	6891	6950	7010	7170	8115	8122	8129
2018-12-11 Tue	6955	7165	7193	8105	8118	8123	8125	8134	8141
2018-12-12 Wed	6858	6862	6878	6984	7150	7161	8100	8107	8110
2018-12-13 Thu	6857	6891	6957	7182	8113	8129	8145	8149
2018-12-14 Fri	6864	6950	6957	6977	8108	8110	8125	8133
2018-12-17 Mon	6818	6829	6959	6979	7049	7197	8111	8120	8141
2018-12-18 Tue	6856	6859	6870	7056	7199	8110	8116	8135	8143
2018-12-19 Wed	6874	6921	6955	7050	7139	7187	8115	8131
2018-12-20 Thu	6859	6878	6938	6987	7062	7185	8116	8130	8137
2018-12-21 Fri	6855	6953	6957	6983	7054	7056	8117	8122	8142
2018-12-24 Mon	6815	6947	6957	7010	7170	8116	8128	8134	8140
2018-12-26 Wed	6800	7024	7179	8100	8118	8120	8127	8134	8147
2018-12-27 Thu	6955	6985	7009	7014	8105	8114	8127	8140	8145
2018-12-28 Fri	6800	6830	7009	7143	7145	8113	8129	8136	8144
2018-12-31 Mon	6921	6957	6987	7009	7013	8106	8115	8119	8144
2019-01-02 Wed	6858	6874	6983	7175	7178	8107	8128	8131	8139
2019-01-03 Thu	6950	6973	7139	7164	7177	8117	8123	8129	8131
2019-01-04 Fri	6952	6954	7052	7170	8105	8125	8135	8143	8147
2019-01-07 Mon	6864	6883	6959	7153	7155	8107	8110	8130
2019-01-08 Tue	6862	6948	6971	6984	7040	7162	8105	8137	8145
2019-01-09 Wed	6855	6858	6957	7171	7185	8100	8105	8139	8147
2019-01-10 Thu	6856	6954	6971	6984	7139	8108	8112	8122	8132
2019-01-11 Fri	6862	6929	6952	7153	8117	8132	8139	8144	8149
2019-01-14 Mon	6814	6865	6871	6938	7055	7190	8100	8139	8141
