2018-09-17 Mon	7009	7041	7044	7175	7185
2018-09-18 Tue	7031	7048	7052	7147	7167
2018-09-19 Wed	7109	7147	7156	7166	7179
2018-09-20 Thu	7041	7061	7162	7169
2018-09-21 Fri	7043	7047	7162	7193	7255
2018-09-22 Sat	7052	7148	7173
2018-09-24 Mon	7048	7061	7139	7163	7169
2018-09-25 Tue	7031	7150	7164	7177	7193
2018-09-26 Wed	7046	7148	7153	7170	7173	7197
2018-09-27 Thu	7150	7153	7165	7194	7197
2018-09-28 Fri	7034	7150	7156
2018-09-29 Sat	7151	7162	7169
2018-10-01 Mon	7049	7057	7164	7167	7187	7199
2018-10-02 Tue	7015	7031	7162	7173	7178	7180
2018-10-03 Wed	7045	7149	7167	7182	7193
2018-10-04 Thu	7021	7163	7177	7180	7198
2018-10-05 Fri	7045	7046	7052	7163	7165
2018-10-06 Sat	7021	7041	7181
2018-10-08 Mon	7010	7141	7164	7166	7180
2018-10-09 Tue	7020	7060	7146	7186	7198
2018-10-10 Wed	7014	7015	7057	7059	7169
2018-10-11 Thu	7014	7040	7047	7149	7166	7168
2018-10-12 Fri	7013	7031	7041	7152	7169	7173
2018-10-13 Sat	7034	7154	7177	7185
2018-10-15 Mon	7052	7138	7139	7174	7193
2018-10-16 Tue	7050	7059	7141	7169	7199
2018-10-17 Wed	7013	7043	7048	7167	7172
2018-10-18 Thu	7013	7055	7109	7173	7198
2018-10-19 Fri	7052	7058	7059	7138	7179
2018-10-20 Sat	7034	7168	7173
2018-10-22 Mon	7109	7143	7162	7165	7188
2018-10-23 Tue	7154	7162	7169	7181	7189
2018-10-24 Wed	7014	7015	7044	7109	7143	7199
2018-10-25 Thu	7163	7169	7170	7172	7182
2018-10-26 Fri	7010	7052	7140	7172	7183
2018-10-27 Sat	7009	7171	7190
2018-10-29 Mon	7015	7045	7059	7145	7166	7189
2018-10-30 Tue	7049	7051	7142	7156	7173
2018-10-31 Wed	7010	7049	7051	7060	7142
2018-11-01 Thu	7041	7051	7165	7179	7198
2018-11-02 Fri	7041	7141	7152	7165	7166	7189
2018-11-03 Sat	7057	7062	7171
2018-11-05 Mon	7014	7024	7141	7169	7199
2018-11-06 Tue	7050	7165	7174	7179	7185
2018-11-07 Wed	7014	7138	7139	7146	7179
2018-11-08 Thu	7147	7154	7185	7187	7191
2018-11-09 Fri	7014	7140	7151	7154	7191
2018-11-10 Sat	7140	7176	7181
2018-11-12 Mon	7041	7052	7153	7161	7170	7191
2018-11-13 Tue	7021	7060	7165	7184	7198
2018-11-14 Wed	7046	7051	7164	7176	7199
