2018-09-17 Mon	7109	7144	7146	7156	7162	7166	7192	7255
2018-09-18 Tue	7009	7044	7055	7153	7154	7155	7156	7163	7180	7187
2018-09-19 Wed	7014	7024	7031	7042	7049	7141	7167	7180	7186	7193
2018-09-20 Thu	7034	7042	7105	7120	7142	7165	7166	7172	7179	7193
2018-09-21 Fri	7024	7031	7118	7119	7154	7156	7166	7167	7173	7186	7191
2018-09-22 Sat	7046	7139	7156	7162	7164	7167	7180	7182
2018-09-23 Sun	7021	7024	7031	7139	7179
2018-09-24 Mon	7021	7046	7057	7060	7150	7165	7167	7179	7190	7191	7194
2018-09-25 Tue	7009	7041	7045	7047	7052	7059	7154	7162	7165	7173	7191	7198
2018-09-26 Wed	7014	7031	7042	7045	7052	7156	7172	7187	7189	7191
2018-09-27 Thu	7031	7047	7048	7061	7062	7146	7156	7172	7191	7193
2018-09-28 Fri	7009	7046	7162	7168	7171	7193
2018-09-29 Sat	7043	7048	7053	7059	7138	7150	7155	7174	7175
2018-09-30 Sun	7061	7140	7155	7195
2018-10-01 Mon	7044	7058	7061	7154	7156	7168	7173	7175	7176	7194	7198
2018-10-02 Tue	7041	7045	7052	7147	7155	7164	7172	7179	7186	7191
2018-10-03 Wed	7044	7058	7154	7169	7177	7186	7187	7195
