2018-09-17 Mon	3602	3609	3647	7104
2018-09-18 Tue	2744	2746	3603	3604	3639	6877	7103	8243
2018-09-19 Wed	3621	3627	3671	6922	6940	6942	7023	8200
2018-09-20 Thu	3645	3653	3697	6836	6843	6879	7161	8248
2018-09-21 Fri	2758	3603	3611	3624	6903	6960	7016	8242
2018-09-24 Mon	3618	3621	3687	3698	6873	6906	6912	7018
2018-09-25 Tue	3617	3621	3651	3652	3675	6823	6898	6945	8047
2018-09-26 Wed	2656	3649	3650	3660	3662	6916	7019	8257
2018-09-27 Thu	2664	3616	3633	3652	3654	3683	6821	6873	8048
2018-09-28 Fri	2796	3628	3652	3672	3691	6903	7027
2018-10-01 Mon	2658	2752	2782	3631	3636	3671	3681	7135	8223
2018-10-02 Tue	2777	3604	3615	3621	3736	6850	6964	7102	8007
2018-10-03 Wed	3601	3625	3627	3659	3688
2018-10-04 Thu	2660	3614	3619	3631	3633	3643	6824	6945	8218
2018-10-05 Fri	2621	2662	3614	3646	3656	3742	6842	7101	8029
2018-10-08 Mon	2759	3604	3610	3628	3637	3658	6824	6843	8071
2018-10-09 Tue	2697	3607	3609	3621	3634	3648	6877	6879	8258
2018-10-10 Wed	3619	3627	3636	3663	6835	6851	6937	7018	8071
2018-10-11 Thu	2756	2777	3619	3627	3636	3738	6941	7134	8023
2018-10-12 Fri	2621	3604	3619	3650	3745	6825	6914	7018	8252
2018-10-15 Mon	3621	3662	3664	6828	6909	6940	7102	7132	8209
2018-10-16 Tue	2731	3604	3637	3659	3693	6898	6912	7025	8250
2018-10-17 Wed	2731	3613	3635	3665	3698	6867	6876	7019	8012
2018-10-18 Thu	2774	3621	3627	3676	3679	6842	6850	7017	8202
2018-10-19 Fri	2622	2750	3654	3659	3740	6945	7028	7113	8010
2018-10-22 Mon	3604	3641	3657	3662	6852	6854	6922	7132	8016
2018-10-23 Tue	3619	3623	3654	3685	6916	6946	6965	7102	8056
2018-10-24 Wed	2756	3602	3616	3628	3681	6825	6879	7128	8060
2018-10-25 Thu	2697	3614	3618	3641	3655	6887	6908	7130	8204
2018-10-26 Fri	2731	3605	3645	3650	3665	6831	6848	7134	8257
2018-10-29 Mon	2697	3628	3658	3663	3698	6916	6966	7025	8039
2018-10-30 Tue	3616	3635	3660	3698	6843	6913	6936	7018	8072
2018-10-31 Wed	3619	3640	3648	3662	6879	6922	7133	8206
2018-11-01 Thu	2730	2731	3601	3619	3637	3741	6876	7132	8254
2018-11-02 Fri	2731	3623	3651	3678	3741	6828	6936	7101	8232
2018-11-05 Mon	2660	3600	3610	3647	3651	3666	6877	6911	8213
2018-11-06 Tue	2682	2758	2759	3611	3639	3645	3738	7018	8204
2018-11-07 Wed	2620	2744	3618	3637	3651	3656	3675	6877	8058
2018-11-08 Thu	3634	3653	3657	3738	6823	6851	6934	7128	8225
2018-11-09 Fri	3610	3625	3650	3660	6848	6849	6887	7132	8058
2018-11-12 Mon	3640	3643	3672	6821	6836	6946	7025	8077
2018-11-13 Tue	3621	3626	3663	3747	6820	6909	6936	7128	8226
2018-11-14 Wed	2619	2783	3623	3627	3684	3743	6900	7016	8206
2018-11-15 Thu	3627	3678	3698	3745	6911	6944	6961	7116	8071
2018-11-16 Fri	2744	3619	3641	3645	3672	6835	6875	7028	8010
2018-11-19 Mon	3614	3630	3637	3640	6819	6895	6937	7028	8210
2018-11-20 Tue	3600	3602	3610	3663	6836	6898	6906	7134	8227
2018-11-21 Wed	2754	3608	3632	3648	3681	6841	6875	7102	8230
2018-11-23 Fri	2756	3640	3649	3697	6835	6838	7137	8255
2018-11-26 Mon	3603	3608	3637	3738	6828	6840	6912	7131	8216
2018-11-27 Tue	2756	3612	3637	3655	3658	6847	6852	7019	8083
2018-11-28 Wed	2666	2782	3623	3637	3656	3663	6936	8079
2018-11-29 Thu	3604	3609	3642	3663	3699	6853	6905	6937	8252
2018-11-30 Fri	2733	2757	3640	3641	3665	3693	6966	7028	8008
2018-12-03 Mon	2666	2774	3606	3631	3632	3656	3738	6901	8061
2018-12-04 Tue	3600	3647	3661	3662	6853	6879	6965	7134	8084
2018-12-05 Wed	2743	3635	3640	3689	3691	6907	6912	7134	8254
2018-12-06 Thu	3637	3654	3679	3686	6877	6879	6960	7134	8257
2018-12-07 Fri	2760	3608	3617	3631	6834	6903	7102	7135	8024
2018-12-10 Mon	2796	3614	3625	3653	3668	6834	6843	7019	8081
2018-12-11 Tue	2657	2660	3624	3645	3657	6840	6941	7127	8023
2018-12-12 Wed	2760	3642	3655	3668	3695	6875	6940	7012	8201
2018-12-13 Thu	2796	3614	3638	3649	3673	6908	6964	7113	8238
2018-12-14 Fri	2621	3640	3650	3671	3692	6839	6877	7134	8038
2018-12-17 Mon	2620	2788	3635	3643	3726	6831	7125	8239
2018-12-18 Tue	2666	3604	3617	3639	6822	6844	7027	8223
2018-12-19 Wed	3621	3651	3663	6831	6888	6965	7130	8236
2018-12-20 Thu	3636	3652	3675	6867	6888	6922	7116	8005
2018-12-21 Fri	2754	2777	3622	3639	3667	6943	7125	8237
2018-12-24 Mon	2757	3605	3650	3654	6825	6961	7125	8244
2018-12-26 Wed	2751	3622	3635	3658	6839	6934	7101	8058
2018-12-27 Thu	3607	3635	3698	6826	6936	6946	7128	8249
2018-12-28 Fri	2682	2731	3650	3654	3664	6835	7027	8240
2018-12-31 Mon	2751	3600	3656	3663	6849	6965	7101	8004
2019-01-02 Wed	2759	3626	3638	3696	6915	7134	8233
2019-01-03 Thu	2788	3617	3627	3642	3659	6900	6901	7130	8239
2019-01-04 Fri	2660	2750	3610	3622	3672	3699	6826	7113	8212
2019-01-07 Mon	3642	3654	3672	3684	6913	6914	6940	7017	8022
2019-01-08 Tue	2621	2697	2733	3625	3681	3693	3699	7125	8244
2019-01-09 Wed	2697	2730	2760	3610	3619	3624	3641	7102	8080
2019-01-10 Thu	2774	3605	3644	3645	3648	3669	6836	6904	8069
2019-01-11 Fri	2666	2686	3609	3625	3629	3638	6908	7129	8077
2019-01-14 Mon	2656	2745	3606	3624	3668	6846	7012	7017	8228
