2018-09-17 Mon	7009	7046	7047	7051	7175	7185	7190
2018-09-18 Tue	7031	7052	7139	7147	7150	7187	7192
2018-09-19 Wed	7052	7109	7147	7154	7166	7180	7182
2018-09-20 Thu	7040	7061	7120	7143	7162	7169	7186	7255
2018-09-21 Fri	7009	7043	7062	7118	7155	7162	7193
2018-09-22 Sat	7014	7109
2018-09-23 Sun	7021	7024	7031	7139	7179
2018-09-24 Mon	7061	7139	7140	7148	7151	7169	7191
2018-09-25 Tue	7059	7140	7142	7150	7153	7164	7193
2018-09-26 Wed	7042	7170	7173	7192	7197	7198	7199
2018-09-27 Thu	7021	7062	7150	7165	7175	7176	7197
2018-09-28 Fri	7048	7050	7053	7146	7151	7192
2018-09-29 Sat	7153	7171
2018-09-30 Sun	7061	7140	7155	7195
2018-10-01 Mon	7041	7044	7153	7164	7167	7186	7187
2018-10-02 Tue	7015	7057	7140	7162	7179	7180	7197
2018-10-03 Wed	7014	7143	7153	7167	7170	7182	7193
