2018-09-17 Mon	7046	7048	7105	7109	7119	7143	7144	7146	7156	7162	7166	7192	7198	7199	7255
2018-09-18 Tue	7009	7034	7044	7055	7062	7145	7153	7154	7155	7156	7163	7164	7180	7187	7195
2018-09-19 Wed	7014	7024	7031	7041	7042	7049	7059	7141	7149	7167	7175	7180	7186	7193	7195
2018-09-20 Thu	7031	7034	7042	7105	7120	7142	7146	7165	7166	7172	7179	7187	7188	7190	7193
2018-09-21 Fri	7024	7031	7118	7119	7147	7153	7154	7156	7164	7166	7167	7173	7186	7190	7191	7199
2018-09-22 Sat	7046	7139	7156	7162	7164	7167	7180	7182
2018-09-23 Sun	7051	7146	7164	7169
2018-09-24 Mon	7021	7040	7044	7046	7057	7060	7143	7150	7165	7167	7175	7179	7187	7191	7194
2018-09-25 Tue	3721	7009	7041	7047	7052	7059	7152	7154	7162	7165	7170	7173	7191	7194	7197	7198
2018-09-26 Wed	7014	7031	7042	7045	7052	7062	7140	7150	7156	7172	7175	7176	7187	7189	7191
2018-09-27 Thu	7031	7042	7047	7048	7049	7061	7062	7146	7156	7172	7179	7180	7182	7191	7193
2018-09-28 Fri	7021	7024	7046	7047	7050	7061	7147	7162	7165	7168	7174	7178	7179	7182	7193
2018-09-29 Sat	7043	7048	7053	7059	7138	7150	7155	7174	7175
2018-09-30 Sun	7061	7138	7163	7174	7197
2018-10-01 Mon	7044	7045	7056	7058	7061	7154	7156	7168	7171	7173	7175	7176	7179	7192	7194	7195	7198
2018-10-02 Tue	7013	7041	7045	7052	7060	7147	7152	7153	7155	7163	7164	7172	7179	7186	7191
2018-10-03 Wed	7044	7049	7053	7058	7059	7147	7151	7153	7154	7169	7177	7178	7186	7187	7195
2018-10-04 Thu	7020	7034	7042	7045	7057	7139	7148	7155	7165	7166	7175	7176	7182	7188	7189	7192	8146
2018-10-05 Fri	7009	7034	7041	7042	7048	7051	7053	7142	7143	7146	7156	7162	7172	7177	7181	7186
2018-10-06 Sat	7013	7020	7051	7143	7150	7151	7153	7190
2018-10-07 Sun	7059	7162	7168	7198
2018-10-08 Mon	7009	7021	7044	7047	7147	7150	7151	7153	7167	7181	7182	7184	7185	7188	7193	7195
2018-10-09 Tue	7009	7031	7043	7046	7050	7057	7062	7154	7163	7164	7165	7173	7175	7179	7184	7190	7194
2018-10-10 Wed	7021	7026	7045	7139	7150	7162	7163	7168	7171	7173	7178	7180	7182	7184	7198
2018-10-11 Thu	7046	7050	7053	7060	7143	7151	7152	7156	7164	7169	7175	7184	7185	7187	7197
2018-10-12 Fri	7034	7046	7047	7050	7059	7149	7154	7163	7176	7184	7188	7189	7191	7195	7198
2018-10-13 Sat	7010	7021	7050	7051	7056	7139	7140	7153	7165
2018-10-14 Sun	7052	7055	7147	7156
2018-10-15 Mon	7021	7026	7048	7140	7145	7146	7147	7154	7162	7163	7165	7168	7171	7175	7177	7181	7187	7190
2018-10-16 Tue	7014	7034	7044	7048	7058	7138	7139	7146	7149	7163	7165	7170	7174	7184	7189	7193
2018-10-17 Wed	7040	7041	7051	7053	7057	7061	7139	7142	7146	7151	7166	7169	7173	7184	7185	7188	7192
2018-10-18 Thu	7015	7024	7142	7146	7154	7161	7164	7165	7175	7177	7180	7186	7193	7194	7195
2018-10-19 Fri	7014	7031	7041	7053	7141	7144	7149	7156	7162	7165	7166	7168	7173	7184	7199
2018-10-20 Sat	7040	7047	7048	7058	7060	7147	7187	7194
2018-10-21 Sun	7031	7047	7147	7170
2018-10-22 Mon	7010	7015	7040	7041	7059	7061	7163	7164	7166	7169	7177	7179	7181	7182	7187
2018-10-23 Tue	7014	7031	7043	7052	7056	7057	7142	7152	7155	7163	7164	7165	7166	7167	7174	7179	7186	7194
2018-10-24 Wed	7010	7034	7059	7146	7147	7148	7151	7164	7166	7168	7177	7182	7188	7191	7195	7198
2018-10-25 Thu	7014	7026	7045	7053	7056	7156	7166	7168	7179	7181	7185	7186	7191	7197	7199
2018-10-26 Fri	7015	7026	7031	7034	7045	7050	7056	7061	7155	7162	7166	7168	7169	7173	7189
2018-10-27 Sat	7014	7024	7034	7140	7146	7161	7167	7180	7191
2018-10-28 Sun	7031	7046	7172	7173	7174	7184
2018-10-29 Mon	7031	7034	7043	7044	7046	7062	7143	7155	7161	7163	7167	7169	7171	7172	7183	7193
2018-10-30 Tue	7020	7034	7055	7058	7146	7148	7163	7165	7166	7167	7177	7188	7190	7192	7198
2018-10-31 Wed	7034	7041	7048	7138	7146	7147	7148	7166	7169	7172	7176	7179	7191	7198	7199
2018-11-01 Thu	7010	7015	7042	7043	7045	7046	7048	7138	7152	7156	7164	7166	7169	7184	7185	7194
2018-11-02 Fri	7014	7024	7026	7040	7042	7048	7052	7138	7143	7146	7156	7163	7171	7176	7180	7185	7191	7195
2018-11-03 Sat	7009	7024	7047	7141	7145	7165	7178	7180	7187
2018-11-04 Sun	7139	7150	7156	7193
2018-11-05 Mon	7026	7031	7044	7048	7049	7052	7056	7144	7151	7156	7167	7182	7187	7193	7197
2018-11-06 Tue	7015	7021	7056	7061	7062	7138	7150	7156	7164	7166	7172	7175	7176	7191	7192
2018-11-07 Wed	7010	7048	7057	7059	7109	7148	7153	7155	7164	7169	7175	7176	7187	7188	7191
2018-11-08 Thu	3753	7010	7014	7015	7042	7053	7054	7138	7148	7152	7155	7164	7167	7170	7182	7186
2018-11-09 Fri	7015	7034	7040	7042	7054	7055	7138	7148	7152	7161	7165	7167	7170	7173	7182
2018-11-10 Sat	7034	7048	7142	7144	7146	7165	7167	7184
2018-11-11 Sun	7154	7168	7184	7193
2018-11-12 Mon	7010	7031	7034	7040	7048	7053	7146	7147	7148	7156	7164	7165	7174	7176	7187	7192	7195	7199
2018-11-13 Tue	7009	7010	7013	7031	7052	7053	7054	7061	7138	7152	7168	7176	7179	7183	7191
2018-11-14 Wed	7010	7013	7014	7015	7020	7047	7053	7148	7155	7162	7165	7174	7180	7184	7185	7187
2018-11-15 Thu	7013	7024	7034	7044	7059	7060	7062	7142	7153	7154	7165	7167	7173	7175	7176	7191	7199
2018-11-16 Fri	7040	7044	7046	7047	7056	7057	7058	7141	7147	7153	7161	7163	7170	7175	7193	7198
2018-11-17 Sat	7045	7049	7055	7062	7163	7170	7180	7185	7189
2018-11-18 Sun	7041	7051	7164	7197
2018-11-19 Mon	7013	7026	7031	7042	7048	7050	7058	7147	7149	7150	7156	7162	7176	7187	7194
2018-11-20 Tue	7024	7031	7047	7051	7056	7151	7162	7168	7172	7175	7178	7182	7187	7193	7198
2018-11-21 Wed	7009	7010	7026	7041	7045	7053	7162	7168	7173	7174	7176	7177	7180	7197	7198	7199
2018-11-22 Thu	7024	7061	7161	7162	7185
2018-11-23 Fri	7009	7013	7040	7054	7061	7147	7148	7150	7163	7166	7168	7185	7188	7189	7190
2018-11-24 Sat	7021	7140	7148	7171	7177	7181	7193	7195
2018-11-25 Sun	7013	7044	7048	7197
2018-11-26 Mon	7040	7041	7047	7059	7109	7149	7161	7163	7169	7171	7172	7173	7180	7181	7193
2018-11-27 Tue	7015	7021	7024	7031	7046	7051	7053	7056	7058	7109	7141	7154	7168	7171	7173	7177	7188	7197
2018-11-28 Wed	7020	7049	7053	7109	7143	7145	7149	7156	7167	7168	7178	7182	7195	7197	7199
2018-11-29 Thu	7010	7014	7020	7022	7024	7056	7155	7165	7170	7172	7185	7187	7189	7190	7199
2018-11-30 Fri	7009	7040	7041	7049	7052	7054	7056	7060	7149	7156	7162	7164	7167	7168	7169
2018-12-01 Sat	7014	7041	7058	7139	7162	7185	7188	7194
2018-12-02 Sun	7031	7044	7058	7172
2018-12-03 Mon	7055	7056	7057	7059	7140	7141	7146	7150	7154	7165	7168	7170	7171	7174	7185	7186
2018-12-04 Tue	7024	7040	7058	7062	7141	7142	7145	7150	7156	7161	7162	7163	7164	7183	7199
2018-12-05 Wed	7020	7021	7022	7031	7045	7061	7062	7140	7153	7154	7162	7167	7173	7176	7181	7186	7187	7194
2018-12-06 Thu	3711	7034	7044	7045	7056	7060	7109	7140	7141	7143	7145	7154	7168	7174	7176	7182	7197
2018-12-07 Fri	7009	7020	7026	7031	7041	7048	7053	7148	7156	7167	7168	7169	7173	7179	7183	7186	7198
2018-12-08 Sat	7010	7034	7060	7151	7163	7182	7183	7190
2018-12-09 Sun	7009	7056	7165	7169	7178
2018-12-10 Mon	7022	7034	7044	7054	7062	7109	7166	7169	7171	7180	7181	7182	7190	7197	7198
2018-12-11 Tue	7021	7024	7040	7042	7139	7147	7162	7166	7169	7173	7181	7183	7188	7190	7192
2018-12-12 Wed	7009	7021	7022	7024	7031	7034	7045	7046	7051	7056	7145	7166	7168	7179	7188
2018-12-13 Thu	7009	7024	7026	7034	7053	7056	7057	7142	7153	7154	7156	7166	7174	7177	7184
2018-12-14 Fri	7048	7052	7062	7144	7148	7150	7156	7165	7167	7168	7169	7173	7179	7191	7197
2018-12-15 Sat	7051	7052	7055	7147	7149	7169	7170	7191	7195
2018-12-16 Sun	7042	7150	7165	7173	7180
2018-12-17 Mon	7014	7015	7026	7045	7048	7053	7062	7146	7156	7169	7170	7175	7176	7185	7187	7193	7195
2018-12-18 Tue	7014	7015	7042	7046	7047	7059	7140	7147	7148	7149	7156	7162	7168	7169	7195
2018-12-19 Wed	7009	7024	7026	7034	7041	7051	7053	7060	7146	7161	7165	7167	7169	7190	7195
2018-12-20 Thu	7014	7034	7041	7045	7047	7056	7061	7145	7146	7154	7166	7176	7189	7193	7199
2018-12-21 Fri	6979	7009	7013	7014	7022	7052	7060	7148	7149	7161	7162	7164	7167	7169	7172	7173	7181
2018-12-22 Sat	7031	7044	7050	7056	7059	7060	7149	7151	7153	7173
2018-12-23 Sun	7044	7144	7150	7183
2018-12-24 Mon	7014	7050	7051	7052	7060	7139	7142	7148	7153	7163	7164	7172	7173	7181	7189	7193
2018-12-25 Tue	7009	7034	7049	7194
2018-12-26 Wed	7009	7014	7022	7045	7046	7049	7050	7051	7053	7054	7059	7060	7149	7162	7180	7187	7189
2018-12-27 Thu	7020	7031	7044	7048	7052	7057	7060	7139	7141	7144	7155	7161	7171	7178	7188	7192
2018-12-28 Fri	7021	7024	7050	7060	7061	7139	7144	7147	7161	7180	7184	7188	7189	7195	7198	8113
2018-12-29 Sat	7014	7042	7046	7049	7050	7148	7166	7197	7198
2018-12-30 Sun	7010	7167	7193
2018-12-31 Mon	7015	7040	7051	7060	7062	7145	7161	7164	7165	7169	7178	7182	7190	7192	7193	7197
2019-01-01 Tue	7034	7040	7148	7156
2019-01-02 Wed	7014	7020	7041	7049	7140	7142	7145	7154	7156	7168	7179	7182	7189	7192	7199	8103
2019-01-03 Thu	7013	7031	7044	7054	7057	7058	7061	7140	7154	7156	7170	7172	7174	7190	7194
2019-01-04 Fri	7013	7020	7021	7031	7044	7047	7058	7059	7060	7140	7151	7177	7184	7185	7187
2019-01-05 Sat	7013	7022	7055	7139	7146	7168	7177	7190
2019-01-06 Sun	7026	7058	7061	7146	7197
2019-01-07 Mon	7013	7044	7046	7051	7060	7139	7149	7156	7166	7168	7170	7173	7187	7188	7192	7197
2019-01-08 Tue	7052	7055	7143	7151	7166	7168	7170	7172	7176	7177	7178	7185	7188	7191	7192	7197
2019-01-09 Wed	7015	7049	7050	7058	7060	7141	7142	7161	7166	7167	7172	7184	7188	7189	7193	7199
2019-01-10 Thu	7021	7031	7042	7051	7053	7057	7058	7147	7166	7169	7170	7176	7181	7194	7195
2019-01-11 Fri	7010	7031	7034	7146	7147	7150	7155	7156	7171	7175	7176	7183	7185	7191	7199
2019-01-12 Sat	7015	7021	7034	7057	7144	7175	7176	7195
2019-01-13 Sun	7059	7163	7170	7172
2019-01-14 Mon	7010	7022	7024	7034	7040	7042	7047	7048	7051	7061	7169	7176	7189	7191	7199
