2018-09-17 Mon	2601	2648	2710	2735	2779	2797	7068
2018-09-18 Tue	2606	2641	2648	2674	2676	2677	2701	2763	2798	2810	8254	8261	8297
2018-09-19 Wed	2618	2631	2652	2673	2701	2767	2802	2810	8262	8263	8281	8290	8297
2018-09-20 Thu	2612	2630	2652	2668	2669	2670	2710	2737	2790	2791	2798	2805	8264	8281	8297
2018-09-21 Fri	2618	2631	2637	2668	2672	2683	2767	2787	2790	2791	8263	8267	8272	8274	8285
2018-09-24 Mon	2612	2700	2765	2787	2789	2810	7087	8259
2018-09-25 Tue	2615	2630	2671	2672	2702	2736	2738	2761	2764	2767	2773	2791	2794	2810	7075	7085	8277
2018-09-26 Wed	2606	2613	2637	2648	2677	2681	2705	2735	2736	2776	2786	2787	2797	7121	8277
2018-09-27 Thu	2600	2601	2615	2618	2638	2645	2647	2671	2734	2770	2779	2787	2802	2805	7074	7086	8299
2018-09-28 Fri	2613	2614	2618	2631	2639	2675	2702	2739	2763	2773	2801	2809	7078	7108	8269
2018-10-01 Mon	2601	2606	2628	2631	2637	2645	2648	2674	2740	2763	2765	2794	2799	2807	7038	7078	8294
2018-10-02 Tue	2614	2631	2634	2645	2673	2676	2677	2703	2764	2771	2780	2805	7110	8266	8269	8285
2018-10-03 Wed	2612	2630	2648	2649	2706	2786	2794	7091
2018-10-04 Thu	2601	2604	2606	2629	2631	2639	2642	2645	2651	2681	2763	2787	2794	2799	7103	8272	8278
2018-10-05 Fri	2604	2614	2642	2648	2668	2691	2734	2765	2767	2770	2779	2786	2799	2800	2805	7082	8285
2018-10-08 Mon	2604	2645	2683	2700	2736	2737	2739	2762	2786	2791	2798	2800	2802	7029	7098	8282
2018-10-09 Tue	2613	2628	2672	2734	2735	2736	2762	2763	2773	2786	2787	2798	2810	7069	7126	8266
2018-10-10 Wed	2617	2628	2637	2639	2644	2671	2689	2694	2736	2737	2763	2767	2791	2809	7002	7067	8291
2018-10-11 Thu	2601	2616	2640	2644	2649	2669	2707	2735	2736	2764	2770	2773	2789	7071	7112	8290
2018-10-12 Fri	2601	2613	2617	2652	2670	2671	2681	2702	2735	2761	2766	2780	2802	2810	7105	7114	8283
2018-10-15 Mon	2604	2616	2628	2631	2640	2652	2672	2683	2764	2780	2791	2794	2809	7096	7115	8285
2018-10-16 Tue	2613	2614	2616	2642	2651	2670	2676	2684	2703	2706	2762	2786	2795	7100	7110	8271
2018-10-17 Wed	2600	2604	2638	2648	2649	2670	2676	2690	2735	2736	2761	2780	2805	2809	7005	7122	8265
2018-10-18 Thu	2601	2618	2634	2644	2694	2702	2706	2735	2740	2764	2794	2797	2798	7115	8279
2018-10-19 Fri	2606	2614	2649	2651	2681	2689	2706	2761	2789	2790	2795	7065	7126	8264
2018-10-22 Mon	2628	2629	2638	2644	2672	2678	2703	2707	2737	2740	2767	2780	2786	2787	7065	8283
2018-10-23 Tue	2630	2634	2637	2647	2674	2675	2683	2690	2707	2734	2737	2739	2765	2806	7070	7082	8270
2018-10-24 Wed	2602	2613	2614	2617	2618	2649	2672	2681	2683	2684	2698	2740	2776	2779	7075	7121	8274
2018-10-25 Thu	2612	2634	2645	2649	2678	2689	2690	2736	2766	2779	2797	2805	2806	7038	7107	8275
2018-10-26 Fri	2601	2606	2612	2616	2618	2669	2678	2683	2689	2702	2706	2740	2762	2807	7003	7088	8294
2018-10-29 Mon	2628	2631	2642	2648	2652	2669	2684	2702	2735	2736	2762	2786	2806	7066	8284
2018-10-30 Tue	2602	2634	2640	2642	2647	2658	2668	2671	2690	2691	2737	2794	2798	2799	7074	7107	8271
2018-10-31 Wed	2604	2634	2651	2671	2674	2675	2684	2691	2700	2734	2737	2779	2800	2802	7006	7011	8296
2018-11-01 Thu	2600	2601	2602	2634	2645	2670	2698	2706	2740	2790	2795	2797	2806	7067	7121	8260
2018-11-02 Fri	2639	2647	2668	2670	2674	2678	2690	2691	2698	2736	2763	2791	7001	7122	8284
2018-11-05 Mon	2600	2604	2618	2647	2648	2652	2658	2681	2761	2766	2779	2789	2790	2791	7011	7078	8271
2018-11-06 Tue	2606	2628	2630	2640	2645	2670	2674	2703	2737	2761	2766	2780	2786	7077	7090	8273
2018-11-07 Wed	2601	2612	2614	2677	2678	2683	2700	2703	2707	2765	2780	2790	2794	7035	7124	8296
2018-11-08 Thu	2647	2648	2649	2669	2671	2678	2700	2762	2766	2787	2790	2791	2798	2799	7110	7160	8269
2018-11-09 Fri	2613	2616	2647	2670	2672	2675	2678	2689	2701	2703	2705	2735	2739	2799	7105	7124	8263
2018-11-12 Mon	2604	2618	2629	2630	2648	2658	2674	2677	2706	2737	2740	2765	2795	2798	7112	7126	8280
2018-11-13 Tue	2612	2617	2647	2670	2673	2691	2701	2702	2703	2706	2764	2765	2770	2780	7092	8261
2018-11-14 Wed	2604	2639	2644	2647	2672	2675	2683	2684	2700	2702	2705	2735	2766	2779	7082	8265
2018-11-15 Thu	2612	2617	2631	2634	2647	2675	2689	2690	2707	2734	2735	2740	2769	2800	7105	8289
2018-11-16 Fri	2613	2629	2631	2638	2643	2647	2670	2675	2701	2705	2707	2741	2795	7074	8270
2018-11-19 Mon	2617	2642	2673	2675	2684	2691	2734	2735	2739	2761	2763	2790	2794	2802	7064	7126	8291
2018-11-20 Tue	2644	2651	2668	2683	2700	2734	2735	2740	2765	2766	2794	2797	2798	7003	7120	8277
2018-11-21 Wed	2628	2631	2642	2658	2669	2670	2673	2683	2690	2698	2741	2762	2776	2794	2795	7118	8271
2018-11-23 Fri	2600	2602	2629	2638	2647	2649	2678	2681	2698	2706	2734	2741	2765	2787	2800	7011	8271
2018-11-26 Mon	2612	2613	2631	2637	2643	2649	2670	2674	2675	2701	2702	2740	2763	2791	7160	8270
2018-11-27 Tue	2606	2612	2628	2629	2647	2649	2675	2681	2689	2762	2776	2799	2802	2806	2809	7078	8273
2018-11-28 Wed	2604	2628	2638	2651	2658	2683	2698	2700	2790	2791	2794	2798	2802	2809	7008	8279
2018-11-29 Thu	2602	2613	2634	2638	2671	2674	2706	2737	2739	2767	2769	2799	2806	2810	7100	8278	8289
2018-11-30 Fri	2614	2629	2639	2647	2652	2674	2689	2691	2698	2700	2735	2767	2769	2789	7087	8278
2018-12-03 Mon	2602	2616	2628	2640	2644	2651	2670	2672	2675	2705	2706	2737	2794	2798	7072	7159	8294
2018-12-04 Tue	2600	2606	2647	2652	2678	2681	2689	2703	2707	2761	2766	2770	2791	7124	8289	8299
2018-12-05 Wed	2614	2628	2637	2639	2640	2642	2675	2681	2684	2705	2762	2764	2791	2805	7069	8287
2018-12-06 Thu	2606	2630	2638	2640	2642	2643	2668	2669	2672	2674	2701	2740	2741	2791	2809	7065	8275
2018-12-07 Fri	2614	2617	2618	2634	2678	2703	2737	2761	2765	2770	2789	2802	2809	7003	8260	8287
2018-12-10 Mon	2634	2638	2642	2643	2652	2668	2671	2677	2681	2702	2769	2770	2775	7005	7160	8281
2018-12-11 Tue	2604	2614	2618	2668	2675	2689	2763	2764	2769	2776	2787	2791	2800	2801	7114	7158	8260
2018-12-12 Wed	2606	2616	2617	2618	2631	2644	2651	2673	2703	2705	2766	2795	2801	2802	7114	8266
2018-12-13 Thu	2601	2612	2614	2616	2628	2647	2669	2671	2672	2698	2701	2705	2776	2791	2809	7074	8262
2018-12-14 Fri	2614	2631	2634	2648	2658	2671	2681	2683	2690	2698	2738	2773	2779	7032	8261	8293
2018-12-17 Mon	2628	2640	2649	2651	2671	2672	2698	2702	2763	2766	2773	2790	2791	7119	7124	8290
2018-12-18 Tue	2604	2612	2634	2640	2642	2670	2672	2675	2677	2691	2703	2738	2739	2762	7076	8295
2018-12-19 Wed	2602	2612	2615	2629	2649	2658	2674	2678	2683	2691	2762	2763	2770	2776	2809	7120	8277
2018-12-20 Thu	2600	2604	2618	2631	2634	2649	2674	2677	2683	2694	2700	2770	2789	2810	7086	8285
2018-12-21 Fri	2601	2606	2615	2642	2643	2669	2672	2674	2689	2741	2797	2798	2809	7159	8271	8273
2018-12-24 Mon	2606	2617	2642	2673	2674	2690	2702	2737	2770	2776	2798	2810	7008	7092	8275	8282
2018-12-26 Wed	2614	2642	2674	2678	2690	2698	2701	2738	2763	2769	2790	2797	2800	2801	7038	8296
2018-12-27 Thu	2629	2642	2643	2675	2676	2684	2690	2706	2738	2761	2773	2776	2797	2809	7106	8294
2018-12-28 Fri	2602	2612	2639	2645	2672	2677	2681	2684	2694	2797	2801	2809	7003	7063	8298
2018-12-31 Mon	2639	2642	2644	2649	2690	2735	2738	2761	2786	2789	2795	2798	2800	2810	7119	7126	8282
2019-01-02 Wed	2600	2638	2640	2643	2651	2673	2676	2701	2703	2705	2797	2801	7032	7090	8291
2019-01-03 Thu	2641	2670	2673	2674	2676	2683	2706	2736	2770	2790	2794	2800	2802	7065	7097	8285
2019-01-04 Fri	2604	2616	2634	2639	2640	2641	2675	2677	2681	2735	2763	2776	2791	7085	7158	8291
2019-01-07 Mon	2602	2641	2642	2648	2672	2677	2681	2698	2739	2741	2775	2791	2801	7090	7123	8285
2019-01-08 Tue	2605	2610	2643	2683	2690	2694	2700	2717	2737	2761	2762	2773	2790	2794	7008	7118	8274
2019-01-09 Wed	2601	2605	2630	2639	2642	2651	2735	2770	2776	2779	2789	2791	2801	7097	8271
2019-01-10 Thu	2610	2613	2614	2630	2636	2638	2645	2648	2674	2677	2678	2700	2737	2739	2761	7080	7160	8260
2019-01-11 Fri	2600	2610	2612	2613	2638	2640	2669	2689	2703	2738	2740	2773	2800	2810	7035	7117	8281
2019-01-14 Mon	2600	2647	2678	2684	2690	2717	2718	2734	2762	2776	2779	2790	2799	7008	7033	8277
