2018-09-17 Mon	6858	6950	7034	8128	8130	8132	8134	8136
2018-09-18 Tue	6816	6818	6985	6987	7177	8101	8105	8106	8108	8119	8135	8137	8138	8142	8145
2018-09-19 Wed	6800	6815	6891	6957	8104	8110	8112	8118	8131	8137	8146	8147	8298
2018-09-20 Thu	6856	6861	6891	6950	8104	8106	8107	8122	8127	8130	8133	8138	8147	8295	8299
2018-09-21 Fri	6814	6929	6948	6950	8107	8112	8115	8122	8125	8131	8132	8137	8149	8295
2018-09-24 Mon	6865	6938	7176	8104	8109	8116	8124	8127	8135	8137	8138	8140	8141	8145
2018-09-25 Tue	6972	6987	6997	7020	8107	8109	8110	8115	8123	8127	8128	8134	8140	8146	8149
2018-09-26 Wed	6800	6939	6951	7043	8105	8108	8114	8116	8119	8122	8123	8136	8138	8146	8149
2018-09-27 Thu	6950	6957	7040	8104	8116	8119	8120	8123	8126	8131	8135	8139	8147	8148	8149
2018-09-28 Fri	6923	6939	6947	7179	8102	8109	8110	8120	8122	8127	8128	8137	8146	8148
2018-10-01 Mon	6891	6892	6929	7057	8102	8103	8104	8108	8124	8129	8132	8139	8144	8147	8149
2018-10-02 Tue	6817	6954	6973	7149	7166	8106	8107	8109	8112	8125	8132	8133	8134	8137	8145
2018-10-03 Wed	6938	8101	8102	8103	8110	8115	8116	8120
