2018-09-17 Mon	6858	8119	8124	8127	8128	8131	8132	8136
2018-09-18 Tue	6816	7024	8101	8105	8106	8108	8112	8120	8124	8128	8136	8142
2018-09-19 Wed	6857	6891	8102	8106	8109	8110	8118	8124	8127	8147	8298	8299
2018-09-20 Thu	6950	8100	8103	8104	8106	8122	8124	8125	8128	8136	8139	8144	8147
2018-09-21 Fri	6929	8100	8105	8115	8119	8127	8128	8129	8137	8145	8295
2018-09-24 Mon	6938	8106	8107	8110	8116	8124	8135	8138	8140	8144
2018-09-25 Tue	6972	8100	8101	8109	8110	8114	8116	8123	8131	8134	8138	8144	8145
2018-09-26 Wed	6800	8108	8114	8115	8117	8122	8126	8136	8140	8149
2018-09-27 Thu	6957	8102	8103	8110	8123	8127	8131	8133	8145	8147	8149
2018-09-28 Fri	6939	6955	8101	8102	8105	8109	8123	8126	8128	8129	8146
2018-10-01 Mon	6864	6892	8104	8114	8118	8122	8124	8127	8129	8135	8138	8149
2018-10-02 Tue	6954	8100	8108	8109	8123	8125	8133	8134	8135	8137
2018-10-03 Wed	6938	6977	8101	8102	8107	8116	8120	8147
2018-10-04 Thu	6874	8100	8104	8119	8122	8125	8130	8131	8132	8136	8138	8144
2018-10-05 Fri	6815	6864	8101	8103	8105	8106	8107	8122	8128	8135	8145	8147	8149
2018-10-08 Mon	6884	7185	8103	8109	8113	8117	8128	8134	8139	8141	8144	8145	8146
2018-10-09 Tue	6861	6874	8114	8115	8125	8126	8127	8128	8132	8140	8142	8144
2018-10-10 Wed	7162	8108	8112	8113	8115	8117	8124	8125	8142	8146	8148	8149
2018-10-11 Thu	6874	6977	8103	8115	8116	8117	8125	8126	8131	8133	8139	8144	8148
2018-10-12 Fri	6855	8108	8113	8117	8118	8119	8123	8124	8128	8132	8133	8139	8145
2018-10-15 Mon	6871	6959	8102	8103	8113	8115	8116	8118	8124	8131	8135	8149
2018-10-16 Tue	6971	7045	8103	8110	8114	8116	8119	8120	8122	8138	8139	8143
2018-10-17 Wed	8107	8113	8115	8116	8124	8127	8128	8131	8132	8133	8146	8148	8149
2018-10-18 Thu	6858	6863	8103	8115	8123	8125	8128	8131	8133	8134	8139	8141	8143
2018-10-19 Fri	6817	6981	6984	8104	8105	8117	8119	8132	8135	8143	8145	8149
2018-10-22 Mon	6800	6949	8102	8104	8107	8110	8112	8116	8117	8119	8124	8131	8133
2018-10-23 Tue	6874	8107	8109	8110	8113	8119	8131	8133	8139	8140	8141	8142	8144
2018-10-24 Wed	8100	8101	8103	8105	8114	8115	8117	8124	8125	8126	8136	8142	8146
2018-10-25 Thu	6984	8104	8107	8111	8112	8119	8126	8136	8139	8142	8144	8147	8148
2018-10-26 Fri	6871	8101	8104	8110	8117	8128	8129	8132	8135	8136	8140	8141	8142
2018-10-29 Mon	6858	8100	8101	8103	8114	8115	8129	8131	8136	8137	8140	8142
