2018-09-17 Mon	6863	6865	6952	6957	8120	8129	8137	8148
2018-09-18 Tue	6818	6855	6871	6874	6883	6929	6949	6957	6985	6987	7177	8102	8122	8140
2018-09-19 Wed	6814	6856	6865	6913	6929	6938	6955	6973	6979	6985	7190	8107	8108	8130	8144	8295
2018-09-20 Thu	6814	6816	6817	6855	6913	6947	6950	6972	6982	6984	7046	8102	8103	8104	8120	8137
2018-09-21 Fri	6816	6818	6856	6883	6893	6939	6949	6952	6953	6959	6973	7171	7198	8104	8134
2018-09-24 Mon	6800	6814	6863	6878	6883	6884	6893	6949	6953	6982	6985	7042	7141	8104	8134	8138
2018-09-25 Tue	6815	6863	6870	6884	6891	6923	6939	6947	6953	6956	6981	6987	7014	7146	8104	8108
2018-09-26 Wed	6814	6858	6859	6865	6883	6893	6939	6947	6953	6954	6997	7040	7061	7147	7164	8123	8142
2018-09-27 Thu	6815	6818	6859	6865	6938	6954	6983	6985	7171	8102	8106	8115	8133	8142
2018-09-28 Fri	6817	6857	6950	6954	6973	6977	7138	7188	8104	8119	8138	8142	8144
2018-10-01 Mon	6813	6860	6863	6874	6892	6921	6951	6982	6983	6984	7050	7188	8101	8106	8116	8131	8135
2018-10-02 Tue	6813	6830	6878	6883	6884	6947	6955	6981	6985	7048	7166	7190	8110	8117	8119	8127	8132
2018-10-03 Wed	6923	6939	6949	6955	6982	7189	8108	8122	8146	8148
