2018-09-17 Mon	2672	2764	2786	2807	7121	8279
2018-09-18 Tue	2630	2638	2641	2648	2672	2735	2770	2773	2780	2799	7029	8260	8268	8273
2018-09-19 Wed	2604	2618	2645	2668	2702	2764	2770	2780	2800	2806	8263	8265	8280
2018-09-20 Thu	2613	2638	2645	2669	2672	2683	2708	2735	2770	2790	2802	2810	8275	8291
2018-09-21 Fri	2672	2673	2703	2705	2738	2763	2791	2794	2800	2805	8261	8272	8273	8283
2018-09-24 Mon	2606	2639	2676	2689	2707	2736
2018-09-25 Tue	2612	2613	2631	2639	2668	2706	2737	2762	2764	2765	2771	2800	2806	2810	7099
2018-09-26 Wed	2617	2618	2645	2649	2671	2706	2764	2779	2786	2787	2790	2798	2809	7124
2018-09-27 Thu	2613	2644	2652	2668	2674	2735	2762	2787	2790	2797	2798	2799	2802	7035	8260
2018-09-28 Fri	2617	2644	2668	2669	2671	2678	2766	2779	2787	2791	2797	2805	7120
2018-10-01 Mon	2600	2614	2618	2629	2649	2669	2672	2673	2738	2761	2763	2787	7080	8296
2018-10-02 Tue	2617	2618	2628	2631	2642	2668	2672	2736	2740	2761	2765	2766	2798	2810
2018-10-03 Wed	2604	2642	2674	2779	2806	7003	7103
2018-10-04 Thu	2642	2669	2672	2678	2701	2706	2734	2738	2766	2776	2798	2800	7122	8261
2018-10-05 Fri	2634	2645	2651	2652	2672	2676	2689	2702	2705	2736	2764	2789	2797	2800	7160
2018-10-08 Mon	2613	2634	2637	2648	2670	2672	2674	2689	2698	2761	2767	2805	2806	7001
2018-10-09 Tue	2606	2614	2630	2670	2694	2706	2736	2766	2767	2773	2779	2790	2797	2799	2805
2018-10-10 Wed	2600	2606	2612	2613	2638	2639	2642	2691	2739	2761	2764	2779	2798	2805
2018-10-11 Thu	2600	2613	2614	2629	2634	2639	2644	2648	2651	2689	2705	2765	2773	2806	7084
2018-10-12 Fri	2612	2638	2645	2649	2675	2676	2691	2700	2735	2736	2766	2786	2789	2805	7035
2018-10-15 Mon	2600	2606	2617	2630	2634	2652	2658	2678	2684	2691	2703	2767	2799	8266	8296
2018-10-16 Tue	2606	2630	2652	2658	2670	2673	2676	2691	2702	2736	2780	2787	2789	2802	7032
2018-10-17 Wed	2630	2631	2658	2668	2681	2691	2707	2761	2765	2770	2779	2780	2795	8284
2018-10-18 Thu	2612	2616	2617	2630	2639	2672	2674	2689	2780	2798	2806	7103
2018-10-19 Fri	2606	2612	2614	2628	2641	2658	2669	2673	2734	2764	2776	2780	2805	2806
2018-10-22 Mon	2600	2612	2613	2618	2637	2638	2644	2683	2684	2700	2706	2707	2799	2809	7096
2018-10-23 Tue	2606	2640	2670	2672	2673	2675	2676	2691	2703	2705	2739	2773	2794
2018-10-24 Wed	2648	2671	2672	2674	2689	2707	2737	2738	2761	2764	2773	2791	2795	7159
2018-10-25 Thu	2600	2601	2628	2630	2640	2642	2644	2669	2672	2675	2740	2764	2787	2790	2799
2018-10-26 Fri	2614	2631	2651	2669	2674	2677	2691	2703	2761	2762	2795	2797	2798	2809	7074
2018-10-29 Mon	2606	2612	2614	2637	2669	2698	2776	2789	2791	2794	2798	2800	2807	2809	7084
2018-10-30 Tue	2612	2613	2617	2631	2645	2675	2684	2734	2739	2761	2762	2765	2780	2809
2018-10-31 Wed	2628	2629	2644	2658	2668	2671	2690	2706	2736	2762	2766	2786	2798	2800
2018-11-01 Thu	2606	2613	2628	2629	2637	2639	2640	2644	2678	2734	2739	2766	2776	8284
2018-11-02 Fri	2612	2614	2629	2640	2642	2644	2673	2675	2681	2683	2739	2740	2773	2802	7004
2018-11-05 Mon	2614	2617	2630	2637	2649	2651	2683	2689	2737	2739	2761	2776	2795	2798	7103
2018-11-06 Tue	2602	2606	2637	2641	2670	2672	2684	2734	2735	2790	2798	2805	7120	8260
2018-11-07 Wed	2601	2618	2628	2629	2644	2652	2670	2706	2736	2737	2741	2779	2789	7004	8260
2018-11-08 Thu	2601	2629	2638	2645	2669	2689	2702	2741	2763	2776	2787	2790	2806	2809	7092
2018-11-09 Fri	2616	2618	2652	2658	2677	2681	2689	2736	2765	2779	2789	2790	2794	7085
2018-11-12 Mon	2617	2639	2640	2642	2645	2652	2689	2701	2703	2762	2764	2773	2786	7083
2018-11-13 Tue	2601	2613	2629	2639	2640	2672	2683	2706	2734	2740	2770	2786	2798	7124
2018-11-14 Wed	2604	2637	2645	2652	2690	2691	2706	2734	2736	2738	2739	2761	2776	2800	7070
2018-11-15 Thu	2601	2604	2643	2647	2651	2703	2705	2736	2738	2763	2765	2779	2791	2806	7075
2018-11-16 Fri	2601	2629	2637	2638	2641	2645	2649	2669	2702	2761	2764	2769	2776	2809	7008
2018-11-19 Mon	2616	2652	2681	2689	2698	2700	2706	2707	2738	2773	2776	2790	2794	2810	7069
2018-11-20 Tue	2629	2638	2639	2673	2681	2689	2700	2701	2706	2738	2741	2779	2780	7077
2018-11-21 Wed	2606	2617	2639	2647	2677	2684	2690	2700	2703	2737	2740	2761	2764	2787	2789	7091
2018-11-23 Fri	2601	2628	2630	2638	2645	2677	2734	2762	2776	2798	2799	2805	7096	8261
2018-11-26 Mon	2600	2612	2618	2634	2651	2668	2669	2675	2707	2734	2740	2773	2787	7081
2018-11-27 Tue	2602	2631	2638	2643	2651	2652	2678	2681	2702	2762	2763	2770	2810	7037
2018-11-28 Wed	2615	2637	2640	2643	2647	2668	2671	2673	2707	2767	2787	2805	7111
2018-11-29 Thu	2602	2628	2651	2658	2670	2683	2703	2735	2763	2779	2787	7011	8275
2018-11-30 Fri	2613	2634	2652	2658	2670	2678	2702	2764	2766	2780	2805	2806	7117
2018-12-03 Mon	2612	2613	2615	2634	2644	2645	2670	2707	2738	2762	2770	2791	2802	7072
2018-12-04 Tue	2602	2618	2628	2629	2631	2638	2670	2681	2705	2769	2786	7003	8274
2018-12-05 Wed	2612	2615	2618	2628	2634	2642	2643	2671	2683	2700	2740	2763	2799	2809	7005
2018-12-06 Thu	2616	2629	2643	2649	2651	2652	2673	2691	2703	2734	2761	2764	2794	2795
2018-12-07 Fri	2601	2628	2645	2647	2658	2668	2683	2706	2741	2762	2779	2805	7081	8292
2018-12-10 Mon	2600	2614	2616	2640	2644	2648	2671	2677	2690	2738	2794	2809	2810	7117
2018-12-11 Tue	2604	2616	2617	2637	2638	2644	2647	2683	2705	2735	2767	2790	2795	2809
2018-12-12 Wed	2637	2645	2647	2658	2672	2673	2675	2698	2737	2762	2769	2779	2791	7082
2018-12-13 Thu	2612	2629	2637	2668	2670	2677	2762	2765	2767	2773	2798	2805	7067
2018-12-14 Fri	2617	2630	2643	2644	2645	2737	2740	2765	2766	2767	2770	2795	2805	2809	7074
2018-12-17 Mon	2604	2629	2634	2637	2644	2673	2674	2700	2701	2738	2763	2780	2806
2018-12-18 Tue	2601	2614	2637	2648	2658	2691	2741	2775	2780	2789	2797	2809	7064
2018-12-19 Wed	2613	2629	2631	2644	2645	2658	2668	2670	2672	2673	2675	2689	2761	2765
2018-12-20 Thu	2604	2640	2668	2669	2673	2694	2701	2702	2736	2737	2789	2797	2798	2805	7037
2018-12-21 Fri	2602	2613	2617	2671	2706	2707	2762	2775	2787	2791	2798	2805	2810	7158
2018-12-24 Mon	2628	2671	2677	2683	2691	2700	2735	2736	2761	2763	2769	2776	2780	2787	2795
2018-12-26 Wed	2612	2634	2642	2649	2684	2689	2734	2735	2736	2764	2805	2809	7068	8277	8289
2018-12-27 Thu	2601	2614	2629	2630	2640	2649	2674	2675	2683	2739	2763	2779	2786	2799	7119
2018-12-28 Fri	2602	2613	2616	2617	2629	2640	2643	2675	2694	2703	2706	2761	2790	7008
2018-12-31 Mon	2600	2617	2634	2645	2668	2670	2673	2690	2741	2786	2797	2799	2801	2810	7098
2019-01-02 Wed	2606	2614	2630	2645	2652	2668	2689	2698	2770	2776	2794	2797	2801	7032
2019-01-03 Thu	2601	2617	2640	2642	2643	2669	2673	2691	2694	2736	2763	2776	2789	2806	7122
2019-01-04 Fri	2628	2629	2640	2644	2690	2691	2766	2786	2795	2801	2810	7093
2019-01-07 Mon	2602	2605	2615	2638	2641	2658	2675	2718	2734	2741	2786	2789	2795	2798
2019-01-08 Tue	2612	2615	2625	2641	2644	2677	2678	2707	2735	2741	2762	2764	2795	2798	7004
2019-01-09 Wed	2615	2625	2640	2671	2674	2675	2677	2705	2763	2786	2790	2794	2805	7126	8274
2019-01-10 Thu	2601	2606	2613	2628	2640	2648	2649	2676	2677	2735	2738	2775	2790	2794	7082
2019-01-11 Fri	2600	2615	2616	2648	2658	2681	2690	2700	2701	2734	2763	2769	7119
2019-01-14 Mon	2602	2606	2618	2625	2634	2676	2705	2761	2763	2780	2791	2800	2801	2802	7087
