2018-09-17 Mon	6921	6923	7145	7148	7153	7165	7166	7169	7173	7176	7186	7188	7189
2018-09-18 Tue	6921	6952	6985	7009	7014	7021	7031	7047	7051	7109	7118	7144	7162	7169	7170	7175	7198	8139
2018-09-19 Wed	6861	6952	6955	7021	7026	7031	7044	7053	7057	7062	7119	7143	7163	7164	7170	7171	7176	7188	7190
2018-09-20 Thu	3733	6862	6955	6973	7047	7048	7050	7062	7118	7149	7153	7163	7167	7173	7175	7191	7192	7193	7197	7199
2018-09-21 Fri	6952	6953	7051	7052	7057	7059	7061	7120	7140	7146	7149	7150	7156	7163	7165	7167	7169	7185
2018-09-22 Sat	6957	6959	7051	7053	7057	7150	7151	7163	7176	7191	7192
2018-09-23 Sun	6858	6972	7014	7047	7156	7162	7165	7167	7180	7182	7191	7198
2018-09-24 Mon	6972	6987	7014	7024	7031	7043	7052	7056	7062	7153	7156	7162	7166	7170	7178	7182	7185	7192	7194	7195	7197	7198	8103
2018-09-25 Tue	6865	6885	7021	7024	7040	7043	7048	7049	7056	7061	7109	7145	7147	7148	7149	7162	7169	7178	7179	7180	8139
2018-09-26 Wed	3711	6949	6982	7048	7049	7051	7057	7059	7141	7143	7145	7146	7147	7155	7156	7164	7166	7167	7174	7177	7193	8147
2018-09-27 Thu	6938	6947	7009	7013	7024	7031	7043	7045	7051	7057	7059	7141	7149	7151	7162	7167	7168	7169	7173	7174	7178	7185	7187	7199	8117
2018-09-28 Fri	3732	6855	6859	7015	7051	7052	7060	7139	7142	7143	7163	7164	7175	7185	7187	7189	7191	7192	7195	7197	7199	8134
2018-09-29 Sat	6800	6859	6982	7014	7040	7042	7046	7187	7193	7197
2018-09-30 Sun	6947	6953	7009	7015	7034	7156	7167	7168	7169	7187	7193
2018-10-01 Mon	6817	6865	6953	7009	7013	7015	7042	7043	7047	7143	7145	7149	7156	7162	7172	7177	7178	7180	7181	7182	7188	7190	7191	7193	8133
2018-10-02 Tue	3756	6815	6859	7009	7040	7042	7047	7058	7146	7147	7148	7149	7151	7156	7165	7167	7173	7174	7176	7177	7188	7199	8112
2018-10-03 Wed	6939	6953	7009	7013	7046	7047	7052	7058	7142	7146	7162	7163	7166	7168	7171	7174	7179	7181	7198
