2018-09-17 Mon	7014	7141	7150	7154	7174	7194	7195
2018-09-18 Tue	7041	7053	7059	7060	7166	7191	7193	7197
2018-09-19 Wed	7040	7043	7060	7105	7169	7173	7174	7198	7199
2018-09-20 Thu	7052	7053	7059	7060	7139	7150	7151	7182	7198
2018-09-21 Fri	7021	7040	7044	7049	7061	7109	7174	7182	7197
2018-09-22 Sat	7026	7056	7060	7146	7179
2018-09-23 Sun	7053	7148	7163	7176	7178
2018-09-24 Mon	7041	7045	7047	7052	7059	7142	7145	7146	7162	7170	7186	7193
2018-09-25 Tue	7040	7044	7048	7051	7053	7062	7151	7169	7172	7182	7193	7199
2018-09-26 Wed	7020	7044	7051	7053	7057	7145	7152	7154	7185	7186	7195
2018-09-27 Thu	7024	7034	7044	7045	7052	7138	7140	7141	7152	7163	7165	7167	7188
2018-09-28 Fri	3712	7015	7031	7041	7043	7052	7059	7140	7145	7147	7153	7172	7191
2018-09-29 Sat	7034	7052	7164	7172	7180	7182
2018-09-30 Sun	7046	7053	7166	7176	7186
2018-10-01 Mon	7047	7140	7142	7146	7155	7163	7167	7169	7175	7178	7180	7190	8147
2018-10-02 Tue	7021	7024	7060	7061	7143	7156	7167	7169	7177	7181	7182	7192	7193
2018-10-03 Wed	7021	7041	7050	7062	7162	7166	7173	7174	7194
2018-10-04 Thu	7009	7041	7049	7051	7061	7142	7151	7154	7156	7164	7184	7186	7190
2018-10-05 Fri	7013	7024	7056	7109	7139	7145	7164	7167	7168	7169	7175	7188	7197
2018-10-06 Sat	7045	7146	7163	7169	7195
2018-10-07 Sun	7015	7046	7051	7053	7163	7177	7186
2018-10-08 Mon	7020	7034	7045	7046	7049	7060	7061	7140	7162	7179	7187	7191	7194
2018-10-09 Tue	7021	7041	7048	7055	7058	7144	7149	7166	7171	7174	7177	7180	7199
2018-10-10 Wed	3729	7010	7041	7048	7061	7149	7155	7156	7164	7167	7185	7188	7199
2018-10-11 Thu	3700	7031	7042	7044	7056	7061	7138	7146	7147	7154	7167	7170	7181
2018-10-12 Fri	7040	7044	7138	7146	7153	7164	7166	7172	7181	7185	7190	7192	7193
2018-10-13 Sat	7009	7031	7146	7166	7173
2018-10-14 Sun	7144	7152	7167	7181	7186
2018-10-15 Mon	7014	7024	7044	7045	7055	7059	7060	7062	7142	7149	7151	7179	7180
2018-10-16 Tue	7043	7049	7052	7056	7145	7172	7175	7177	7179	7187	7191	7194	7198
2018-10-17 Wed	7021	7040	7050	7055	7062	7138	7165	7168	7170	7180	7193	7195
2018-10-18 Thu	7034	7041	7042	7044	7056	7062	7141	7145	7153	7156	7168	7172	7189	7197
2018-10-19 Fri	7024	7046	7048	7056	7061	7140	7155	7175	7178	7186	7191	7195
2018-10-20 Sat	7014	7046	7056	7167	7184
2018-10-21 Sun	7026	7057	7140	7173	7194
2018-10-22 Mon	7020	7045	7055	7060	7062	7149	7150	7151	7170	7171	7174	7175	7198
2018-10-23 Tue	7021	7058	7139	7142	7143	7150	7151	7153	7161	7168	7170	7177	7190
2018-10-24 Wed	7031	7046	7047	7049	7052	7060	7062	7150	7155	7163	7165	7170	7174	7192
2018-10-25 Thu	7040	7043	7061	7139	7140	7142	7145	7155	7174	7178	7190	7193	7198
2018-10-26 Fri	7026	7044	7057	7058	7059	7150	7151	7154	7156	7165	7167	7186	7199
2018-10-27 Sat	7015	7139	7145	7148	7166
2018-10-28 Sun	7041	7051	7144	7179	7181
2018-10-29 Mon	7042	7056	7061	7109	7149	7151	7154	7162	7166	7168	7177	7185	7188
2018-10-30 Tue	7010	7013	7047	7050	7051	7062	7139	7140	7153	7155	7179	7183	7197
2018-10-31 Wed	7020	7043	7050	7052	7057	7141	7144	7149	7165	7168	7170	7173	7185
2018-11-01 Thu	7020	7031	7058	7060	7139	7147	7163	7173	7176	7177	7188	7197	7199
2018-11-02 Fri	7013	7015	7047	7049	7053	7059	7060	7062	7161	7167	7172	7174	7184	7198
2018-11-03 Sat	7020	7021	7138	7152	7195
2018-11-04 Sun	7055	7172	7175	7180	7198
2018-11-05 Mon	7009	7010	7020	7041	7047	7059	7062	7147	7148	7164	7171	7180	7191	8141
2018-11-06 Tue	7040	7050	7051	7059	7148	7182	7183	7187	7193	7195	7197	7198	7199
2018-11-07 Wed	7026	7031	7045	7047	7050	7054	7141	7145	7147	7152	7172	7184	7185
2018-11-08 Thu	7013	7024	7051	7058	7059	7060	7142	7143	7144	7145	7165	7172	7197
2018-11-09 Fri	7031	7046	7050	7052	7057	7141	7143	7145	7149	7150	7156	7174	7185
2018-11-10 Sat	7020	7040	7141	7148	7154	7172
2018-11-11 Sun	7013	7031	7048	7061	7150
2018-11-12 Mon	7015	7043	7045	7049	7109	7139	7152	7162	7166	7169	7173	7178	7179
2018-11-13 Tue	7014	7024	7041	7044	7057	7141	7142	7148	7155	7165	7180	7193
2018-11-14 Wed	7060	7062	7109	7138	7142	7144	7147	7151	7170	7181	7191	7195	8148
2018-11-15 Thu	7014	7042	7052	7053	7109	7140	7141	7146	7151	7162	7174	7181	7187
2018-11-16 Fri	3753	7022	7026	7051	7062	7140	7144	7162	7171	7173	7180	7188	7198
2018-11-17 Sat	7014	7020	7061	7147	7175	7178
2018-11-18 Sun	7047	7057	7139	7145	7151
2018-11-19 Mon	7015	7040	7053	7055	7140	7144	7155	7161	7168	7180	7186	7189	7195
2018-11-20 Tue	3700	7009	7013	7021	7043	7052	7148	7150	7170	7176	7181	7194	7199
2018-11-21 Wed	3757	7013	7022	7031	7056	7057	7059	7143	7161	7169	7179	7187	7195
2018-11-22 Thu	7059	7169	7172	7173	7175
2018-11-23 Fri	3720	7022	7048	7056	7058	7059	7141	7145	7149	7153	7154	7171	7181	7182
2018-11-24 Sat	7024	7060	7154	7176	7183
2018-11-25 Sun	7049	7051	7054	7178	7198
2018-11-26 Mon	3731	7015	7044	7056	7058	7062	7141	7147	7168	7174	7176	7182	7189	7190
2018-11-27 Tue	3709	7015	7020	7050	7060	7144	7149	7163	7181	7185	7189	7195
2018-11-28 Wed	3710	7009	7040	7045	7056	7060	7062	7169	7172	7179	7180	7194	7199
2018-11-29 Thu	3756	7044	7049	7050	7052	7060	7061	7167	7169	7175	7178	7179	7186
2018-11-30 Fri	7010	7022	7061	7140	7141	7142	7143	7145	7147	7155	7172	7180	7185
2018-12-01 Sat	7051	7052	7140	7141	7170
2018-12-02 Sun	7022	7026	7156	7181	7186
2018-12-03 Mon	7015	7024	7044	7047	7062	7139	7145	7162	7173	7178	7179	7180	7185
2018-12-04 Tue	3727	7045	7050	7052	7140	7143	7151	7168	7175	7179	7180	7185	7188
2018-12-05 Wed	7044	7052	7054	7057	7141	7142	7146	7149	7155	7164	7165	7177	7185
2018-12-06 Thu	7020	7024	7057	7059	7146	7148	7153	7164	7165	7178	7180	7183	7194
2018-12-07 Fri	3715	7014	7046	7047	7109	7142	7145	7153	7155	7171	7184	7188
2018-12-08 Sat	7049	7109	7140	7142	7149
2018-12-09 Sun	7049	7062	7109	7145	7149
2018-12-10 Mon	3730	7015	7020	7046	7047	7056	7059	7144	7145	7177	7179	7190	7194
2018-12-11 Tue	3702	3715	7010	7015	7031	7054	7142	7146	7163	7168	7177	7194
2018-12-12 Wed	7015	7040	7042	7047	7055	7057	7154	7173	7176	7177	7184	7190	7198
2018-12-13 Thu	7013	7021	7048	7109	7140	7141	7145	7149	7155	7164	7179	7187	7197
2018-12-14 Fri	7013	7022	7040	7046	7057	7139	7146	7153	7163	7170	7171	7187	7195
2018-12-15 Sat	7042	7049	7054	7175	7178	7187
2018-12-16 Sun	7055	7056	7139	7149	7178
2018-12-17 Mon	7040	7051	7059	7060	7061	7109	7139	7155	7165	7168	7184	7197
2018-12-18 Tue	7010	7026	7041	7055	7062	7144	7145	7174	7179	7180	7190
2018-12-19 Wed	7010	7031	7044	7052	7142	7145	7148	7151	7155	7163	7166	7168	7179
2018-12-20 Thu	3756	7021	7042	7049	7050	7051	7053	7144	7167	7173	7179	7185	7188
2018-12-21 Fri	6957	7026	7054	7140	7145	7147	7150	7179	7180	7187	7188	7199
2018-12-22 Sat	7014	7049	7058	7144	7190
2018-12-23 Sun	7034	7042	7047	7052	7170	7194
2018-12-24 Mon	7026	7040	7047	7048	7055	7057	7140	7147	7150	7165	7190	7194
2018-12-25 Tue	7151	7172	7185	7187	7198
2018-12-26 Wed	3714	7034	7040	7047	7057	7145	7148	7150	7161	7175	7176	7188	7195
2018-12-27 Thu	7022	7024	7040	7145	7147	7150	7151	7154	7165	7170	7187	7195	7198
2018-12-28 Fri	3700	7010	7034	7046	7047	7048	7055	7057	7058	7062	7172	7177	7190	7193
2018-12-29 Sat	7021	7026	7047	7139	7154
2018-12-30 Sun	7020	7026	7040	7048	7142
2018-12-31 Mon	7020	7040	7048	7049	7056	7057	7058	7061	7139	7142	7153	7155	7172	7187	7198
2019-01-01 Tue	7021	7046	7059	7151	7187
2019-01-02 Wed	7021	7058	7109	7150	7161	7169	7174	7176	7183	7184	7185	7190
2019-01-03 Thu	7009	7010	7024	7040	7045	7139	7150	7161	7163	7165	7173	7188
2019-01-04 Fri	7010	7062	7144	7145	7162	7173	7176	7178	7182	7185	7188	7195	8134
2019-01-05 Sat	7010	7044	7059	7147	7151
2019-01-06 Sun	7031	7143	7144	7150	7191
2019-01-07 Mon	7041	7053	7061	7062	7141	7143	7161	7162	7163	7169	7172	7195	7198
2019-01-08 Tue	7015	7060	7140	7145	7154	7155	7173	7180	7181	7184	7189	7198
2019-01-09 Wed	7013	7031	7045	7048	7055	7147	7150	7155	7167	7173	7180	7191	7198
2019-01-10 Thu	3731	7010	7026	7044	7049	7055	7141	7148	7151	7174	7184	7193	7199
2019-01-11 Fri	7026	7042	7045	7049	7051	7061	7141	7163	7174	7179	7181	7188	7192
2019-01-12 Sat	7010	7041	7140	7156	7161
2019-01-13 Sun	7022	7047	7161	7189	7197
2019-01-14 Mon	7031	7041	7058	7141	7148	7149	7163	7164	7166	7171	7175	7185	7193
