2018-09-17 Mon	7055	7059	7141	7147
2018-09-18 Tue	7046	7049	7053	7149	7189	7197
2018-09-19 Wed	7040	7047	7144	7145	7171	7189
2018-09-20 Thu	7014	7043	7044	7141	7148	7182
2018-09-21 Fri	7014	7026	7034	7051	7061	7143
2018-09-22 Sat	7165	7169
2018-09-23 Sun	7052	7109
2018-09-24 Mon	3729	7014	7142	7164	7176	7199
2018-09-25 Tue	7021	7042	7143	7146	7186	7187
2018-09-26 Wed	7034	7056	7060	7166	7169	7180
2018-09-27 Thu	7015	7045	7139	7163	7164	7192
2018-09-28 Fri	7013	7044	7045	7056	7060	7149	7194
2018-09-29 Sat	7176	7192
2018-09-30 Sun	7043	7172
2018-10-01 Mon	7026	7040	7046	7052	7147	7166
2018-10-02 Tue	7009	7050	7053	7149	7171	7192
2018-10-03 Wed	7057	7155	7165	7180
2018-10-04 Thu	7014	7050	7056	7059	7151	7178
2018-10-05 Fri	7049	7057	7060	7139	7176	7197	7198
2018-10-06 Sat	7043	7189
2018-10-07 Sun	7045	7050
2018-10-08 Mon	3720	7015	7040	7142	7175	7190
2018-10-09 Tue	7042	7059	7109	7162	7178	7185
2018-10-10 Wed	7020	7051	7138	7166	7170	7191	7195
2018-10-11 Thu	3709	7020	7044	7051	7173	7192
2018-10-12 Fri	7024	7055	7147	7156	7182	7186
2018-10-13 Sat	7145	7191
2018-10-14 Sun	7058	7173
2018-10-15 Mon	3711	7015	7050	7061	7178	7192
2018-10-16 Tue	3750	7143	7150	7152	7164	7192
2018-10-17 Wed	7044	7046	7060	7150	7179	7198
2018-10-18 Thu	7021	7031	7048	7050	7151	7199
2018-10-19 Fri	7024	7044	7062	7151	7170	7195
2018-10-20 Sat	7052	7143
2018-10-21 Sun	7059	7178
2018-10-22 Mon	7044	7049	7056	7148	7170	7172
2018-10-23 Tue	7026	7046	7140	7149	7178	7192
2018-10-24 Wed	7009	7024	7055	7140	7141	7183
2018-10-25 Thu	7055	7144	7150	7173	7189	7198
2018-10-26 Fri	7021	7051	7138	7139	7152	7190
2018-10-27 Sat	7047	7055
2018-10-28 Sun	7140	7198
2018-10-29 Mon	7009	7053	7058	7156	7187
2018-10-30 Tue	7015	7040	7109	7139	7141	7147
2018-10-31 Wed	7014	7055	7155	7184	7188	7193
2018-11-01 Thu	7014	7040	7143	7168	7177	7178
2018-11-02 Fri	7010	7058	7148	7153	7177	7183
2018-11-03 Sat	7049	7146
2018-11-04 Sun	7109	7194
2018-11-05 Mon	7053	7055	7174	7183	7186	7194
2018-11-06 Tue	7045	7047	7057	7139	7180	7199
2018-11-07 Wed	7020	7044	7049	7056	7139	7181	7183
2018-11-08 Thu	7026	7050	7161	7183	7199
2018-11-09 Fri	7053	7056	7142	7183	7188
2018-11-10 Sat	7109	7197
2018-11-11 Sun	7041	7046
2018-11-12 Mon	7044	7046	7055	7143	7154
2018-11-13 Tue	7047	7049	7141	7142	7181	7192
2018-11-14 Wed	7042	7055	7146	7156	7189	7197
2018-11-15 Thu	7050	7051	7059	7163	7173	7184
2018-11-16 Fri	7024	7041	7054	7060	7138	7139	7145
2018-11-17 Sat	7058	7179
2018-11-18 Sun	7138	7150
2018-11-19 Mon	7034	7049	7172	7174	7198
2018-11-20 Tue	7141	7143	7144	7177	7197	7199
2018-11-21 Wed	3732	7046	7047	7154	7188	7189
2018-11-22 Thu	7010	7026
2018-11-23 Fri	3756	7047	7142	7151	7174	7176
2018-11-24 Sat	7062	7109
2018-11-25 Sun	7015	7182
2018-11-26 Mon	7014	7015	7052	7148	7174	7179
2018-11-27 Tue	7143	7145	7169	7172	7174	7183
2018-11-28 Wed	3757	7051	7062	7162	7170	7171
2018-11-29 Thu	3757	7047	7142	7156	7177	7182
2018-11-30 Fri	3712	7045	7058	7170	7173	7197
2018-12-01 Sat	7171	7187
2018-12-02 Sun	7045	7178
2018-12-03 Mon	3709	7014	7047	7052	7139	7143	7179
2018-12-04 Tue	3752	7010	7042	7044	7054	7154
2018-12-05 Wed	7014	7041	7046	7060	7184	7199
2018-12-06 Thu	7021	7048	7156	7179	7187	7199
2018-12-07 Fri	7015	7024	7045	7051	7059	7176
2018-12-08 Sat	7171	7184
2018-12-09 Sun	7015	7173	7179
2018-12-10 Mon	7014	7031	7040	7146	7172
2018-12-11 Tue	7014	7141	7164	7167	7178	7179
2018-12-12 Wed	3722	7049	7149	7153	7183
2018-12-13 Thu	7051	7059	7142	7144	7149	7180
2018-12-14 Fri	7009	7051	7055	7060	7154	7194
2018-12-15 Sat	7047	7176
2018-12-16 Sun	7174	7195
2018-12-17 Mon	7041	7054	7057	7144	7145	7148	7189
2018-12-18 Tue	7042	7052	7053	7155	7177	7182
2018-12-19 Wed	3735	7014	7015	7046	7058	7185
2018-12-20 Thu	7015	7058	7162	7171	7173	7178
2018-12-21 Fri	3728	7010	7015	7141	7153	7171
2018-12-22 Sat	7109	7148
2018-12-23 Sun	7041	7190
2018-12-24 Mon	7041	7062	7154	7170	7177	7198
2018-12-25 Tue	7013	7147
2018-12-26 Wed	7020	7034	7048	7183	7184	7190
2018-12-27 Thu	7040	7145	7147	7190	7194
2018-12-28 Fri	7013	7026	7044	7153	7163	7187
2018-12-29 Sat	7020	7171
2018-12-30 Sun	7024	7045
2018-12-31 Mon	7142	7144	7151	7156	7169	7183
2019-01-01 Tue	7143	7176
2019-01-02 Wed	7040	7052	7109	7144	7155	7189
2019-01-03 Thu	7021	7060	7146	7147	7155	7167	7179
2019-01-04 Fri	7009	7042	7148	7163	7166	7189
2019-01-05 Sat	7173	7193
2019-01-06 Sun	7024	7052
2019-01-07 Mon	7021	7050	7175	7191	7193	7199
2019-01-08 Tue	7047	7048	7053	7061	7146	7194
2019-01-09 Wed	7053	7139	7145	7177	7183	7194
2019-01-10 Thu	7041	7059	7062	7149	7180	7192
2019-01-11 Fri	7020	7053	7145	7148	7194
2019-01-12 Sat	7026	7171
2019-01-13 Sun	7054	7154
2019-01-14 Mon	7015	7026	7055	7144	7154	7156
