2018-09-17 Mon	7057	7062	7164	7177	7182	7191	7193
2018-09-18 Tue	7026	7042	7105	7148	7174	7176	7179	7186	7188
2018-09-19 Wed	7020	7051	7055	7139	7142	7146	7150	7185	7191	7192
2018-09-20 Thu	7020	7026	7044	7049	7109	7154	7174	7180	7191
2018-09-21 Fri	7020	7026	7053	7060	7117	7142	7149	7172	7179
2018-09-22 Sat	7052	7148	7173
2018-09-24 Mon	7149	7155	7171	7172	7174	7177	7182
2018-09-25 Tue	7034	7051	7060	7139	7155	7167	7171	7174
2018-09-26 Wed	7034	7047	7138	7139	7149	7179	7185	7194
2018-09-27 Thu	7056	7060	7109	7147	7154	7166	7185	7198
2018-09-28 Fri	7020	7040	7042	7138	7152	7166	7167	7186
2018-09-29 Sat	7151	7162	7169
2018-10-01 Mon	7020	7031	7048	7062	7148	7152	7174	7185
2018-10-02 Tue	7046	7056	7145	7150	7154	7175	7182	7198
2018-10-03 Wed	7020	7060	7109	7145	7152	7156	7188	7190
