2018-09-17 Mon	7021	7052	7053
2018-09-18 Tue	7014	7176	7177	7189	7190
2018-09-19 Wed	7020	7120	7145	7176	7190	7192
2018-09-20 Thu	7009	7014	7043	7049	7175
2018-09-21 Fri	7034	7172	7187	7197	7198
2018-09-24 Mon	7009	7141	7147	7149	7199	8114
2018-09-25 Tue	7057	7139	7146	7148	7186	7187
2018-09-26 Wed	7040	7047	7048	7151	7169
2018-09-27 Thu	7046	7147	7171	7177	7179	7192
2018-09-28 Fri	7042	7058	7153	7180
2018-10-01 Mon	7026	7048	7049	7050	7060	7180
2018-10-02 Tue	7051	7053	7062	7139	7154	7190
2018-10-03 Wed	7020	7042	7151	7191
