2018-09-17 Mon	7055	7059	7141	7147
2018-09-18 Tue	7046	7049	7053	7149	7189	7197
2018-09-19 Wed	7040	7047	7144	7145	7171	7189
2018-09-20 Thu	7014	7043	7044	7141	7148	7182
2018-09-21 Fri	7014	7026	7034	7051	7143	7178
2018-09-22 Sat	7165	7169
2018-09-23 Sun	7052	7109
2018-09-24 Mon	3729	7014	7142	7164	7176	7199
2018-09-25 Tue	7021	7042	7143	7146	7186	7187
2018-09-26 Wed	7034	7056	7060	7166	7169	7180
2018-09-27 Thu	7015	7045	7139	7163	7164	7192
2018-09-28 Fri	7044	7045	7060	7149	7194
2018-09-29 Sat	7176	7192
2018-09-30 Sun	7043	7172
2018-10-01 Mon	7026	7040	7046	7052	7147	7166
2018-10-02 Tue	7009	7050	7053	7149	7171	7192
2018-10-03 Wed	7057	7155	7165	7180
2018-10-04 Thu	7014	7050	7056	7059	7151	7178
2018-10-05 Fri	7049	7057	7060	7139	7176	7197	7198
2018-10-06 Sat	7043	7189
2018-10-07 Sun	7045	7050
2018-10-08 Mon	3720	7015	7040	7142	7175	7190
2018-10-09 Tue	7042	7059	7109	7162	7178	7185
2018-10-10 Wed	7020	7051	7138	7166	7170	7191
2018-10-11 Thu	3709	7020	7044	7051	7173	7192
2018-10-12 Fri	7024	7043	7055	7147	7156	7182
2018-10-13 Sat	7145	7191
2018-10-14 Sun	7058	7173
2018-10-15 Mon	3711	7015	7050	7061	7178	7192
2018-10-16 Tue	3750	7143	7150	7152	7164	7192
2018-10-17 Wed	7044	7046	7060	7150	7179	7198
2018-10-18 Thu	7021	7031	7048	7050	7151	7199
2018-10-19 Fri	7024	7044	7062	7151	7170	7195
2018-10-20 Sat	7052	7143
2018-10-21 Sun	7059	7178
2018-10-22 Mon	7044	7049	7056	7148	7170	7172
2018-10-23 Tue	7026	7046	7140	7149	7178	7192
2018-10-24 Wed	7009	7024	7055	7140	7141	7183
2018-10-25 Thu	7055	7144	7150	7173	7189	7198
2018-10-26 Fri	7021	7051	7138	7139	7152	7190
2018-10-27 Sat	7047	7055
2018-10-28 Sun	7140	7198
2018-10-29 Mon	7009	7053	7058	7156	7187
2018-10-30 Tue	7015	7040	7109	7139	7141	7147
2018-10-31 Wed	7014	7055	7155	7184	7188	7193
2018-11-01 Thu	7014	7040	7143	7168	7177	7178
2018-11-02 Fri	7010	7058	7148	7153	7177	7183
2018-11-03 Sat	7049	7146
2018-11-04 Sun	7109	7194
2018-11-05 Mon	7053	7055	7174	7183	7186	7194
2018-11-06 Tue	7045	7047	7057	7139	7180	7199
2018-11-07 Wed	7020	7044	7049	7056	7139	7181	7183
