2018-09-17 Mon	3627	3648	7116	8041	8046
2018-09-18 Tue	3600	3636	7103	7104	7135	8059	8210	8237	8244	8257
2018-09-19 Wed	3626	3648	3649	7027	7100	7133	8015	8210	8218	8237	8240
2018-09-20 Thu	3604	3634	3648	7017	7112	7161	8026	8052	8063	8247
2018-09-21 Fri	3650	3655	3698	7100	7113	7135	8002	8056	8209	8227
2018-09-24 Mon	3622	3640	7101	7128	8067	8235
2018-09-25 Tue	3633	3635	7018	7113	7129	8004	8008	8211	8256
2018-09-26 Wed	3628	3643	3650	7017	7101	7161	8057	8071	8242	8258
2018-09-27 Thu	3626	3637	3646	7012	7128	7134	8053	8084	8219	8236
2018-09-28 Fri	3640	3641	7016	7133	7137	8057	8065	8237
2018-10-01 Mon	3621	3627	3639	7028	7113	7132	8070	8221	8227	8252
2018-10-02 Tue	3640	3641	3652	7012	7018	7161	8023	8042	8205	8210
2018-10-03 Wed	3626	3639	3645	7113	7133	8023
2018-10-04 Thu	3600	3642	3653	3655	7017	7136	8017	8032	8253
2018-10-05 Fri	3600	3637	3643	3655	3698	7016	7131	8021	8056	8067
2018-10-08 Mon	3603	3604	3641	3655	7028	7133	7135	8025	8077	8241
2018-10-09 Tue	3624	3627	3628	7016	7018	7127	8011	8076	8232	8258
2018-10-10 Wed	3626	3635	3641	3651	7018	7131	7161	8056	8078	8219
2018-10-11 Thu	3634	3647	3648	3650	7127	7131	8235	8237	8246
2018-10-12 Fri	3635	3651	3653	3655	7027	7113	7128	8002	8231	8247
2018-10-15 Mon	3624	3644	3647	7027	7028	7131	8059	8074	8214	8215
2018-10-16 Tue	3623	3644	3645	3654	7102	7127	7134	8008	8218	8259
2018-10-17 Wed	3621	3622	3626	3653	7128	7129	8074	8213	8252
2018-10-18 Thu	3632	3646	3655	3699	7102	7128	7136	8038	8044	8214
2018-10-19 Fri	3601	3604	3643	3698	7016	7131	7136	8017	8044	8245	8252
2018-10-22 Mon	3636	3639	3653	3655	7012	7131	7136	8026	8075	8227
2018-10-23 Tue	3604	3627	3651	3698	7017	7131	8206	8230	8250
2018-10-24 Wed	3635	3649	3650	3698	7025	7125	7134	8211	8245	8248
2018-10-25 Thu	3622	3651	3653	7018	7025	7102	8029	8036	8082
2018-10-26 Fri	3623	3642	3653	3656	7027	7113	7125	8063	8201	8210
2018-10-29 Mon	3604	3642	3655	7027	7125	7133	8058	8201	8248	8257
2018-10-30 Tue	3602	3639	3644	3646	7101	7102	7133	8049	8076	8255
2018-10-31 Wed	3625	3638	3642	3645	7016	7102	7134	8017	8222	8253
2018-11-01 Thu	3603	3631	3633	3652	7102	7130	7131	8066	8209	8215
2018-11-02 Fri	3603	3628	3634	3645	7113	7134	8078	8205	8226
2018-11-05 Mon	3603	3626	3642	3650	7019	7128	8036	8221	8244	8252
2018-11-06 Tue	3641	3650	3654	7016	7017	8007	8039	8067	8259
2018-11-07 Wed	3625	3640	3649	7019	7101	8007	8034	8067	8214
2018-11-08 Thu	3625	3639	3641	3643	3648	7128	7129	8063	8083	8200	8241
2018-11-09 Fri	3623	3631	3634	3655	7018	7134	8065	8068	8208	8228
2018-11-12 Mon	3601	3640	3647	3649	7016	7017	8000	8064	8223	8256
2018-11-13 Tue	3638	3642	3644	3699	7012	7018	8002	8015	8217	8218
2018-11-14 Wed	3603	3640	3641	3656	7133	7136	8019	8040	8065	8257
