2018-09-17 Mon	6952	7026	7050	7153	7171	7180
2018-09-18 Tue	3722	6855	6913	6921	6952	6982	7174	7179	7185	8115	8127	8139
2018-09-19 Wed	6861	6891	6929	6979	6985	7021	7044	7050	7139	7153	7187	8116	8119
2018-09-20 Thu	6913	6914	6947	6987	7020	7146	7175	7195	7255	8127	8298
2018-09-21 Fri	6856	6921	6929	6973	7059	7144	7145	7147	7148	7185	8124
2018-09-24 Mon	6817	6859	6861	6863	6870	6883	6884	7141	7151	7171	7180	8118	8125
2018-09-25 Tue	6815	6947	6953	6977	6981	6983	7141	7163	7168	7174	7185	7188	8135	8142
2018-09-26 Wed	6859	6893	6929	6972	6983	6985	7061	7138	7147	7177	7178	7182	7188	8101
2018-09-27 Thu	6818	6865	6884	6955	6977	7026	7041	7046	7138	7174	7198	8134	8138
2018-09-28 Fri	6818	6861	6938	6950	6977	7013	7040	7043	7059	7139	8110
2018-10-01 Mon	6800	6860	6874	6951	6983	7043	7138	7152	7190	8100	8102	8134	8146
2018-10-02 Tue	6874	6885	6938	6955	6972	7015	7020	7051	7056	7138	8106	8127	8141	8148
2018-10-03 Wed	6949	7060	7142	7172	7176	8122	8133
