2018-09-17 Mon	7155	7187	8148
2018-09-18 Tue	6891	6912	6987	7046	7171	8122	8132	8140
2018-09-19 Wed	6815	6914	6973	7162	7192	8110	8130	8295
2018-09-20 Thu	6856	6950	7145	7185	8102	8132	8133	8142
2018-09-21 Fri	6814	6863	6874	6883	7056	7141	8108	8134
2018-09-24 Mon	6858	6982	6983	7042	7176	8132	8146
2018-09-25 Tue	6956	6972	7014	7020	7138	7192	8100	8136
2018-09-26 Wed	6997	7024	7043	7056	7061	7162	7182	8127
2018-09-27 Thu	6938	7040	7142	7151	7171	8125	8128	8146
2018-09-28 Fri	6813	6856	7041	7062	7188	8140
2018-10-01 Mon	6892	7053	7057	7170	7188	8106	8107	8126
2018-10-02 Tue	6830	6955	7048	7166	7170	7194	8147
2018-10-03 Wed	7061	7184	7189	8124
2018-10-04 Thu	6830	6972	7051	7062	7145	8134	8141
2018-10-05 Fri	6973	7184	7194	7198	8114	8127	8140
2018-10-08 Mon	6874	6953	6954	7143	7152	7194	8140
2018-10-09 Tue	6830	6957	7013	7050	7058	7148	7170	8136
2018-10-10 Wed	6956	7034	7040	7193	8126	8128	8149
2018-10-11 Thu	6893	7042	7045	7048	7179	8105	8113
2018-10-12 Fri	6855	6874	6891	7020	7144	7152	7167	8101
2018-10-15 Mon	6865	7172	7176	7199	8112	8113
2018-10-16 Tue	6973	7040	7043	7047	7153	7173	8125	8146
2018-10-17 Wed	6885	6959	7045	7052	7173	7178	8102	8130
2018-10-18 Thu	6955	6977	7044	7139	7174	7184	8113	8116
2018-10-19 Fri	6858	6870	7040	7052	7146	7169	8103
2018-10-22 Mon	6860	7056	7141	7154	7189	8106	8118	8149
2018-10-23 Tue	6883	7009	7044	7049	7055	8105	8107	8125
2018-10-24 Wed	6892	7021	7034	7043	7154	7170	7190	8140
2018-10-25 Thu	3755	6954	7021	7047	7062	7144	7175	8106
2018-10-26 Fri	6878	7021	7138	7142	7163	7184	8100	8112
2018-10-29 Mon	6959	7024	7164	7195	7198	8104	8106	8120
2018-10-30 Tue	6997	7045	7143	7150	7152	7199	8120	8137
2018-10-31 Wed	6923	7045	7054	7154	7173	7195	7197	8111
2018-11-01 Thu	6814	7142	7170	7172	7180	7193	8109
2018-11-02 Fri	6871	7051	7059	7152	7183	7186	8107
2018-11-05 Mon	6981	7150	7154	7163	7183	8112	8128	8134
2018-11-06 Tue	6860	7013	7046	7047	7147	7163	7195	8117
2018-11-07 Wed	6814	7141	7151	7166	7177	7189	7198	8118
2018-11-08 Thu	6884	7041	7051	7052	7061	7171	7180	8116
2018-11-09 Fri	6891	7041	7045	7060	7169	7195	8101
2018-11-12 Mon	6813	7020	7026	7059	8106	8111	8147
2018-11-13 Tue	6870	6892	7175	7197	7199	8124	8128	8141
2018-11-14 Wed	6857	7022	7057	7173	8118	8120	8123	8146
2018-11-15 Thu	6883	6955	7031	7043	7163	7185	8117	8128
2018-11-16 Fri	6939	6951	7051	7055	7062	7164	8114	8115
2018-11-19 Mon	6874	7142	7189	7193	8105	8138
2018-11-20 Tue	6951	7050	7166	7183	8105	8114	8147
2018-11-21 Wed	6883	7024	7043	7145	7164	7167	7190	8129
2018-11-23 Fri	7059	7151	7162	7198	8117	8126	8141
2018-11-26 Mon	6858	6979	7013	7049	7054	7144	7185	8129
2018-11-27 Tue	6921	7050	7059	7176	7191	8114	8126	8145
2018-11-28 Wed	3730	7041	7052	7057	7153	7175	8123	8130
2018-11-29 Thu	3708	6891	7052	7149	7174	7198	8107	8122
2018-11-30 Fri	6959	7022	7047	7153	7173	7176	8128	8146
2018-12-03 Mon	6951	6983	7013	7022	7172	7177	7198	8104
2018-12-04 Tue	7014	7057	7146	7147	7148	7194	8122	8131
2018-12-05 Wed	6874	7050	7053	7148	7150	7170	7186	8126
2018-12-06 Thu	6864	7048	7169	7171	7178	8100	8111	8126
2018-12-07 Fri	6952	6956	7057	7061	7163	8104	8110	8115
2018-12-10 Mon	6865	7010	7049	7151	8114	8116	8120
2018-12-11 Tue	7009	7044	7149	7150	7174	7178	8106	8148
2018-12-12 Wed	6953	6955	7044	7055	7165	7194	8130	8134
2018-12-13 Thu	7022	7041	7145	7176	7178	7193	8125	8130
2018-12-14 Fri	6997	7051	7151	7154	7155	8123	8129
2018-12-17 Mon	6983	7056	7141	7144	7172	8100	8107	8147
2018-12-18 Tue	6829	7045	7051	7161	7175	7180	7193	8107
2018-12-19 Wed	6939	7062	7141	7162	7192	8126
2018-12-20 Thu	6864	7010	7022	7048	7151	7155	7197	8114
2018-12-21 Fri	6923	6971	7010	7048	7051	7053	7198	8107
2018-12-24 Mon	7048	7061	7171	7184	8115	8145
2018-12-26 Wed	6871	6987	7058	7147	7165	7184	8116
2018-12-27 Thu	6891	7026	7175	7181	8134	8136
2018-12-28 Fri	6884	7031	7190	8114	8115	8117	8135
2018-12-31 Mon	6891	7050	7149	7156	7179	8122
2019-01-02 Wed	7015	7048	7165	7194	8106	8123	8128	8133
2019-01-03 Thu	6800	6815	6865	7026	7164	7184	8103	8113
2019-01-04 Fri	6855	6858	7045	7051	7162	7199	8109	8141
2019-01-07 Mon	7049	7058	7167	7178	7184	8126	8129
2019-01-08 Tue	7009	7015	7055	7061	7153	7155	8100	8102
2019-01-09 Wed	6815	7014	7034	7044	7062	7187	8120	8128
2019-01-10 Thu	6874	7024	7060	7192	7198	8125	8136	8141
2019-01-11 Fri	6874	6923	6983	7053	7109	7171	8110	8124
2019-01-14 Mon	6921	6983	7181	7188	7195	8113	8133	8149
