2018-09-17 Mon	6912	6950	8103	8114	8116	8147
2018-09-18 Tue	6858	7021	8104	8108	8110	8124	8131	8132	8135	8148	8298
2018-09-19 Wed	6800	6817	7142	8103	8117	8119	8120	8131	8132	8139	8146	8148
2018-09-20 Thu	6815	6861	8100	8101	8108	8119	8124	8137	8138	8145	8146	8148
2018-09-21 Fri	6870	6950	8101	8104	8107	8116	8117	8119	8132	8136	8140
2018-09-24 Mon	6939	7031	8101	8105	8118	8125	8133	8134	8136	8137	8140	8142
2018-09-25 Tue	6862	6987	7026	8105	8106	8118	8125	8127	8132	8134	8142	8149
2018-09-26 Wed	6863	6951	7009	8100	8101	8108	8119	8125	8133	8134	8135	8137
2018-09-27 Thu	6923	7162	8104	8105	8107	8116	8118	8134	8137	8140	8147
2018-09-28 Fri	6947	7154	8112	8115	8125	8136	8145	8148
2018-10-01 Mon	6856	6891	7050	8100	8115	8117	8118	8120	8132	8137	8142	8146	8149
2018-10-02 Tue	6817	6871	7185	8104	8105	8107	8120	8126	8129	8137	8141	8144
2018-10-03 Wed	6817	7048	8100	8110	8118	8131	8139
