2018-09-17 Mon	8108	8122	8125	8144	8298
2018-09-18 Tue	6938	8107	8116	8125	8129	8140	8146	8148	8149	8295
2018-09-19 Wed	6913	8101	8117	8119	8124	8128	8134	8139	8145	8298
2018-09-20 Thu	6913	8101	8106	8112	8115	8126	8130	8134	8141	8144	8146
2018-09-21 Fri	6923	8108	8109	8122	8137	8138	8139	8140	8141	8147	8299
2018-09-24 Mon	7147	8100	8118	8122	8126	8132	8136	8139	8145	8148	8149
2018-09-25 Tue	7178	8101	8110	8116	8117	8118	8124	8128	8132	8135	8148
2018-09-26 Wed	7178	8102	8106	8110	8115	8129	8132	8133	8134	8144	8149
2018-09-27 Thu	6982	7050	8101	8114	8122	8127	8129	8134	8140	8142	8144	8146	8149
2018-09-28 Fri	7187	8101	8103	8104	8106	8114	8116	8131	8135	8139	8144
2018-10-01 Mon	6953	7024	8105	8107	8119	8122	8129	8136	8140	8145	8146
2018-10-02 Tue	7162	8104	8105	8110	8114	8116	8117	8128	8134	8136	8138	8139	8146
2018-10-03 Wed	8106	8117	8127	8128	8135	8144
2018-10-04 Thu	6953	7176	8105	8106	8114	8119	8124	8129	8138	8142	8143	8146
2018-10-05 Fri	6955	7169	8102	8107	8112	8113	8115	8120	8123	8126	8137	8149
2018-10-08 Mon	6857	7010	7031	8101	8102	8112	8118	8119	8125	8133	8137	8144	8146
2018-10-09 Tue	6893	7013	8104	8106	8109	8112	8113	8116	8120	8122	8126	8139
2018-10-10 Wed	7053	7148	8109	8119	8123	8137	8138	8140	8145	8147	8148
2018-10-11 Thu	7142	7151	8101	8102	8114	8115	8117	8128	8146	8147	8148
2018-10-12 Fri	6954	7146	8110	8115	8123	8124	8125	8134	8142	8145	8148	8149
2018-10-15 Mon	7145	8101	8109	8110	8114	8116	8120	8123	8139	8147	8148	8149
2018-10-16 Tue	7044	8101	8102	8123	8125	8130	8133	8134	8136	8139	8144	8145	8149
2018-10-17 Wed	7010	8105	8107	8113	8114	8117	8120	8137	8139	8141	8142	8145	8147
2018-10-18 Thu	6972	7024	7043	8101	8102	8109	8114	8118	8122	8127	8144	8149
2018-10-19 Fri	6855	7143	8110	8120	8122	8135	8139	8143	8146	8147	8149
2018-10-22 Mon	7021	8106	8108	8114	8123	8130	8132	8133	8134	8138	8145	8148
2018-10-23 Tue	6948	7169	8101	8102	8112	8115	8118	8122	8123	8127	8138	8141	8143
2018-10-24 Wed	6957	7150	8106	8113	8116	8123	8126	8127	8128	8131	8145	8148	8149
2018-10-25 Thu	6956	7047	8105	8114	8115	8123	8125	8127	8129	8135	8141	8142	8149
2018-10-26 Fri	7044	8105	8106	8107	8109	8119	8120	8123	8126	8132	8134	8145	8149
2018-10-29 Mon	6983	7192	8100	8105	8110	8122	8126	8130	8141	8142	8145	8147
2018-10-30 Tue	7044	7172	8106	8113	8116	8117	8122	8129	8131	8133	8138	8143	8149
2018-10-31 Wed	6997	7167	8100	8105	8107	8113	8123	8127	8128	8138	8139	8141	8142
2018-11-01 Thu	7040	8100	8105	8108	8111	8129	8132	8133	8134	8146	8147
2018-11-02 Fri	6862	7051	8104	8106	8108	8110	8114	8123	8125	8126	8133	8142
2018-11-05 Mon	7177	7185	8113	8118	8120	8123	8126	8131	8134	8141	8143	8146
2018-11-06 Tue	6938	7144	8108	8109	8110	8113	8114	8122	8123	8131	8134	8141	8144
2018-11-07 Wed	7053	7170	8102	8105	8106	8109	8111	8113	8118	8122	8124	8134
2018-11-08 Thu	7054	7183	8104	8107	8110	8118	8120	8125	8127	8128	8131	8134	8142
2018-11-09 Fri	6878	7199	8100	8108	8117	8129	8130	8136	8142	8143	8144	8145
2018-11-12 Mon	7058	8100	8102	8103	8110	8114	8125	8131	8143	8144	8145	8147
2018-11-13 Tue	7153	8106	8110	8116	8118	8120	8122	8125	8131	8132	8135	8136	8148
2018-11-14 Wed	7152	8101	8109	8115	8117	8122	8124	8126	8128	8129	8137	8141	8143
2018-11-15 Thu	7031	8100	8111	8113	8118	8119	8122	8126	8135	8136	8142	8149
2018-11-16 Fri	6800	6878	7041	8100	8101	8104	8105	8108	8114	8118	8122	8124	8128
2018-11-19 Mon	7046	8101	8102	8109	8111	8113	8114	8115	8132	8147
2018-11-20 Tue	6815	7013	8104	8110	8116	8122	8131	8139	8141	8143	8146	8148
2018-11-21 Wed	7043	7143	8101	8103	8104	8107	8111	8117	8122	8125	8126	8146
2018-11-23 Fri	6971	7197	8102	8110	8120	8122	8124	8136	8137	8140	8141	8145
2018-11-26 Mon	6874	7175	8101	8102	8108	8112	8114	8116	8122	8124	8128	8132	8135
2018-11-27 Tue	7040	8101	8105	8114	8119	8124	8138	8139	8140	8141
2018-11-28 Wed	7015	8101	8103	8109	8116	8119	8122	8126	8127	8129	8132	8137	8141
2018-11-29 Thu	6859	7021	8101	8110	8118	8127	8129	8137	8144	8145	8147	8149
2018-11-30 Fri	7193	8106	8108	8110	8115	8117	8122	8133	8137	8145
2018-12-03 Mon	6956	7020	8102	8106	8109	8111	8114	8117	8127	8134	8135	8149
2018-12-04 Tue	6948	7053	8104	8107	8108	8109	8111	8113	8124	8125	8133	8141
2018-12-05 Wed	7151	8102	8104	8109	8111	8113	8118	8123	8125	8128	8132
2018-12-06 Thu	7191	8107	8109	8114	8127	8128	8130	8132	8133	8135	8142	8143
2018-12-07 Fri	7188	8103	8107	8108	8116	8126	8130	8131	8133	8134	8135	8138	8143
2018-12-10 Mon	6870	7150	7178	8106	8119	8123	8131	8134	8137	8142	8143	8144	8147
2018-12-11 Tue	6883	7147	8112	8115	8117	8119	8122	8132	8137	8140	8143	8144
2018-12-12 Wed	6814	7140	8103	8108	8115	8123	8127	8131	8132	8138	8143	8144	8148
2018-12-13 Thu	6948	7049	8103	8112	8119	8122	8125	8132	8143	8147	8149
2018-12-14 Fri	6874	7193	8102	8105	8107	8109	8111	8112	8126	8127	8139	8143	8148
2018-12-17 Mon	6957	7009	8105	8110	8119	8120	8126	8127	8130	8131	8132	8146
2018-12-18 Tue	7044	8100	8103	8108	8112	8113	8115	8119	8122	8129	8130	8141
2018-12-19 Wed	6857	7140	8103	8120	8125	8129	8133	8135	8143	8144
2018-12-20 Thu	7183	8115	8118	8119	8135	8141	8143	8145	8146
2018-12-21 Fri	7026	8100	8105	8106	8110	8113	8116	8127	8144	8149
2018-12-24 Mon	6952	7053	8107	8111	8120	8123	8127	8130	8131	8139	8148
2018-12-26 Wed	6864	7162	8100	8106	8111	8115	8126	8130	8132	8141	8148
2018-12-27 Thu	6814	7162	8105	8110	8112	8119	8120	8129	8130	8132	8137	8147
2018-12-28 Fri	6921	7192	8104	8114	8118	8123	8129	8131	8145	8146
2018-12-31 Mon	6952	7042	8104	8127	8133	8142	8146	8147
2019-01-02 Wed	7009	8105	8112	8114	8118	8119	8122	8125	8130	8135	8137	8142
2019-01-03 Thu	6987	7014	7060	7148	8110	8125	8126	8133	8136	8137	8142	8148
2019-01-04 Fri	3713	6953	7172	8104	8105	8109	8120	8123	8135	8139	8140	8141	8146
2019-01-07 Mon	6871	7058	8108	8111	8112	8116	8117	8119	8122	8135	8138	8141	8146
2019-01-08 Tue	6952	7026	8104	8108	8109	8111	8112	8114	8129	8133	8134	8135	8139
2019-01-09 Wed	6861	7142	8101	8109	8113	8114	8116	8117	8124	8125	8142	8149
2019-01-10 Thu	7153	7183	8101	8103	8106	8108	8111	8114	8129	8130	8140	8142	8149
2019-01-11 Fri	6997	7182	8100	8109	8114	8116	8119	8131	8134	8138	8142
2019-01-14 Mon	7169	8107	8123	8124	8128	8132	8133	8143	8144	8145	8148
