2018-09-17 Mon	4307	4308	4336	4342	4344	4347	4355	4361	4377	4381	4387	4388	4390	4406
2018-09-18 Tue	4304	4310	4315	4323	4324	4325	4328	4332	4340	4348	4352	4355	4362	4363	4366	4372	4373	4376	4383
2018-09-19 Wed	4301	4303	4304	4309	4315	4338	4349	4353	4357	4359	4362	4365	4372	4382	4384	4390	4391	4403
2018-09-20 Thu	4309	4310	4311	4315	4322	4344	4345	4353	4365	4372	4373	4374	4382	4384	4388	4392	4399	4406	4408
2018-09-21 Fri	4311	4314	4317	4328	4331	4333	4334	4346	4359	4371	4373	4380	4381	4383	4387	4390	4391	4402	4403	4406
2018-09-24 Mon	4305	4327	4328	4329	4332	4348	4360	4362	4365	4366	4370	4383	4387	4388	4403	4405
2018-09-25 Tue	4302	4314	4315	4324	4333	4336	4346	4347	4358	4359	4360	4370	4371	4376	4386	4391	4392	4409
2018-09-26 Wed	4304	4310	4311	4312	4315	4324	4329	4331	4336	4348	4360	4364	4371	4386	4391	4398	4399	4401
2018-09-27 Thu	4301	4302	4311	4314	4328	4334	4342	4345	4357	4363	4369	4371	4383	4390	4393	4397	4408	4409
2018-09-28 Fri	4315	4317	4322	4323	4326	4329	4341	4355	4360	4361	4375	4377	4383	4385	4396	4400
2018-09-29 Sat	3638	3643	3644	3650	3651	3656	7017	7018	7025	7037	7101	7133
2018-09-30 Sun	3651	3656	3699	7137
2018-10-01 Mon	4305	4310	4314	4322	4325	4330	4336	4346	4356	4360	4361	4372	4375	4380	4387	4394	4397	4400	4408
2018-10-02 Tue	4317	4320	4324	4325	4327	4329	4336	4338	4348	4349	4363	4364	4366	4374	4384	4390	4396	4406
2018-10-03 Wed	4304	4325	4327	4328	4336	4340	4362	4367	4371	4374	4376	4388	4390	4401	4404	4406	8063
2018-10-04 Thu	4302	4308	4311	4321	4329	4347	4351	4355	4374	4375	4376	4379	4382	4383	4387	4390	4403
2018-10-05 Fri	4304	4310	4321	4327	4329	4333	4342	4345	4349	4352	4359	4375	4377	4386	4388	4393	4400
2018-10-06 Sat	3625	7029	7079	7087	7101	7102	7105	7107	7113	7133	7135
2018-10-07 Sun	3653	7079	7091	7093
2018-10-08 Mon	4305	4307	4311	4319	4324	4328	4330	4336	4345	4360	4363	4367	4368	4372	4373	4386	4390	4392
2018-10-09 Tue	4307	4311	4315	4319	4340	4351	4356	4357	4360	4373	4376	4377	4382	4386	4394	4397	4404	4406
2018-10-10 Wed	4307	4308	4310	4316	4317	4319	4320	4333	4349	4362	4363	4365	4371	4377	4383	4386	4388	4398
2018-10-11 Thu	4303	4304	4314	4316	4319	4345	4346	4351	4356	4360	4371	4375	4384	4388	4390	4391	4396	4401
2018-10-12 Fri	4302	4310	4321	4331	4342	4356	4364	4365	4366	4370	4372	4380	4381	4394	4397	4398	4402	4404
2018-10-13 Sat	3623	3632	7003	7012	7027	7028	7085	7087	7096	7107	7122	7128
2018-10-14 Sun	3656	7003	7070	7094	7119
2018-10-15 Mon	4323	4328	4337	4340	4346	4360	4362	4363	4365	4368	4374	4376	4377	4387	4396	4400	4402	4404
2018-10-16 Tue	4305	4306	4307	4311	4314	4329	4333	4340	4349	4358	4361	4366	4370	4382	4390	4393	4409
2018-10-17 Wed	4303	4312	4314	4340	4351	4357	4359	4368	4369	4374	4386	4387	4389	4390	4391	4400	4404	4408
2018-10-18 Thu	4305	4311	4316	4321	4324	4325	4326	4327	4342	4352	4358	4364	4374	4375	4376	4381	4385	4398
2018-10-19 Fri	4309	4311	4312	4338	4348	4360	4362	4363	4368	4369	4372	4376	4381	4382	4383	4394	4397	4409
2018-10-20 Sat	3601	3604	3623	3624	3631	3632	3634	3644	3645	7037	7065	7158
2018-10-21 Sun	3645	3652	7066	7112
2018-10-22 Mon	4303	4321	4323	4325	4333	4338	4340	4350	4351	4352	4357	4368	4373	4376	4381	4387	4400	4409
2018-10-23 Tue	4301	4312	4323	4325	4328	4336	4337	4339	4342	4346	4361	4372	4380	4383	4393	4404	4406	4409
2018-10-24 Wed	4305	4311	4324	4337	4340	4343	4351	4352	4353	4357	4360	4363	4371	4383	4384	4400	4402
2018-10-25 Thu	4305	4316	4318	4323	4331	4333	4337	4340	4348	4357	4358	4362	4366	4371	4374	4382	4384	4385
2018-10-26 Fri	4302	4303	4304	4305	4315	4325	4327	4342	4356	4362	4366	4367	4368	4376	4377	4395	4405
2018-10-27 Sat	3604	3628	3635	3642	3650	3654	7098	7101	7121	7128	7130
2018-10-28 Sun	3653	3656	3699	7025	7159
2018-10-29 Mon	4301	4321	4330	4336	4339	4347	4348	4363	4364	4365	4366	4373	4389	4394	4398	4400	4401	4407
2018-10-30 Tue	4307	4315	4327	4338	4345	4347	4351	4357	4358	4363	4370	4373	4381	4385	4390	4404	4407	4408
2018-10-31 Wed	4301	4302	4304	4305	4309	4317	4339	4342	4351	4355	4356	4357	4360	4362	4371	4382	4393	4399
2018-11-01 Thu	4313	4316	4317	4321	4328	4330	4333	4347	4366	4374	4375	4377	4386	4388	4394	4409
2018-11-02 Fri	4305	4307	4314	4321	4323	4334	4335	4338	4347	4356	4359	4368	4371	4385	4390	4391	4399	4406
2018-11-03 Sat	3638	3642	3648	7017	7084	7107	7116	7128	7130	7132	7136
2018-11-04 Sun	3631	7075	7127	7132
2018-11-05 Mon	4309	4310	4317	4334	4335	4337	4348	4360	4371	4376	4377	4384	4385	4386	4387	4391	4393	4400	8055	8063
2018-11-06 Tue	4306	4316	4325	4327	4332	4335	4343	4346	4353	4357	4358	4363	4365	4367	4371	4378	4404	4406
2018-11-07 Wed	4303	4305	4325	4337	4342	4345	4348	4355	4357	4359	4362	4364	4369	4375	4378	4379	4389	4390	8044
2018-11-08 Thu	4300	4301	4310	4315	4320	4331	4334	4337	4343	4356	4363	4369	4388	4395	4400	4405	4409
2018-11-09 Fri	4300	4305	4309	4319	4321	4326	4335	4340	4348	4353	4365	4373	4375	4383	4389	4394	4395
2018-11-10 Sat	3633	3643	3651	7016	7036	7065	7081	7087	7102	7117	7136
2018-11-11 Sun	3643	7016	7101	7136
2018-11-12 Mon	4300	4305	4308	4310	4325	4327	4339	4349	4351	4363	4366	4369	4378	4395	4399	4402
2018-11-13 Tue	4300	4306	4319	4321	4322	4330	4345	4346	4367	4376	4385	4386	4387	4392	4397	4400	4407
2018-11-14 Wed	4300	4301	4309	4312	4326	4329	4331	4335	4340	4348	4350	4363	4366	4387	4393	4395	4408
2018-11-15 Thu	4300	4303	4305	4309	4310	4321	4331	4332	4333	4339	4347	4351	4354	4362	4368	4377	4388	4397
2018-11-16 Fri	4307	4315	4319	4323	4328	4331	4332	4336	4347	4359	4368	4376	4380	4384	4386	4392	4404	4405	4406	4409
2018-11-17 Sat	3602	3604	3621	3631	3633	3635	3643	3646	3652	7008	7081
2018-11-18 Sun	3639	3644	3646	7037
2018-11-19 Mon	4302	4307	4309	4317	4318	4327	4337	4343	4355	4357	4360	4365	4371	4393	4397	4403	4408	4409
2018-11-20 Tue	4318	4322	4328	4330	4334	4345	4353	4359	4367	4368	4370	4376	4380	4382	4390	4396	4408
2018-11-21 Wed	4304	4305	4321	4323	4328	4329	4330	4332	4334	4340	4358	4361	4374	4384	4394	4396	4398	4400
2018-11-22 Thu	4331	4360	4377	4381
2018-11-23 Fri	4301	4302	4306	4320	4324	4325	4340	4344	4350	4359	4362	4375	4377	4379	4381	4388	4409
2018-11-24 Sat	3603	3622	3651	3652	7003	7006	7097	7128	7129	7133	7134
2018-11-25 Sun	3633	3648	7023	7134
2018-11-26 Mon	4305	4306	4313	4316	4319	4323	4324	4335	4337	4358	4363	4364	4365	4366	4367	4372	4382	4397	4408
2018-11-27 Tue	4327	4334	4335	4339	4345	4346	4359	4360	4361	4370	4374	4383	4388	4399	4401	4405	4408
2018-11-28 Wed	4302	4303	4306	4312	4314	4327	4331	4337	4345	4353	4354	4358	4370	4383	4387	4390	4406
2018-11-29 Thu	4310	4312	4320	4323	4325	4329	4334	4338	4340	4343	4349	4357	4365	4366	4372	4378	4391
2018-11-30 Fri	4310	4312	4313	4338	4343	4346	4354	4359	4361	4362	4366	4375	4381	4385	4397	4400	4404	4407
2018-12-01 Sat	3634	3649	3655	7006	7023	7027	7080	7096	7100	7128	7131	7136
2018-12-02 Sun	7016	7102	7125	7127
2018-12-03 Mon	4304	4306	4324	4331	4340	4348	4355	4358	4360	4364	4369	4375	4380	4383	4397	4403	4405
2018-12-04 Tue	4302	4306	4322	4323	4324	4332	4333	4343	4351	4364	4368	4369	4370	4374	4384	4389	4403
2018-12-05 Wed	4303	4307	4323	4324	4330	4339	4355	4358	4363	4367	4369	4370	4389	4392	4401	4403	4407
2018-12-06 Thu	4305	4314	4324	4327	4329	4344	4357	4359	4362	4368	4369	4376	4380	4385	4392	4400	4403	4407
2018-12-07 Fri	4306	4315	4316	4323	4331	4339	4345	4348	4358	4361	4368	4370	4374	4375	4379	4381	4392	4394	4396
2018-12-08 Sat	3601	3604	3631	3634	3635	3639	3645	3647	3654	7088	7112
2018-12-09 Sun	3631	7037	7067	7093
2018-12-10 Mon	4306	4309	4321	4323	4327	4329	4339	4340	4343	4344	4346	4348	4351	4364	4370	4390	4395	4401	8063
2018-12-11 Tue	4308	4309	4323	4324	4327	4329	4333	4337	4350	4357	4358	4365	4370	4373	4374	4380	4390	4393	4396	4407	8043	8044
2018-12-12 Wed	4305	4307	4327	4332	4333	4337	4341	4342	4350	4359	4361	4362	4367	4382	4390	4391	4393	4398
2018-12-13 Thu	4304	4309	4316	4319	4320	4345	4347	4348	4350	4351	4355	4357	4363	4373	4380	4387	4401	4402
2018-12-14 Fri	4319	4326	4329	4338	4350	4353	4354	4359	4366	4370	4373	4377	4385	4387	4393	4396	4398
2018-12-15 Sat	3600	3624	3631	3632	3637	3640	3654	7018	7075	7105	7115
2018-12-16 Sun	3601	7065	7117	7122
2018-12-17 Mon	4304	4313	4330	4332	4338	4339	4348	4349	4365	4372	4373	4375	4378	4383	4385	4390	4401	4402	8044	8069
2018-12-18 Tue	4305	4306	4323	4325	4327	4332	4350	4363	4372	4376	4381	4382	4383	4384	4386	4390	4398	4403	8020
2018-12-19 Wed	4306	4312	4313	4320	4323	4333	4337	4342	4343	4348	4361	4368	4383	4384	4393	4398	4403	4408
2018-12-20 Thu	4306	4310	4315	4323	4327	4332	4339	4348	4360	4365	4371	4379	4384	4386	4391	4400	4401
2018-12-21 Fri	4305	4307	4308	4321	4323	4334	4337	4349	4354	4363	4371	4373	4383	4393	4404	4405	4406	4408
2018-12-22 Sat	4306	4325	4362	4367	4373	4378	4380	4399	4403	7091	7121
2018-12-23 Sun	4308	4313	4393	4395	4408
2018-12-24 Mon	4300	4302	4309	4313	4316	4333	4337	4340	4344	4345	4347	4349	4359	4363	4375	4381	4385	4409
2018-12-25 Tue	4313	4329	4390	7077
2018-12-26 Wed	4308	4311	4324	4337	4340	4349	4351	4361	4362	4368	4377	4382	4394	4397	4400	4402	4405	4406
2018-12-27 Thu	4318	4321	4327	4334	4337	4340	4341	4357	4358	4371	4373	4376	4381	4382	4384	4386	4393	4396	4398
2018-12-28 Fri	4321	4322	4334	4337	4339	4345	4350	4355	4360	4363	4376	4377	4382	4391	4397	4401	4406	4409
2018-12-29 Sat	3603	3637	3650	7007	7032	7098	7104	7106	7123	7126
2018-12-30 Sun	3637	3650	7096	7098	7104
2018-12-31 Mon	4304	4318	4320	4322	4334	4336	4345	4359	4360	4365	4370	4387	4399	4400	4402	4403	4409
2019-01-01 Tue	4300	4339	4352	7122
2019-01-02 Wed	4313	4321	4322	4325	4327	4329	4333	4349	4355	4359	4363	4371	4376	4385	4396	4397	4398	4405
2019-01-03 Thu	4304	4305	4308	4313	4315	4317	4325	4330	4338	4345	4348	4350	4362	4367	4396	4403	4404
2019-01-04 Fri	4316	4325	4326	4328	4331	4332	4339	4340	4343	4355	4361	4366	4370	4376	4383	4385	4397
2019-01-05 Sat	3604	3625	3631	3634	3636	3650	3653	3656	7030	7032	7071
2019-01-06 Sun	2763	3622	3649	7003	7065	7092
2019-01-07 Mon	4304	4308	4313	4323	4327	4338	4346	4349	4353	4360	4371	4377	4378	4379	4382	4383	4401	4406	4409
2019-01-08 Tue	4304	4308	4310	4317	4324	4329	4340	4342	4349	4350	4359	4362	4365	4372	4401	4404	4408
2019-01-09 Wed	4308	4318	4320	4327	4330	4331	4333	4339	4341	4350	4352	4375	4381	4382	4385	4397	4401	4408
2019-01-10 Thu	4304	4311	4317	4320	4329	4340	4342	4349	4368	4370	4373	4381	4383	4392	4397	4400	4406	4407
2019-01-11 Fri	4318	4327	4338	4342	4344	4353	4360	4370	4377	4379	4385	4391	4392	4393	4394	4398	4402	4405
2019-01-12 Sat	10104	3621	3632	3633	3640	3641	3650	7012	7081	7082	7084	7122
2019-01-13 Sun	10103	3648	3655	3698	7032	7088
2019-01-14 Mon	4300	4316	4317	4321	4322	4331	4344	4346	4348	4350	4353	4357	4358	4360	4380	4383	4390	4395
