2018-09-17 Mon	2600	2601	2612	2629	2631	2642	2644	2675	2677	2689	2705	2709	2737	2776	2790	2799	7114	8265	8268	8272	8274	8278	8284	8285	8289	8290	8296	8297
2018-09-18 Tue	2601	2631	2637	2642	2648	2652	2670	2672	2684	2689	2690	2691	2702	2703	2705	2708	2710	2762	2763	2786	2789	2791	2797	2800	2802	2810	8265	8267	8269	8270	8272	8275	8278	8281	8282	8283	8285	8287	8288	8290	8294
2018-09-19 Wed	2600	2601	2614	2628	2629	2634	2638	2644	2648	2668	2669	2674	2678	2698	2700	2705	2734	2735	2739	2762	2766	2767	2779	2790	2794	2805	2807	2809	2810	8259	8260	8264	8269	8270	8271	8272	8274	8281	8285	8288	8291	8294
2018-09-20 Thu	2628	2630	2638	2639	2642	2644	2647	2649	2651	2652	2668	2672	2676	2678	2684	2689	2698	2700	2701	2702	2703	2706	2707	2764	2787	2789	2790	2809	8262	8264	8267	8269	8270	8273	8274	8279	8281	8284	8287	8291
2018-09-21 Fri	2601	2612	2613	2628	2630	2638	2647	2648	2649	2652	2671	2673	2684	2698	2700	2710	2736	2761	2776	2779	2787	2797	2798	2800	2802	2806	2809	2810	8259	8264	8265	8268	8269	8273	8274	8279	8281	8284	8287	8288	8290
2018-09-24 Mon	2613	2628	2634	2642	2644	2670	2673	2701	2705	2734	2739	2771	2776	2779	2789	2794	2805	8260	8263	8268	8272	8274	8275	8280	8281	8283	8284	8289	8292	8294	8296	8298
2018-09-25 Tue	2600	2601	2612	2614	2628	2629	2631	2638	2645	2649	2651	2669	2674	2689	2700	2702	2703	2762	2767	2773	2780	2790	2791	2800	2802	2806	8262	8263	8269	8270	8271	8273	8274	8275	8277	8279	8280	8281	8282	8288	8292	8294	8296	8297	8299
2018-09-26 Wed	2606	2612	2614	2618	2629	2637	2642	2645	2648	2670	2676	2689	2690	2702	2703	2706	2739	2761	2780	2786	2799	2807	8259	8265	8269	8270	8271	8272	8273	8275	8277	8280	8282	8283	8285	8288	8289	8294	8298	8299
2018-09-27 Thu	2600	2618	2628	2629	2630	2634	2648	2652	2670	2672	2678	2681	2689	2700	2701	2705	2739	2766	2780	2790	2798	2800	2809	8259	8261	8267	8269	8270	8272	8273	8275	8277	8278	8279	8281	8285	8288	8293	8297	8299
2018-09-28 Fri	2601	2614	2631	2649	2651	2669	2670	2674	2683	2703	2735	2739	2765	2766	2773	2776	2798	2806	2807	2810	8261	8266	8268	8270	8272	8273	8275	8280	8284	8288	8290	8291	8293	8295	8297	8298
2018-09-29 Sat	2614	2628	2638	2644	2675	2700	2702	2703	2735	2740	2780	2787	2789	2794	2798	2801	8261	8266	8270	8273	8288	8293
2018-09-30 Sun	2612	2618	2642	2644	2675	2676	2762	2799	2805	2810	8259	8260	8261	8263	8268	8269	8271	8275	8277	8281	8283	8285	8291	8297	8298
2018-10-01 Mon	2612	2613	2618	2630	2634	2638	2647	2648	2649	2652	2671	2676	2698	2702	2703	2705	2739	2740	2761	2767	2773	2776	2789	2791	2799	2802	2805	2806	8259	8264	8271	8272	8275	8280	8281	8282	8283	8288	8289	8290	8291	8293	8294	8296	8298
2018-10-02 Tue	2606	2629	2630	2638	2642	2649	2652	2668	2671	2673	2676	2689	2700	2705	2735	2737	2738	2764	2765	2770	2776	2790	2794	2802	2806	2809	2810	8260	8263	8265	8266	8267	8269	8270	8272	8274	8275	8277	8279	8280	8288	8293	8297
2018-10-03 Wed	2613	2614	2617	2631	2651	2668	2677	2684	2698	2707	2738	2762	2794	2805	2809	2810	8259	8261	8264	8267	8268	8270	8273	8274	8277	8278	8282	8284	8289	8290	8292	8294
2018-10-04 Thu	2612	2628	2630	2631	2634	2645	2669	2678	2681	2684	2689	2691	2735	2737	2773	2776	2787	2789	2790	2797	2802	2809	8260	8264	8267	8269	8270	8271	8273	8274	8277	8278	8279	8281	8282	8283	8284	8288	8290	8295	8297	8298
2018-10-05 Fri	2613	2616	2630	2631	2634	2637	2638	2642	2644	2669	2676	2681	2684	2689	2691	2703	2706	2734	2738	2761	2762	2763	2773	2794	2798	2806	8254	8259	8261	8266	8269	8273	8274	8278	8279	8282	8283	8284	8285	8288	8289	8292	8294	8296	8297
2018-10-06 Sat	2673	2678	2691	2734	2736	2738	2767	2770	2779	2791	2809	8259	8260	8261	8266	8270	8273	8283	8284	8290	8291	8296
2018-10-07 Sun	2600	2601	2628	2629	2631	2642	2670	2683	2684	2763	2799	2802	2805	8254	8267	8271	8273	8274	8277	8279	8283	8285	8293	8297
2018-10-08 Mon	2614	2628	2629	2630	2631	2634	2638	2649	2651	2668	2669	2672	2673	2678	2683	2691	2698	2705	2735	2737	2738	2739	2761	2762	2763	2780	2790	2799	2810	7033	8254	8261	8263	8265	8266	8269	8270	8271	8273	8274	8281	8282	8284	8289	8290	8295
2018-10-09 Tue	2612	2617	2618	2628	2629	2630	2640	2645	2648	2652	2669	2671	2673	2675	2689	2694	2698	2706	2735	2738	2763	2764	2765	2790	2797	2800	2802	2805	8259	8263	8264	8266	8267	8268	8270	8271	8274	8278	8279	8280	8282	8291	8294	8295	8296
2018-10-10 Wed	2601	2606	2612	2613	2616	2629	2631	2634	2638	2644	2649	2651	2669	2671	2676	2684	2703	2707	2735	2736	2739	2780	2789	2799	2800	2810	8254	8259	8261	8269	8270	8274	8277	8279	8281	8285	8289	8290	8291	8293	8295	8296	8297
2018-10-11 Thu	2601	2602	2613	2616	2617	2630	2637	2639	2642	2649	2652	2673	2676	2691	2694	2700	2705	2736	2737	2739	2761	2800	2805	2806	2810	8260	8263	8264	8268	8270	8273	8274	8275	8278	8280	8282	8283	8285	8290	8294	8295	8296	8297
2018-10-12 Fri	2612	2617	2628	2642	2644	2649	2651	2668	2670	2674	2675	2684	2700	2702	2705	2706	2738	2740	2766	2767	2779	2786	2787	2789	2798	2805	8259	8261	8267	8270	8271	8274	8275	8279	8280	8283	8285	8289	8290	8292	8295	8297	8298
2018-10-13 Sat	2604	2616	2649	2668	2674	2700	2706	2735	2739	2766	2780	2805	8261	8267	8270	8272	8279	8281	8284	8292	8293	8294	8297
2018-10-14 Sun	2604	2613	2616	2630	2674	2684	2694	2700	2735	2739	2773	2789	2798	2805	8265	8271	8273	8274	8278	8280	8281	8287	8289	8290	8294
2018-10-15 Mon	2602	2604	2606	2612	2618	2629	2630	2639	2645	2648	2652	2658	2671	2674	2676	2678	2700	2702	2734	2764	2770	2776	2795	2800	2809	8260	8264	8266	8268	8269	8270	8271	8273	8274	8279	8280	8282	8284	8285	8289	8291	8295	8297
2018-10-16 Tue	2602	2604	2606	2613	2614	2618	2634	2637	2640	2648	2651	2668	2671	2674	2683	2690	2694	2705	2707	2736	2739	2740	2761	2767	2770	2773	2791	2794	2800	2805	2809	8264	8265	8267	8271	8272	8273	8274	8278	8280	8283	8285	8290	8294	8295	8296
2018-10-17 Wed	2600	2616	2628	2629	2631	2634	2639	2642	2644	2649	2674	2675	2678	2681	2689	2691	2703	2734	2735	2738	2739	2761	2773	2795	2806	2809	8260	8261	8265	8267	8268	8269	8270	8272	8275	8280	8281	8282	8284	8287	8290	8294	8295
2018-10-18 Thu	2600	2602	2614	2618	2629	2638	2641	2642	2652	2671	2672	2676	2681	2684	2689	2694	2707	2736	2738	2765	2773	2776	2780	2787	2790	2791	2794	2797	2807	8260	8261	8263	8270	8274	8275	8279	8284	8290	8292	8293	8294	8295	8297	8298
2018-10-19 Fri	2601	2604	2612	2628	2638	2641	2644	2649	2673	2674	2675	2683	2694	2698	2701	2705	2763	2765	2766	2773	2776	2787	2789	2798	2800	2806	2809	2810	8264	8266	8268	8269	8272	8273	8275	8277	8279	8280	8281	8284	8291	8292	8295	8296	8297
2018-10-20 Sat	2628	2630	2642	2689	2734	2738	2764	2790	2795	2798	2799	2800	8263	8266	8267	8268	8272	8274	8280	8281	8291	8294
2018-10-21 Sun	2612	2637	2668	2689	2691	2701	2734	2736	2761	2773	2786	2791	2799	2810	8261	8265	8266	8269	8275	8282	8283	8284	8290	8292	8298
2018-10-22 Mon	2600	2614	2628	2648	2649	2652	2668	2670	2671	2691	2698	2705	2734	2735	2738	2765	2791	2810	8260	8261	8265	8266	8268	8271	8273	8279	8280	8283	8284	8289	8290	8291	8295	8296	8298
2018-10-23 Tue	2600	2618	2634	2649	2651	2668	2672	2678	2683	2703	2765	2767	2789	2790	2794	2802	2807	2810	8263	8264	8265	8268	8270	8271	8274	8278	8280	8281	8282	8283	8292	8295	8297	8298
2018-10-24 Wed	2606	2614	2640	2651	2652	2668	2669	2675	2678	2684	2691	2698	2702	2706	2761	2764	2776	2780	2790	2794	2799	8260	8263	8264	8266	8269	8270	8272	8273	8274	8280	8282	8285	8290	8291	8293	8295	8296	8297
2018-10-25 Thu	2601	2630	2639	2647	2649	2658	2681	2683	2684	2734	2739	2761	2767	2776	2780	2789	2791	2797	2800	2809	7087	8260	8265	8266	8269	8270	8271	8278	8280	8285	8287	8289	8292	8294	8296
2018-10-26 Fri	2606	2616	2617	2628	2640	2648	2671	2698	2700	2702	2703	2705	2736	2764	2765	2766	2780	2789	2799	2809	8263	8266	8267	8268	8270	8272	8273	8278	8280	8282	8287	8290	8294	8295	8296
2018-10-27 Sat	2613	2642	2645	2648	2668	2690	2706	2735	2765	2766	2780	2810	8260	8261	8265	8269	8273	8274	8282	8289	8296
2018-10-28 Sun	2600	2601	2606	2612	2641	2642	2670	2671	2681	2689	2691	2698	2706	2738	2765	2780	8267	8271	8272	8277	8283	8285	8290	8294
2018-10-29 Mon	2601	2604	2616	2630	2638	2644	2668	2671	2683	2689	2690	2702	2703	2738	2776	2779	2787	2790	2791	2797	2806	8260	8264	8267	8268	8270	8275	8277	8282	8283	8284	8285	8287	8289	8290	8291	8292	8296	8297
2018-10-30 Tue	2601	2602	2604	2606	2614	2616	2618	2634	2640	2652	2669	2674	2675	2690	2700	2702	2734	2736	2738	2764	2773	2776	2779	2780	2791	2799	2809	8260	8264	8268	8271	8272	8275	8280	8282	8284	8285	8287	8289	8294	8296	8298
2018-10-31 Wed	2629	2637	2645	2649	2651	2652	2669	2670	2672	2683	2691	2701	2762	2763	2773	2780	2786	2789	2790	2795	2799	2809	8260	8261	8263	8265	8266	8267	8268	8271	8275	8277	8278	8280	8287	8289	8290	8291	8293	8298
2018-11-01 Thu	2601	2604	2613	2628	2634	2637	2644	2648	2649	2651	2652	2668	2669	2674	2675	2677	2681	2684	2698	2703	2706	2764	2765	2773	2776	2790	2799	2800	2810	8260	8267	8268	8269	8270	8271	8272	8273	8274	8279	8280	8282	8287	8289	8295	8296	8297
2018-11-02 Fri	2601	2604	2606	2629	2645	2648	2651	2658	2672	2675	2683	2684	2702	2703	2740	2761	2762	2764	2780	2790	2791	2797	2799	2800	2802	2807	8260	8262	8264	8265	8268	8279	8280	8281	8283	8284	8289	8292	8294	8295	8297	8299
2018-11-03 Sat	2602	2612	2616	2629	2647	2658	2673	2677	2678	2764	2807	8261	8263	8270	8273	8274	8279	8287	8289	8292	8295	8299
2018-11-04 Sun	2617	2647	2658	2678	2681	2698	2702	2725	2762	2763	2765	2787	2790	2791	2805	8262	8264	8265	8268	8272	8278	8285	8289	8294	8297	8298
2018-11-05 Mon	2600	2601	2613	2614	2629	2631	2638	2640	2642	2649	2652	2669	2671	2672	2674	2678	2705	2735	2738	2773	2779	2780	2797	2800	2802	2806	2810	8267	8268	8271	8272	8277	8280	8281	8282	8283	8284	8285	8290	8292	8295	8299
2018-11-06 Tue	2600	2604	2618	2637	2638	2644	2648	2651	2658	2670	2683	2689	2690	2701	2735	2737	2738	2739	2740	2763	2773	2776	2779	2780	2786	2800	2802	2806	2810	8263	8265	8267	8270	8271	8272	8273	8278	8280	8284	8285	8287	8289	8291	8292	8299
2018-11-07 Wed	2601	2606	2618	2631	2640	2644	2647	2649	2652	2672	2674	2691	2698	2702	2703	2705	2734	2766	2773	2776	2794	2797	2799	2800	2805	2806	8261	8264	8268	8269	8273	8274	8278	8282	8285	8287	8291	8294	8295	8296	8297	8298	8299
2018-11-08 Thu	2602	2606	2612	2637	2640	2642	2645	2647	2651	2669	2672	2691	2703	2707	2734	2735	2738	2786	2789	2790	2798	2800	2806	2809	8260	8261	8264	8267	8268	8269	8270	8271	8274	8278	8281	8283	8284	8285	8294	8296	8297	8299
2018-11-09 Fri	2600	2601	2602	2612	2628	2630	2634	2638	2643	2647	2658	2672	2684	2690	2700	2703	2736	2740	2762	2763	2780	2789	2797	2798	2799	2805	8260	8263	8264	8265	8272	8274	8275	8278	8280	8281	8282	8283	8284	8285	8291	8293	8299
2018-11-10 Sat	2602	2604	2628	2629	2638	2648	2670	2691	2698	2766	2789	2800	8260	8263	8265	8279	8280	8283	8284	8289	8295	8299
2018-11-11 Sun	2602	2606	2628	2629	2637	2638	2673	2681	2683	2736	2789	2800	2802	8268	8270	8273	8275	8277	8280	8285	8289	8292	8295	8296	8297
2018-11-12 Mon	2600	2612	2613	2630	2643	2644	2652	2691	2700	2703	2706	2736	2737	2738	2739	2761	2765	2766	2769	2780	2786	2794	2795	2799	2802	2806	8261	8264	8265	8270	8272	8274	8275	8278	8280	8281	8285	8291	8292	8294	8296	8297	8298
2018-11-13 Tue	2601	2606	2613	2629	2630	2643	2644	2645	2647	2649	2651	2670	2674	2675	2689	2690	2701	2702	2706	2737	2739	2780	2791	2799	2802	2805	2806	8260	8261	8264	8265	8268	8271	8272	8276	8279	8280	8281	8285	8289	8290	8292	8295	8296
2018-11-14 Wed	2600	2606	2613	2631	2634	2639	2640	2643	2644	2645	2651	2652	2658	2670	2672	2677	2700	2701	2702	2734	2739	2761	2764	2779	2780	2789	2798	2799	2802	2805	8261	8263	8264	8265	8269	8271	8276	8277	8281	8282	8287	8289	8290	8292	8294	8296	8297
2018-11-15 Thu	2601	2616	2628	2634	2638	2640	2642	2643	2644	2651	2668	2669	2670	2678	2684	2691	2700	2705	2734	2736	2738	2740	2762	2764	2765	2776	2797	2802	2809	8261	8263	8266	8268	8270	8272	8273	8274	8276	8283	8289	8290	8291	8294	8295	8296
2018-11-16 Fri	2600	2601	2606	2613	2616	2618	2630	2634	2638	2652	2669	2670	2681	2683	2689	2690	2698	2705	2706	2739	2763	2769	2779	2799	8261	8263	8265	8266	8268	8269	8270	8271	8272	8273	8275	8276	8277	8279	8282	8284	8285	8296
2018-11-17 Sat	2602	2612	2617	2631	2637	2638	2643	2645	2649	2702	2706	2740	2770	2789	2798	8264	8265	8266	8268	8269	8281	8287
2018-11-18 Sun	2602	2604	2614	2643	2649	2670	2706	2740	2773	2779	2798	2800	8260	8261	8266	8275	8278	8284	8287	8289	8292	8293	8294	8298
2018-11-19 Mon	2600	2612	2613	2617	2630	2631	2647	2649	2652	2668	2672	2678	2683	2701	2702	2707	2735	2738	2761	2763	2765	2770	2773	2776	2789	2799	2800	8263	8264	8271	8273	8274	8275	8276	8277	8278	8282	8283	8284	8285	8291	8295	8298	8299
2018-11-20 Tue	2600	2617	2618	2628	2629	2631	2637	2639	2645	2649	2652	2672	2673	2683	2684	2689	2703	2707	2735	2740	2741	2762	2763	2776	2799	2800	2805	2810	8261	8263	8268	8269	8270	8273	8274	8275	8276	8277	8280	8283	8284	8295	8297
2018-11-21 Wed	2600	2606	2613	2614	2617	2618	2631	2643	2644	2645	2651	2669	2675	2681	2689	2691	2698	2702	2703	2706	2735	2738	2739	2761	2766	2773	2776	2786	8263	8264	8265	8266	8270	8271	8277	8278	8280	8282	8285	8287	8289	8292	8295	8297
2018-11-22 Thu	2600	2612	2639	2658	2705	2767	2773	2797	2800	2809	8261	8264	8265	8269	8271	8275	8281	8282	8284	8285	8287	8289	8292	8298
2018-11-23 Fri	2600	2601	2606	2612	2615	2629	2631	2637	2639	2643	2644	2651	2678	2681	2690	2700	2701	2705	2707	2734	2736	2738	2740	2767	2769	2780	2787	2790	2797	2806	2809	8261	8265	8268	8269	8270	8271	8272	8273	8275	8280	8284	8289	8291	8292	8294
2018-11-24 Sat	2613	2628	2630	2638	2652	2675	2676	2677	2734	2736	2739	2809	8261	8263	8266	8270	8271	8280	8282	8283	8290	8296
2018-11-25 Sun	2602	2613	2628	2634	2638	2652	2676	2677	2678	2681	2691	2738	2787	2791	2794	2799	8263	8264	8265	8266	8274	8276	8277	8280	8295
2018-11-26 Mon	2600	2601	2612	2613	2617	2618	2628	2637	2639	2642	2651	2652	2658	2670	2674	2689	2700	2701	2703	2738	2761	2762	2786	2789	2790	2794	2798	2806	8265	8266	8268	8270	8272	8275	8278	8281	8284	8285	8287	8293	8295	8297	8298	8299
2018-11-27 Tue	2602	2612	2614	2618	2631	2638	2644	2645	2649	2669	2671	2672	2673	2674	2677	2689	2691	2703	2707	2738	2741	2761	2762	2776	2787	2790	2795	2806	2809	8263	8264	8265	8266	8270	8271	8272	8273	8277	8281	8284	8285	8289	8290	8292	8293	8296	8299
2018-11-28 Wed	2600	2602	2604	2613	2614	2618	2637	2647	2649	2651	2652	2671	2677	2681	2684	2689	2691	2706	2707	2737	2738	2741	2761	2766	2773	2787	2791	2794	2798	2806	2810	8263	8265	8266	8268	8269	8270	8272	8273	8275	8279	8285	8289	8293	8294	8297	8298
2018-11-29 Thu	2600	2604	2629	2631	2638	2643	2649	2652	2672	2689	2691	2698	2705	2706	2737	2761	2763	2765	2766	2770	2775	2776	2787	2790	2798	2802	2810	8261	8263	8269	8272	8280	8281	8282	8283	8289	8291	8293	8295	8297	8298
2018-11-30 Fri	2604	2612	2614	2616	2617	2628	2638	2639	2640	2647	2651	2669	2671	2674	2705	2734	2739	2761	2762	2766	2773	2775	2779	2790	2799	2806	2809	2810	8261	8264	8265	8268	8271	8272	8273	8278	8279	8282	8284	8289	8293	8294	8295	8297
2018-12-01 Sat	2602	2645	2647	2689	2702	2703	2705	2706	2736	2737	2761	2766	2769	2787	2790	2798	2805	2806	8265	8270	8285
2018-12-02 Sun	2613	2617	2652	2689	2700	2706	2737	2763	2779	2780	2790	2798	2801	2805	8263	8266	8268	8272	8276	8280	8281	8287	8289	8292	8297
2018-12-03 Mon	2600	2601	2602	2604	2606	2614	2615	2616	2617	2642	2652	2668	2675	2678	2690	2691	2703	2734	2735	2738	2740	2773	2776	2789	2791	2794	2798	2809	8261	8263	8266	8268	8269	8271	8272	8274	8276	8279	8280	8290	8292	8293	8294	8295	8296	8298
2018-12-04 Tue	2601	2614	2618	2628	2637	2643	2644	2658	2671	2675	2678	2691	2703	2735	2740	2762	2766	2769	2776	2786	2787	2791	2794	2798	2799	2800	2801	2809	2810	8260	8270	8272	8273	8280	8281	8285	8287	8289	8291	8292	8293	8295	8296
2018-12-05 Wed	2600	2601	2614	2615	2617	2639	2640	2644	2647	2649	2651	2668	2669	2675	2691	2700	2705	2707	2734	2740	2769	2770	2775	2779	2786	2789	2791	2794	2798	2806	8260	8261	8263	8264	8265	8268	8269	8270	8271	8285	8287	8289	8291	8292	8293	8296	8299
2018-12-06 Thu	2600	2601	2604	2614	2630	2631	2638	2639	2641	2643	2649	2658	2670	2674	2681	2690	2701	2736	2737	2762	2769	2775	2776	2779	2798	2799	2809	8261	8264	8265	8266	8268	8269	8270	8272	8273	8275	8279	8280	8285	8291	8293
2018-12-07 Fri	2604	2614	2615	2618	2637	2638	2641	2642	2643	2645	2675	2677	2681	2689	2691	2701	2761	2762	2763	2765	2767	2787	2790	2795	2799	2802	2806	8264	8270	8274	8277	8279	8280	8281	8284	8287	8289	8291	8293	8294	8296	8297	8299
2018-12-08 Sat	2600	2601	2612	2641	2647	2648	2673	2691	2700	2703	2734	2775	2789	8261	8266	8271	8276	8279	8284	8290	8291	8296	8297
2018-12-09 Sun	2600	2629	2634	2647	2673	2700	2701	2703	2706	2763	2799	2800	2806	8261	8264	8266	8268	8272	8275	8281	8289	8291	8293	8296	8297	8298
2018-12-10 Mon	2600	2601	2606	2617	2628	2631	2637	2638	2644	2649	2652	2658	2668	2675	2683	2690	2694	2698	2705	2775	2776	2789	2798	2799	2805	2806	2809	2810	8261	8262	8265	8268	8270	8275	8278	8279	8281	8283	8284	8289	8290	8291	8293	8295
2018-12-11 Tue	2602	2606	2617	2629	2638	2639	2648	2651	2658	2669	2678	2681	2683	2691	2694	2698	2701	2702	2734	2738	2740	2765	2766	2791	2794	2800	2801	2810	8260	8261	8262	8263	8264	8266	8271	8276	8278	8280	8284	8290	8292	8293	8294	8298	8299
2018-12-12 Wed	2601	2602	2618	2628	2637	2638	2639	2643	2648	2670	2671	2678	2681	2683	2694	2700	2701	2705	2707	2734	2737	2740	2765	2766	2773	2787	2789	2791	2794	2795	2798	2801	2809	2810	8262	8263	8265	8266	8272	8279	8280	8281	8283	8284	8289	8293	8294	8298
2018-12-13 Thu	2600	2614	2617	2631	2634	2638	2643	2645	2672	2674	2691	2694	2698	2702	2703	2705	2737	2738	2740	2761	2762	2766	2767	2769	2775	2776	2787	2789	2802	8260	8262	8263	8266	8270	8272	8273	8278	8279	8280	8284	8285	8292	8293	8296	8298
2018-12-14 Fri	2600	2601	2602	2617	2629	2631	2637	2640	2642	2643	2645	2647	2648	2668	2671	2674	2684	2701	2703	2736	2738	2761	2764	2766	2775	2776	2787	2794	2801	2809	8260	8263	8268	8276	8279	8280	8282	8283	8284	8285	8289	8293	8296	8298
2018-12-15 Sat	2600	2601	2612	2614	2616	2634	2645	2672	2700	2705	2739	2761	2769	2786	2801	2806	2809	2810	8270	8283	8294	8296	8298
2018-12-16 Sun	2613	2629	2645	2658	2669	2674	2677	2681	2694	2700	2703	2736	2739	2763	2791	8260	8262	8263	8268	8269	8270	8271	8281	8285	8294	8295	8299
2018-12-17 Mon	2600	2604	2606	2612	2613	2616	2617	2631	2651	2669	2670	2671	2672	2676	2678	2689	2691	2701	2705	2736	2740	2761	2764	2770	2787	2791	2810	8262	8265	8266	8269	8271	8273	8276	8278	8279	8280	8281	8283	8289	8290	8296
2018-12-18 Tue	2600	2612	2613	2614	2618	2638	2640	2649	2651	2669	2670	2678	2689	2690	2698	2706	2739	2762	2764	2773	2776	2779	2789	2790	2795	2798	2801	2809	2810	8260	8264	8265	8268	8269	8271	8273	8274	8278	8280	8282	8283	8284	8290	8291	8295	8298
2018-12-19 Wed	2601	2613	2616	2618	2629	2637	2639	2645	2647	2648	2691	2700	2701	2703	2706	2707	2770	2779	2780	2786	2787	2794	2795	2798	2801	2805	2810	8260	8262	8266	8271	8272	8276	8277	8278	8280	8281	8282	8289	8290	8291	8293	8294	8299
2018-12-20 Thu	2601	2615	2618	2629	2630	2639	2644	2645	2670	2671	2676	2677	2684	2691	2694	2698	2700	2706	2707	2738	2739	2741	2765	2766	2776	2779	2786	2787	2790	2794	2800	2805	2809	8261	8266	8272	8274	8276	8277	8278	8279	8280	8285	8290	8292	8296
2018-12-21 Fri	2601	2606	2615	2630	2642	2648	2669	2671	2674	2675	2676	2677	2689	2691	2694	2698	2700	2702	2706	2707	2736	2739	2740	2761	2766	2773	2776	2786	2805	2806	8263	8266	8268	8270	8271	8274	8276	8277	8279	8280	8281	8282	8284	8285	8291	8293
2018-12-22 Sat	2613	2629	2630	2642	2644	2668	2671	2678	2702	2707	2737	2739	2780	8262	8263	8268	8271	8274	8278	8294	8296	8298
2018-12-23 Sun	2604	2606	2615	2629	2630	2637	2642	2683	2737	2739	2776	2780	2805	8261	8264	8266	8271	8274	8276	8281	8290	8294	8296	8298
2018-12-24 Mon	2602	2606	2612	2630	2631	2634	2643	2651	2668	2673	2676	2678	2689	2690	2691	2694	2698	2700	2702	2762	2764	2765	2770	2773	2787	2789	2795	2800	2801	2806	8260	8263	8265	8268	8273	8274	8275	8276	8277	8280	8282	8289	8290	8291	8295
2018-12-25 Tue	2615	2629	2630	2634	2671	2683	2689	2694	2702	2779	2791	8261	8263	8264	8266	8268	8280	8281	8284	8293	8294	8295	8296	8298
2018-12-26 Wed	2602	2604	2612	2615	2618	2631	2634	2638	2644	2647	2658	2668	2672	2674	2675	2676	2681	2690	2694	2702	2736	2738	2739	2761	2765	2779	2786	2789	2791	2798	2810	8260	8262	8263	8264	8269	8270	8271	8272	8278	8281	8285	8293	8295	8296	8299
2018-12-27 Thu	2600	2602	2612	2615	2616	2629	2631	2648	2649	2658	2668	2670	2672	2676	2681	2702	2739	2763	2770	2776	2780	2786	2791	2794	2798	2801	2810	8260	8262	8265	8266	8268	8272	8274	8275	8279	8282	8284	8293	8294	8295	8296	8299
2018-12-28 Fri	2604	2606	2616	2629	2638	2639	2640	2651	2668	2671	2675	2676	2684	2698	2702	2706	2736	2739	2740	2741	2764	2766	2786	2789	2794	2797	2798	2799	2809	2810	8261	8263	8265	8269	8270	8273	8278	8279	8280	8281	8289	8291	8295	8296	8298
2018-12-29 Sat	2618	2628	2643	2670	2673	2683	2689	2735	2738	2740	2764	2766	2775	2806	2809	8261	8263	8264	8266	8277	8293	8296
2018-12-30 Sun	2600	2613	2642	2658	2673	2705	2735	2740	2741	2776	2786	2789	2791	2794	2797	8265	8269	8271	8273	8275	8276	8277	8279	8282	8285	8296	8298
2018-12-31 Mon	2600	2602	2613	2615	2617	2638	2645	2651	2668	2673	2675	2677	2698	2701	2702	2705	2735	2737	2740	2769	2770	2791	2795	2797	2799	2800	2805	2806	8260	8261	8262	8268	8271	8272	8277	8278	8282	8284	8287	8290	8291	8293	8294	8295	8296	8299
2019-01-01 Tue	2615	2618	2628	2629	2642	2669	2672	2773	2776	2801	8269	8270	8272	8273	8276	8277	8278	8280	8285	8290	8291	8294	8295	8296	8298
2019-01-02 Wed	2612	2615	2628	2639	2642	2643	2645	2652	2671	2676	2677	2684	2689	2694	2701	2706	2761	2762	2763	2764	2769	2770	2773	2775	2786	2787	2791	2797	2799	2800	2805	2806	2809	8260	8262	8270	8272	8275	8276	8280	8284	8289	8291	8296	8298	8299
2019-01-03 Thu	2600	2602	2614	2615	2618	2629	2631	2634	2639	2643	2644	2669	2670	2675	2681	2689	2700	2702	2706	2736	2738	2764	2786	2787	2790	2794	2800	2805	8270	8273	8275	8281	8282	8284	8285	8287	8289	8290	8291	8293	8294	8295	8296	8299
2019-01-04 Fri	2602	2604	2606	2618	2631	2634	2640	2645	2648	2668	2669	2681	2683	2691	2698	2700	2701	2703	2741	2763	2764	2775	2779	2780	2794	2798	2799	2800	2806	8260	8261	8262	8268	8269	8271	8272	8273	8279	8282	8284	8287	8290	8291	8293	8298
2019-01-05 Sat	2600	2616	2644	2645	2670	2674	2677	2694	2718	2737	2739	2764	2766	2770	2780	2806	2810	8263	8269	8271	8274	8280	8289
2019-01-06 Sun	2614	2617	2634	2639	2676	2677	2678	2684	2706	2736	2737	2770	2779	8264	8266	8267	8270	8271	8276	8279	8284	8289	8294	8295
2019-01-07 Mon	2601	2612	2613	2614	2615	2631	2634	2636	2639	2651	2668	2672	2691	2702	2706	2735	2740	2741	2761	2765	2766	2773	2775	2779	2786	2787	2795	2798	2806	8261	8264	8265	8266	8267	8271	8272	8273	8275	8276	8277	8280	8285	8294	8298
2019-01-08 Tue	2600	2601	2606	2616	2628	2629	2634	2640	2641	2652	2668	2672	2675	2677	2683	2684	2705	2717	2734	2761	2762	2765	2776	2786	2787	2791	2795	2799	2802	2806	2810	8266	8268	8269	8270	8271	8273	8274	8278	8280	8282	8285	8295	8298
2019-01-09 Wed	2601	2605	2618	2629	2631	2640	2641	2642	2644	2647	2658	2670	2671	2672	2673	2678	2684	2698	2702	2703	2718	2738	2740	2741	2765	2775	2786	2787	2789	2791	2806	8260	8264	8266	8270	8271	8272	8275	8276	8278	8279	8282	8285	8295	8298	8299
2019-01-10 Thu	2604	2606	2613	2625	2629	2639	2641	2643	2644	2649	2658	2677	2684	2691	2698	2707	2717	2734	2736	2738	2740	2773	2776	2789	2790	2794	2798	2802	2810	8260	8261	8263	8266	8267	8270	8275	8276	8278	8280	8281	8284	8287	8288	8295	8299
2019-01-11 Fri	2600	2601	2604	2618	2638	2639	2643	2644	2645	2651	2669	2670	2676	2691	2698	2718	2734	2735	2738	2741	2762	2770	2786	2787	2789	2790	2794	2798	2800	2801	8260	8261	8263	8264	8265	8268	8269	8274	8275	8276	8279	8280	8281	8285	8298
2019-01-12 Sat	2614	2616	2625	2630	2640	2643	2644	2645	2673	2684	2691	2717	2741	2786	2806	2808	8265	8269	8275	8279	8281	8294	8298
2019-01-13 Sun	2614	2628	2629	2643	2669	2675	2694	2698	2701	2718	2734	2736	2737	2738	2790	2801	8263	8266	8269	8278	8281	8284	8287	8288	8289	8295
2019-01-14 Mon	2604	2612	2614	2617	2618	2629	2631	2640	2643	2647	2648	2668	2673	2674	2684	2689	2700	2703	2707	2736	2773	2786	2787	2790	2791	2798	2801	8261	8263	8265	8266	8269	8270	8274	8276	8277	8279	8280	8282	8289	8293	8295	8298
