2018-09-17 Mon	6889	6917	8150	8152	8157	8162	8164	8167	8168	8170	8171	8172	8175	8177	8183	8185	8197	8198
2018-09-18 Tue	6919	6930	6978	8151	8152	8155	8156	8157	8158	8161	8162	8163	8165	8166	8167	8168	8170	8173	8175	8176	8177	8178	8179	8180	8181	8182	8185	8189	8190	8191	8192	8194	8198	8199
2018-09-19 Wed	6872	6918	6989	8151	8152	8154	8155	8156	8158	8159	8162	8163	8164	8165	8166	8168	8169	8170	8171	8173	8174	8175	8176	8177	8181	8182	8183	8187	8189	8190	8193	8197	8198
2018-09-20 Thu	6889	6927	6931	6988	6996	6998	8150	8151	8152	8154	8158	8161	8162	8163	8164	8167	8169	8170	8171	8172	8177	8179	8181	8185	8187	8191	8192	8193	8194	8195	8197	8199
2018-09-21 Fri	6890	6916	6994	8150	8155	8156	8159	8161	8163	8164	8165	8166	8169	8170	8171	8173	8174	8175	8176	8177	8178	8179	8181	8182	8186	8187	8189	8191	8193	8197	8198	8199
2018-09-24 Mon	6882	6918	8150	8154	8156	8157	8158	8159	8161	8163	8172	8175	8178	8180	8181	8187	8195
2018-09-25 Tue	6881	6894	6928	6967	6989	8151	8154	8156	8158	8162	8165	8166	8168	8169	8172	8173	8175	8176	8180	8182	8183	8186	8190	8191	8193	8196	8197	8199
2018-09-26 Wed	6868	6917	6930	6974	6994	8152	8155	8156	8161	8166	8167	8169	8170	8171	8173	8175	8176	8177	8178	8182	8183	8186	8187	8190	8193	8196	8197	8198	8199	9126
2018-09-27 Thu	6868	6894	6896	6919	6993	8152	8155	8159	8161	8162	8164	8168	8170	8171	8172	8173	8176	8177	8178	8179	8180	8181	8182	8184	8185	8191	8192	8193	8195	8196	8197	8199
2018-09-28 Fri	6919	6930	6932	6978	6995	8151	8155	8156	8157	8158	8160	8162	8164	8165	8169	8170	8171	8174	8177	8180	8182	8183	8184	8186	8187	8190	8193	8195	8199
2018-10-01 Mon	6872	6880	6894	6919	6932	6974	6995	8150	8151	8152	8154	8157	8160	8162	8163	8168	8169	8170	8172	8177	8180	8181	8182	8183	8185	8190	8191	8192	8193	8195
2018-10-02 Tue	6880	6896	6970	6974	6975	6994	6996	8150	8154	8155	8158	8159	8160	8161	8163	8164	8165	8166	8168	8170	8171	8172	8175	8177	8178	8179	8180	8182	8185	8189	8193	8194	8198	8199
2018-10-03 Wed	6894	6919	8150	8154	8159	8163	8166	8167	8169	8171	8174	8177	8178	8186	8189	8191	8194	8195	8197
