2018-09-17 Mon	2641	2651	2678	2691	2734	2736	2738	2762	2780
2018-09-18 Tue	2613	2628	2637	2668	2675	2677	2678	2700	2711	2735	2765	2773	2776	2780	2797	2802	8280	8289	8296
2018-09-19 Wed	2604	2612	2628	2634	2637	2639	2645	2648	2670	2671	2675	2676	2702	2710	2736	2738	2767	2780	2807	8268
2018-09-20 Thu	2601	2606	2613	2618	2631	2637	2648	2674	2675	2690	2735	2736	2766	2767	2786	2790	2794	2798	2800
2018-09-21 Fri	2601	2604	2634	2637	2639	2644	2670	2672	2673	2677	2691	2702	2707	2708	2711	2763	2786	2789	8292
2018-09-24 Mon	2629	2630	2648	2651	2652	2669	2764	2770	2780	2791
2018-09-25 Tue	2645	2648	2649	2669	2676	2677	2681	2691	2700	2701	2706	2707	2762	2763	2779	2787	2789	2798	2810
2018-09-26 Wed	2612	2615	2617	2628	2651	2669	2670	2672	2673	2674	2677	2683	2734	2737	2762	2764	2766	2780	2799	2809
2018-09-27 Thu	2606	2615	2631	2634	2637	2639	2673	2676	2703	2706	2738	2763	2764	2779	2798	2799	2801	2806
2018-09-28 Fri	2606	2612	2618	2629	2634	2637	2638	2642	2647	2652	2671	2676	2779	2780	2790	2794	2797	2800
2018-10-01 Mon	2604	2614	2617	2631	2639	2644	2649	2651	2671	2678	2681	2689	2701	2703	2705	2738	2771	7107	8260
2018-10-02 Tue	2628	2668	2669	2670	2674	2681	2684	2702	2703	2705	2734	2735	2739	2761	2773	2789	2791	2801	2807
2018-10-03 Wed	2606	2637	2644	2673	2700	2703	2734	2738	2773	2800	2802
2018-10-04 Thu	2601	2612	2613	2617	2618	2630	2672	2675	2677	2701	2705	2739	2770	2787	2791	2799	2802
2018-10-05 Fri	2601	2612	2628	2629	2668	2678	2684	2701	2702	2740	2763	2766	2770	2791	2797	2802	2805	2806	2809
2018-10-08 Mon	2629	2634	2642	2652	2669	2673	2674	2676	2681	2764	2765	2766	2767	2776	2787	2789	2790	2798	2806
2018-10-09 Tue	2600	2604	2616	2630	2631	2639	2642	2669	2672	2700	2705	2738	2761	2764	2770	2779	2787	2794	2809
2018-10-10 Wed	2606	2613	2649	2652	2674	2675	2676	2681	2698	2700	2703	2740	2766	2767	2776	2786	2787	2789	2790	2800	2805
2018-10-11 Thu	2600	2602	2618	2638	2639	2644	2678	2681	2683	2698	2702	2734	2738	2765	2790	2809	2810	8043
2018-10-12 Fri	2606	2616	2617	2630	2638	2648	2671	2676	2683	2691	2734	2735	2765	2791	2794	2797	2806	2810
2018-10-15 Mon	2600	2606	2628	2629	2642	2671	2672	2675	2698	2700	2707	2761	2765	2766	2780	2786	2794	2795	2800	2805
2018-10-16 Tue	2602	2628	2639	2642	2649	2668	2669	2675	2678	2691	2700	2703	2735	2764	2773	2786	2794	2805
2018-10-17 Wed	2616	2631	2640	2651	2684	2700	2705	2734	2735	2766	2770	2776	2779	2787	2790	2791	2797	2799
2018-10-18 Thu	2604	2628	2651	2652	2669	2683	2691	2698	2700	2705	2706	2734	2779	2795	2798	2800	2806
2018-10-19 Fri	2612	2613	2630	2631	2634	2639	2641	2648	2669	2683	2703	2705	2734	2735	2762	2764	2767	2791	2805	2809
2018-10-22 Mon	2616	2631	2634	2674	2675	2691	2701	2706	2739	2773	2776	2789	2795	2805	2807	2809
2018-10-23 Tue	2617	2629	2637	2641	2648	2652	2673	2676	2678	2684	2701	2702	2736	2762	2766	2780	2786
2018-10-24 Wed	2601	2602	2617	2644	2648	2677	2703	2705	2707	2737	2765	2779	2786	2790	2791	2794	2805	2806	8292
2018-10-25 Thu	2600	2601	2602	2613	2614	2628	2629	2630	2644	2691	2698	2735	2762	2765	2795	2797	2802
2018-10-26 Fri	2602	2628	2630	2634	2637	2642	2645	2651	2674	2675	2691	2736	2737	2773	2786	2797	2798
2018-10-29 Mon	2602	2618	2638	2645	2675	2678	2689	2698	2734	2739	2741	2766	2780	2789	2798	2809	8298
2018-10-30 Tue	2600	2613	2629	2631	2644	2651	2668	2673	2677	2739	2740	2762	2765	2776	2787	2789	2790	2805	2807
2018-10-31 Wed	2600	2613	2617	2629	2634	2638	2648	2670	2691	2698	2700	2702	2738	2740	2766	2773	2780	2787	2794	2797
2018-11-01 Thu	2600	2618	2629	2641	2642	2651	2658	2671	2674	2689	2700	2735	2763	2766	2779	2791	2805	2807	2809
2018-11-02 Fri	2630	2640	2645	2649	2652	2668	2675	2677	2678	2700	2701	2703	2706	2737	2786	2789	2809
2018-11-05 Mon	2602	2604	2617	2618	2637	2651	2668	2670	2671	2703	2707	2736	2738	2761	2764	2786	2794	2810
2018-11-06 Tue	2601	2616	2617	2647	2668	2671	2681	2691	2705	2707	2734	2738	2794	2797	2805	8055
2018-11-07 Wed	2604	2643	2648	2651	2668	2677	2684	2702	2705	2734	2736	2740	2762	2765	2779	2787	2791	8289
2018-11-08 Thu	2606	2613	2616	2629	2639	2644	2648	2649	2652	2668	2737	2740	2741	2761	2763	2765	2766	8261
2018-11-09 Fri	2600	2614	2616	2639	2642	2644	2645	2651	2652	2673	2677	2678	2734	2741	2764	2766	2779	2806	2810
2018-11-12 Mon	2606	2628	2637	2642	2645	2649	2658	2668	2674	2707	2737	2763	2779	2780	2800	2805	2810
2018-11-13 Tue	2604	2630	2638	2643	2658	2668	2672	2675	2677	2683	2761	2762	2764	2766	2806	2810
2018-11-14 Wed	2616	2628	2629	2638	2647	2658	2668	2669	2678	2737	2738	2739	2764	2776	2789	2790	2802	8275
2018-11-15 Thu	2606	2628	2629	2649	2652	2669	2674	2677	2683	2690	2691	2702	2706	2739	2765	2766	2769	2779	2795	2798
2018-11-16 Fri	2602	2606	2630	2642	2735	2736	2737	2738	2740	2765	2770	2773	2786	2790	2791	2794	2798	2809	2810	8044
2018-11-19 Mon	2606	2616	2629	2637	2638	2645	2669	2674	2675	2677	2689	2700	2705	2706	2769	2779	2799	8279
2018-11-20 Tue	2604	2628	2634	2641	2642	2652	2669	2670	2705	2706	2737	2739	2762	2769	2773	2791	2802	2805
2018-11-21 Wed	2600	2601	2638	2645	2652	2677	2683	2700	2701	2705	2706	2740	2765	2779	2780	2787	2795	2809	2810
2018-11-23 Fri	2601	2604	2628	2630	2637	2645	2658	2670	2674	2735	2740	2763	2779	2780	2789	2810
2018-11-26 Mon	2614	2616	2631	2640	2644	2647	2658	2684	2695	2698	2705	2706	2761	2765	2787	2795	2797	2798	2805
2018-11-27 Tue	2602	2606	2613	2629	2642	2658	2677	2678	2698	2700	2737	2739	2765	2770	2779	2791	2799	2805	2810
2018-11-28 Wed	2629	2644	2645	2670	2675	2702	2741	2762	2764	2779	2780	2786	2789	2798	2799	2805
2018-11-29 Thu	2604	2612	2616	2628	2640	2643	2645	2671	2675	2677	2734	2735	2738	2763	2770	2779	2787	2790	2791
2018-11-30 Fri	2602	2634	2637	2642	2643	2644	2645	2672	2675	2677	2689	2703	2763	2765	2786	2789	2791	2795	2800
2018-12-03 Mon	2602	2613	2614	2618	2634	2639	2658	2674	2684	2700	2701	2762	2764	2766	2787	2789	2790	2795	2805	8266
2018-12-04 Tue	2604	2617	2642	2649	2651	2652	2668	2669	2672	2677	2681	2706	2770	2779	2780	2790	2791
2018-12-05 Wed	2600	2602	2617	2634	2637	2644	2651	2658	2669	2677	2681	2683	2690	2737	2740	2770	2795	2801	2810
2018-12-06 Thu	2602	2629	2631	2634	2645	2652	2673	2678	2691	2700	2701	2705	2707	2736	2737	2766	2769	2770	2776
2018-12-07 Fri	2616	2640	2643	2644	2647	2649	2651	2658	2669	2671	2672	2674	2705	2737	2767	2795	2801	2810	8044
2018-12-10 Mon	2602	2614	2615	2628	2639	2658	2673	2689	2700	2705	2707	2740	2767	2787	2794	2800	2801
2018-12-11 Tue	2606	2615	2637	2642	2647	2652	2673	2677	2683	2684	2691	2707	2737	2779	2787	2790	2795	2798	2805	8063
2018-12-12 Wed	2615	2631	2638	2642	2671	2676	2677	2689	2706	2762	2765	2767	2769	2787	2789	2790	2795	2800
2018-12-13 Thu	2602	2618	2629	2630	2634	2639	2648	2649	2676	2684	2702	2705	2707	2765	2767	2769	2773	2787	2794	2795
2018-12-14 Fri	2604	2613	2616	2629	2638	2668	2673	2683	2690	2691	2740	2761	2764	2765	2786	2791	2794	2806	2810	8069
2018-12-17 Mon	2618	2668	2670	2673	2676	2683	2694	2702	2703	2705	2707	2739	2741	2765	2779	2780	2789	2795	8274
2018-12-18 Tue	2604	2606	2616	2617	2628	2642	2645	2648	2670	2674	2684	2698	2707	2734	2741	2761	2790	2806	8285
2018-12-19 Wed	2604	2614	2615	2644	2669	2671	2673	2674	2676	2683	2698	2739	2764	2766	2769	2770	2786	2801
2018-12-20 Thu	2602	2631	2639	2643	2647	2651	2658	2669	2670	2673	2677	2690	2702	2705	2735	2761	2769	2779	2805	8275
2018-12-21 Fri	2600	2604	2612	2618	2634	2638	2640	2645	2678	2684	2734	2735	2736	2763	2769	2770	2779	2791	2800
2018-12-24 Mon	2604	2616	2637	2658	2668	2670	2674	2678	2681	2689	2703	2735	2740	2763	2797	2810	8055	8294
2018-12-26 Wed	2601	2613	2637	2640	2644	2647	2648	2675	2684	2701	2734	2761	2763	2795	2805
2018-12-27 Thu	2613	2618	2638	2640	2645	2669	2673	2677	2681	2701	2703	2761	2769	2787	2795	2797	2800
2018-12-28 Fri	2614	2615	2618	2630	2649	2669	2673	2690	2703	2737	2740	2766	2769	2780	2798	2800	8276	8290
2018-12-31 Mon	2606	2614	2648	2668	2683	2689	2737	2740	2741	2761	2764	2775	2780	2787	2790	2798	2801
2019-01-02 Wed	2613	2614	2629	2639	2649	2668	2672	2703	2735	2736	2738	2739	2740	2773	2799	2810
2019-01-03 Thu	2629	2634	2639	2640	2649	2652	2658	2671	2676	2677	2684	2700	2701	2761	2773	2780	2789	2810
2019-01-04 Fri	2604	2616	2629	2631	2638	2645	2652	2658	2668	2676	2684	2689	2698	2707	2734	2786	2790
2019-01-07 Mon	10105	2610	2616	2617	2629	2638	2642	2644	2645	2670	2681	2684	2691	2706	2707	2718	2766	2786	2790	2802
2019-01-08 Tue	2600	2602	2625	2636	2639	2641	2652	2691	2698	2706	2766	2770	2790	2797	2800	2801	2805	2806
2019-01-09 Wed	2613	2634	2636	2649	2658	2669	2675	2691	2706	2717	2735	2736	2762	2770	2779	2786	2794	2799	2800
2019-01-10 Thu	10103	2600	2638	2645	2647	2658	2669	2671	2689	2703	2706	2735	2737	2738	2739	2765	2770	2776	2791	2800	2809
2019-01-11 Fri	10104	2606	2618	2630	2647	2658	2674	2677	2705	2706	2707	2766	2779	2780	2791	2799	2800	2802	2806
2019-01-14 Mon	2640	2642	2644	2651	2658	2670	2683	2698	2700	2737	2763	2766	2769	2770	2780	2787	2798	2800
