2018-09-17 Mon	6991	8156	8163	8174	8181	8187	8192
2018-09-18 Tue	6989	8156	8159	8174	8175	8176	8181	8182	8191	8197	8199
2018-09-19 Wed	8155	8158	8161	8164	8166	8173	8178	8186	8189	8191	8195	8199
2018-09-20 Thu	6911	8151	8155	8159	8163	8167	8171	8173	8174	8189	8191	8196	8197
2018-09-21 Fri	6976	8156	8166	8168	8172	8183	8186	8189	8192	8193	8196
2018-09-24 Mon	6896	8167	8169	8174	8182	8185	8190	8196
2018-09-25 Tue	8150	8152	8155	8161	8167	8172	8175	8178	8185	8187	8190	8192	8194	8197
2018-09-26 Wed	8151	8152	8158	8159	8166	8167	8168	8174	8175	8179	8189	8191	8195	8199
2018-09-27 Thu	8156	8157	8159	8164	8166	8167	8169	8171	8178	8183	8186	8189	8198
2018-09-28 Fri	8160	8166	8172	8176	8178	8180	8183	8186	8189	8192	8197	8199
2018-10-01 Mon	8154	8157	8161	8165	8171	8178	8179	8182	8183	8186	8187
2018-10-02 Tue	8161	8162	8167	8168	8172	8173	8179	8181	8187	8189	8191
2018-10-03 Wed	8157	8158	8161	8165	8175	8179	8186	8196	8198
2018-10-04 Thu	6931	8158	8159	8168	8173	8176	8178	8180	8182	8186	8193	8199	9087
2018-10-05 Fri	6026	6930	8158	8160	8168	8169	8172	8175	8185	8193	8195	8198
2018-10-08 Mon	8156	8162	8165	8172	8173	8183	8185	8191	8193	8195	8198
2018-10-09 Tue	6926	6967	8151	8163	8166	8174	8175	8176	8179	8183	8185	8186	8187	8193	8197
2018-10-10 Wed	6022	8150	8156	8161	8176	8178	8179	8181	8182	8187	8190	8196	8197
2018-10-11 Thu	8151	8152	8154	8162	8166	8168	8170	8173	8174	8179	8191	8194	8197	9070
2018-10-12 Fri	8150	8155	8158	8162	8170	8171	8173	8175	8176	8180	8193	8197	8199
2018-10-15 Mon	6928	8161	8163	8164	8165	8169	8175	8179	8183	8187	8190	8195	8199
2018-10-16 Tue	8157	8166	8170	8171	8172	8175	8179	8187	8190	8193	8194	8196	8199
2018-10-17 Wed	6975	8151	8152	8156	8164	8165	8173	8174	8188	8194	8195	8196	8198	8199
2018-10-18 Thu	6998	8150	8154	8157	8162	8166	8167	8168	8175	8190	8192	8197
2018-10-19 Fri	6886	6918	8152	8157	8161	8163	8167	8174	8177	8181	8183	8185	8193	8198
2018-10-22 Mon	8154	8155	8157	8163	8167	8170	8179	8180	8185	8188	8193	8194	8195	9589
2018-10-23 Tue	8151	8156	8164	8165	8166	8181	8182	8183	8186	8187	8190	8191	8198
2018-10-24 Wed	6886	6970	6974	8166	8172	8176	8177	8179	8180	8182	8192	8199
2018-10-25 Thu	8156	8164	8168	8169	8170	8171	8173	8178	8183	8185	8196	8197	9585
2018-10-26 Fri	8150	8155	8156	8165	8167	8182	8183	8190	8195	8197	8198	8199
2018-10-29 Mon	8152	8154	8157	8161	8163	8165	8168	8172	8178	8183	8192	8193	8198
2018-10-30 Tue	8156	8157	8162	8163	8165	8166	8167	8168	8169	8178	8180	8189	8190	8196
2018-10-31 Wed	6886	6899	8154	8164	8166	8167	8171	8173	8175	8183	8189	8191	8192	8194
2018-11-01 Thu	8155	8156	8157	8158	8164	8165	8172	8173	8177	8178	8180	8183	8191
2018-11-02 Fri	8150	8154	8156	8157	8160	8167	8169	8172	8174	8178	8182	8183	8190	9620
2018-11-05 Mon	6969	8158	8159	8162	8172	8175	8182	8183	8190	8194	8196	8199	9645
2018-11-06 Tue	6996	8151	8154	8161	8163	8165	8170	8171	8176	8178	8181	8189	8191	9808
2018-11-07 Wed	6927	8151	8155	8157	8165	8172	8182	8189	8190	8191	8194	8198
2018-11-08 Thu	8155	8156	8160	8171	8173	8176	8187	8189	8194	8197	8198	9125	9816
2018-11-09 Fri	8151	8154	8156	8159	8160	8172	8177	8187	8189	8190	8193	8196
2018-11-12 Mon	6927	8154	8170	8175	8176	8178	8179	8186	8188	8189	8192	8193
2018-11-13 Tue	8157	8164	8165	8167	8180	8186	8190	8193	8194	8196	9587
2018-11-14 Wed	8150	8157	8158	8159	8162	8163	8170	8179	8183	8187	8193	8194	8196	8198
2018-11-15 Thu	6868	8152	8156	8170	8173	8178	8179	8181	8189	8191	8194	8197	8198
2018-11-16 Fri	8151	8155	8156	8170	8172	8180	8181	8185	8187	8193	8199
2018-11-19 Mon	8152	8155	8157	8159	8165	8167	8173	8174	8178	8179	8187	8195	8198
2018-11-20 Tue	6030	8151	8152	8157	8159	8165	8170	8174	8185	8186	8195	8197	9626
2018-11-21 Wed	6881	6969	8152	8160	8162	8167	8170	8171	8172	8180	8188	8190	8192
2018-11-23 Fri	8156	8159	8162	8168	8174	8179	8185	8187	8188	8191	8192	8199
2018-11-26 Mon	8151	8156	8157	8165	8174	8178	8179	8180	8181	8185	8187	8195	8196	8199
2018-11-27 Tue	6969	8155	8158	8167	8170	8174	8178	8179	8181	8183	8186	8190
2018-11-28 Wed	6996	8156	8161	8165	8169	8174	8175	8179	8185	8186	8187	8191	8198	8199
2018-11-29 Thu	8152	8156	8158	8166	8169	8173	8174	8176	8177	8178	8197	9655
2018-11-30 Fri	6032	8158	8159	8167	8174	8176	8177	8182	8189	8195	8196	8197	9812
2018-12-03 Mon	6927	8150	8152	8155	8156	8158	8163	8166	8168	8174	8176	8179	8181	8198
2018-12-04 Tue	6926	6933	8155	8163	8165	8171	8172	8177	8188	8189	8193	8194	8197
2018-12-05 Wed	6032	6928	6974	8161	8163	8174	8175	8177	8179	8181	8188	8192	8198
2018-12-06 Thu	8152	8154	8158	8168	8170	8172	8173	8185	8191	8193	8194	9807
2018-12-07 Fri	6969	8156	8157	8163	8168	8182	8183	8185	8191	8196	9614	9819
2018-12-10 Mon	8151	8154	8159	8163	8165	8169	8176	8183	8185	8191	8193	8194	8197
2018-12-11 Tue	6980	8151	8155	8161	8164	8165	8169	8175	8179	8189	9585
2018-12-12 Wed	6872	8156	8157	8158	8161	8162	8167	8168	8170	8171	8183	8191	8196
2018-12-13 Thu	8151	8152	8165	8176	8179	8185	8187	8189	8191	8196	8198	8199	9654
2018-12-14 Fri	6872	6978	8157	8158	8161	8168	8172	8173	8179	8182	8185	8191	8192
2018-12-17 Mon	8154	8155	8157	8168	8169	8177	8180	8181	8184	8189	8195	8196	8198
2018-12-18 Tue	6996	8151	8156	8160	8162	8172	8175	8182	8185	8188	8194	8196
2018-12-19 Wed	6926	8158	8160	8165	8176	8184	8185	8188	8190	8194	8197
2018-12-20 Thu	8151	8152	8159	8171	8172	8173	8185	8187	8192	8195	8196	9627
2018-12-21 Fri	6930	6980	8151	8157	8159	8168	8174	8175	8177	8188	8189	8190	8193	8199
2018-12-24 Mon	8159	8160	8162	8165	8169	8170	8176	8177	8185	8191	8193	8197	8199
2018-12-26 Wed	8150	8158	8159	8161	8163	8170	8173	8174	8177	8183	8188	8189	8190	8197
2018-12-27 Thu	8151	8152	8164	8165	8167	8172	8179	8186	8192	8194	8195	8196
2018-12-28 Fri	8156	8160	8164	8165	8167	8169	8176	8180	8181	8182	8187	8192	8198	8199
2018-12-31 Mon	8150	8151	8158	8163	8164	8183	8190	8191	8192	8194	8196	8198
2019-01-02 Wed	8150	8158	8161	8162	8165	8175	8177	8181	8193	8195	8196	9655
2019-01-03 Thu	8156	8159	8168	8169	8177	8179	8180	8186	8193	8195	8199	9656
2019-01-04 Fri	8150	8156	8159	8161	8165	8167	8169	8171	8174	8180	8182	8187	8195
2019-01-07 Mon	8152	8155	8157	8163	8164	8167	8169	8172	8175	8186	8187	8188	9816
2019-01-08 Tue	6988	8161	8169	8170	8173	8174	8177	8180	8186	8193	8194	8198
2019-01-09 Wed	6989	8150	8152	8157	8159	8161	8164	8168	8172	8173	8174	8177	8180	8182
2019-01-10 Thu	8158	8160	8161	8166	8174	8175	8179	8181	8183	8184	8186	8195	8197	9592
2019-01-11 Fri	8150	8156	8157	8163	8164	8179	8181	8187	8188	8192	8194	8196
2019-01-14 Mon	6899	8151	8161	8168	8170	8172	8179	8184	8190	8191	8197	8198
