2018-09-17 Mon	8168	8171	8172
2018-09-18 Tue	8151	8163	8170	8180	8198
2018-09-19 Wed	8154	8170	8176	8177	8181	8198
2018-09-20 Thu	8152	8154	8162	8177	8195	8199
2018-09-21 Fri	8161	8164	8171	8176	8181	8197
2018-09-24 Mon	8150	8186	8189
2018-09-25 Tue	8151	8158	8161	8177	8189	8191	8193
2018-09-26 Wed	8157	8165	8178	8186	8187	8197
2018-09-27 Thu	8152	8155	8170	8177	8187	8196	8198
2018-09-28 Fri	8161	8166	8167	8170	8190	8191	8194
2018-10-01 Mon	8166	8170	8175	8177	8187	8193
2018-10-02 Tue	8170	8175	8181	8184	8192	8199
2018-10-03 Wed	8162	8163	8175	8181
2018-10-04 Thu	8154	8156	8158	8162	8172	8191	8195
2018-10-05 Fri	8150	8151	8152	8158	8182	8194	8196
2018-10-08 Mon	8157	8160	8166	8168	8178	8186	8193
2018-10-09 Tue	8151	8157	8159	8170	8177	8180	8196
2018-10-10 Wed	8164	8165	8170	8171	8176	8180	8199
2018-10-11 Thu	8150	8156	8166	8169	8177	8180	9082
2018-10-12 Fri	6933	8150	8152	8156	8172	8176	8190
2018-10-15 Mon	6886	8173	8179	8181	8190	8191	8193
2018-10-16 Tue	8150	8154	8168	8169	8173	8182	8193
2018-10-17 Wed	8155	8162	8164	8169	8177	8190	8199
2018-10-18 Thu	6978	8161	8163	8173	8177	8180	8197
2018-10-19 Fri	8164	8165	8170	8175	8182	8186
2018-10-22 Mon	8150	8162	8176	8181	8182	8188	8194
2018-10-23 Tue	8150	8154	8156	8164	8166	8179	8188
2018-10-24 Wed	8150	8164	8176	8181	8187	8188	8191
2018-10-25 Thu	8166	8167	8171	8174	8175	8192	8194
2018-10-26 Fri	8158	8160	8171	8175	8180	8191
2018-10-29 Mon	8159	8162	8169	8170	8171	8175	8198
2018-10-30 Tue	8169	8174	8176	8179	8188	8190	8198
2018-10-31 Wed	8154	8155	8161	8167	8179	8195
2018-11-01 Thu	8150	8166	8169	8170	8191	8193	8198
2018-11-02 Fri	6933	8163	8179	8188	8189	8192
2018-11-05 Mon	8151	8152	8159	8171	8173	8189	8198
2018-11-06 Tue	6970	8159	8166	8174	8180	8190	8193
2018-11-07 Wed	8154	8161	8162	8167	8178	8183
2018-11-08 Thu	8151	8154	8166	8179	8185	8191
2018-11-09 Fri	6894	8156	8158	8164	8165	8171	8185	8198
2018-11-12 Mon	8157	8158	8159	8170	8179	8192	8198
2018-11-13 Tue	8157	8170	8175	8176	8185	8195	8196
2018-11-14 Wed	8156	8159	8167	8168	8185	8192	8197
2018-11-15 Thu	8161	8166	8172	8174	8183	8187	8188
2018-11-16 Fri	8164	8167	8168	8175	8176	8179	8189
2018-11-19 Mon	8156	8157	8161	8176	8180	8185	8188
2018-11-20 Tue	6880	8154	8159	8162	8183	8185	8187
2018-11-21 Wed	8154	8159	8174	8181	8187	8190	8194
2018-11-23 Fri	8151	8164	8177	8182	8183	8190
2018-11-26 Mon	8154	8159	8162	8169	8189	8190
2018-11-27 Tue	8167	8170	8185	8187	8193
2018-11-28 Wed	8172	8174	8181	8182	8190	8195
2018-11-29 Thu	8161	8170	8176	8186	8188	8192
2018-11-30 Fri	8156	8171	8179	8183	8193	8197	8198
2018-12-03 Mon	8155	8159	8161	8171	8172	8174	8185
2018-12-04 Tue	8162	8172	8175	8177	8182	8191
2018-12-05 Wed	8152	8154	8166	8187	8196
2018-12-06 Thu	8152	8166	8174	8185	8188	8189	9651
2018-12-07 Fri	8151	8165	8168	8179	8183	8192
2018-12-10 Mon	8156	8158	8173	8191	8192	8199
2018-12-11 Tue	8151	8154	8156	8171	8187	8189	8193
2018-12-12 Wed	6930	8154	8156	8162	8177	8180	8189
2018-12-13 Thu	6999	8152	8155	8157	8162	8166	8174
2018-12-14 Fri	6881	8160	8167	8182	8187	8188	8197
2018-12-17 Mon	8169	8173	8187	8188	8193	8197	8199
2018-12-18 Tue	8152	8157	8161	8167	8177	8182	8193
2018-12-19 Wed	8167	8169	8172	8177	8179	8184	8199
2018-12-20 Thu	8150	8160	8161	8186	8194	8195
2018-12-21 Fri	8164	8166	8180	8181	8190	8199
2018-12-24 Mon	8169	8170	8171	8179	8180	8187	8195
2018-12-26 Wed	8150	8152	8179	8180	8187	8190	8196
2018-12-27 Thu	8169	8177	8179	8184	8185	8189	8199
2018-12-28 Fri	8156	8157	8167	8170	8181	8182	8183
2018-12-31 Mon	8158	8165	8171	8172	8173	8187	8195
2019-01-02 Wed	8157	8158	8159	8166	8169	8174	8182
2019-01-03 Thu	8152	8174	8175	8176	8179	8184	8189
2019-01-04 Fri	8152	8163	8164	8169	8187	8198
2019-01-07 Mon	8158	8160	8168	8170	8176	8198
2019-01-08 Tue	8150	8156	8157	8182	8184	8187	8190
2019-01-09 Wed	8163	8167	8171	8176	8184	8194
2019-01-10 Thu	8153	8163	8168	8169	8170	8194	8199
2019-01-11 Fri	8150	8170	8175	8176	8180	8193	8194
2019-01-14 Mon	8152	8156	8161	8169	8176	8190	8194
