2018-09-17 Mon	6917	6933	8154	8171	8172
2018-09-18 Tue	6919	6993	8152	8154	8163	8168	8169	8170	8171	8172	8173	8174	8177	8179	8180	8181	8183	8196	8198
2018-09-19 Wed	6974	6990	8152	8154	8167	8169	8170	8171	8172	8174	8176	8177	8179	8181	8182	8185	8187	8196	8199
2018-09-20 Thu	6988	8152	8155	8157	8162	8168	8172	8174	8176	8177	8178	8182	8187	8192	8194	8195	8198	8199
2018-09-21 Fri	6890	6969	8150	8151	8155	8158	8161	8162	8164	8169	8170	8171	8172	8174	8181	8183	8187	8190	8196	8197
2018-09-24 Mon	6882	6917	8150	8151	8173	8186	8189	8198
2018-09-25 Tue	6881	6930	8150	8151	8155	8161	8167	8170	8174	8176	8177	8182	8187	8189	8191	8192	8193	8194	8198	8199	9810
2018-09-26 Wed	8152	8155	8157	8162	8164	8165	8172	8173	8175	8178	8185	8187	8192	8193	8194	8196	8197	9070	9126
2018-09-27 Thu	6868	8151	8152	8154	8166	8167	8170	8174	8176	8177	8183	8185	8187	8190	8194	8195	8196	8198	9078
2018-09-28 Fri	6978	8151	8154	8157	8161	8164	8166	8170	8178	8181	8184	8190	8191	8194	8196	8197	8198
2018-10-01 Mon	6890	6925	6932	8150	8158	8164	8166	8167	8175	8176	8177	8178	8181	8186	8187	8193	8195	8198
2018-10-02 Tue	6896	8152	8157	8159	8164	8165	8170	8175	8176	8178	8179	8181	8182	8183	8184	8187	8192	8197	8199
2018-10-03 Wed	6967	8155	8157	8162	8163	8165	8175	8178	8182	8189	8199
