2018-09-17 Mon	6910	6924	8151	8163	8165	8179	8181	8182	8195
2018-09-18 Tue	6872	6899	6925	6991	8156	8169	8174	8182	8183	8193	8194	8195	8197
2018-09-19 Wed	6890	6928	6968	6991	6992	8155	8157	8163	8171	8183	8185	8186	8191
2018-09-20 Thu	6881	6980	6989	8157	8163	8171	8173	8176	8178	8182	8185	8186	8197
2018-09-21 Fri	6894	6917	6928	6992	6998	8150	8152	8158	8162	8168	8178	8181	8189	8196
2018-09-24 Mon	6995	8152	8169	8174	8179	8183	8185	8191	8192
2018-09-25 Tue	6881	6924	6932	6978	8152	8155	8159	8169	8171	8178	8181	8185	8192	8198
2018-09-26 Wed	6889	6932	6980	6992	6995	8152	8163	8166	8167	8170	8172	8174	8176	8180	8191
2018-09-27 Thu	6882	6989	6990	6995	6999	8155	8162	8165	8166	8167	8178	8185	8189	8199
2018-09-28 Fri	6894	6968	6990	6998	8154	8157	8167	8171	8172	8175	8180	8197
2018-10-01 Mon	6868	6899	6917	6931	6998	8155	8158	8160	8161	8167	8179	8183	8190	8198
2018-10-02 Tue	6872	6880	6919	6980	6989	6990	8162	8167	8174	8177	8181	8183	8196	8197
2018-10-03 Wed	6918	6980	6996	8170	8183	8186	8192	8196	8198
2018-10-04 Thu	6868	6896	6931	6978	6980	6989	8151	8152	8155	8158	8159	8168	8171	8173	8174
2018-10-05 Fri	6894	6967	6998	6999	8158	8160	8164	8168	8172	8174	8176	8183
2018-10-08 Mon	6930	6988	6989	6995	8158	8159	8160	8161	8162	8163	8172	8173	8185	8195
2018-10-09 Tue	6896	6918	6927	6968	8150	8151	8152	8154	8163	8172	8175	8176	8186	8187
2018-10-10 Wed	6970	6992	6999	8158	8161	8170	8179	8182	8187	8189	8192	8194	8196
2018-10-11 Thu	6918	6919	6931	6974	6995	8158	8161	8166	8173	8177	8181	8182	8191	8194	8198
2018-10-12 Fri	6868	6872	6880	6881	8154	8165	8175	8178	8180	8186	8188	8190	8193	8197
2018-10-15 Mon	6919	6930	6969	6998	8161	8164	8172	8176	8178	8182	8190	8196	8197	8199
2018-10-16 Tue	6872	6974	6995	8156	8157	8162	8172	8174	8178	8179	8183	8193	8196	8199
2018-10-17 Wed	6868	6880	6899	6925	6932	6975	8152	8164	8167	8171	8183	8188	8191	8193	8194
2018-10-18 Thu	6917	6918	6919	6980	8155	8162	8167	8175	8187	8188	8190	8191	8192	8195
2018-10-19 Fri	6930	6931	6968	6993	6996	8152	8167	8169	8177	8180	8181	8187	8190	8193	8196
2018-10-22 Mon	6896	6899	6925	6933	8159	8165	8166	8167	8177	8179	8180	8181	8188	8192	8196
2018-10-23 Tue	6881	6918	6969	8156	8163	8175	8183	8187	8188	8190	8193	8198	8199
2018-10-24 Wed	6894	6919	6924	6969	8154	8159	8160	8169	8172	8177	8180	8181	8182	8195
2018-10-25 Thu	6886	6994	6995	8150	8152	8156	8160	8165	8174	8175	8178	8185	8197
2018-10-26 Fri	6924	6925	6931	6976	8155	8156	8158	8169	8183	8188	8189	8195
2018-10-29 Mon	6918	6994	8152	8154	8155	8159	8161	8163	8176	8191	8195	8198	8199
2018-10-30 Tue	6932	6976	8156	8161	8165	8166	8170	8175	8181	8183	8190	8196
2018-10-31 Wed	6928	6930	6974	8151	8152	8159	8164	8173	8175	8182	8183	8185	8190	8194	9811
2018-11-01 Thu	6882	6925	8151	8156	8171	8176	8178	8179	8180	8182	8183	8189	8193	8199
2018-11-02 Fri	6890	6927	8150	8151	8152	8154	8156	8158	8160	8162	8164	8167	8169	8182	8183
2018-11-05 Mon	6928	6989	6996	8151	8161	8162	8169	8171	8183	8186	8190	8194	8197	8199
2018-11-06 Tue	6930	6976	6999	8154	8156	8160	8165	8170	8172	8176	8186	8194	8196	8198
2018-11-07 Wed	6872	6899	6918	6930	8159	8165	8166	8169	8170	8177	8188	8190	8198	9545
2018-11-08 Thu	6872	6978	6993	8160	8161	8171	8172	8173	8177	8179	8183	8187	8198
2018-11-09 Fri	6872	6919	6931	6968	8156	8157	8158	8159	8162	8165	8167	8172	8186	8190	8191
2018-11-12 Mon	6974	6994	6998	8164	8166	8167	8173	8175	8176	8178	8182	8186	8189	8193
2018-11-13 Tue	6890	6967	8155	8157	8164	8166	8167	8169	8183	8189	8191	8194	8198	9614	9643
2018-11-14 Wed	6928	6930	6968	6980	8163	8164	8166	8170	8173	8179	8183	8188	8190	8191	8194
2018-11-15 Thu	6924	6927	6989	8156	8160	8162	8163	8171	8173	8174	8179	8188	8194	8199
2018-11-16 Fri	6924	6980	8156	8159	8168	8170	8171	8179	8180	8183	8187	8190	8193
2018-11-19 Mon	6868	6886	6927	8152	8157	8165	8167	8171	8176	8181	8186	8187	8192	8195
2018-11-20 Tue	6886	6930	6989	8152	8158	8165	8172	8173	8188	8191	8193	8195	8197	8199
2018-11-21 Wed	6924	6930	6999	8152	8159	8165	8170	8171	8179	8182	8189	8190	8197	8198	8199
2018-11-23 Fri	6933	6996	8150	8156	8178	8185	8187	8188	8192	8195	8197	8199
2018-11-26 Mon	6872	6917	6931	8151	8160	8161	8163	8168	8169	8172	8174	8178	8185	8193	8199
2018-11-27 Tue	6930	6975	6990	8150	8152	8165	8167	8174	8179	8180	8182	8194
2018-11-28 Wed	6918	6967	6999	8159	8161	8165	8168	8169	8176	8179	8186	8188	8191	8197
2018-11-29 Thu	6872	6924	6970	6988	8152	8154	8156	8167	8169	8171	8177	8181	8191	8197	9582
2018-11-30 Fri	6927	6931	8154	8158	8159	8165	8173	8174	8177	8178	8179	8192	8195	8197
2018-12-03 Mon	6896	6967	6988	6991	8155	8158	8161	8169	8179	8181	8189	8194	8198	8199
2018-12-04 Tue	6927	6974	6992	8155	8165	8166	8176	8177	8179	8180	8189	8190	8196	8198	8199
2018-12-05 Wed	6931	6967	6991	6992	8157	8158	8161	8170	8174	8175	8180	8183	8195	8198	9634
2018-12-06 Thu	6868	6882	6896	6926	8152	8154	8158	8169	8182	8190	8192	8195	8196	9623
2018-12-07 Fri	6928	6991	8152	8159	8167	8170	8173	8182	8185	8188	8191	8195	8196	9633
2018-12-10 Mon	6882	6928	6999	8155	8163	8165	8167	8172	8174	8179	8181	8190	8191	8194	8197
2018-12-11 Tue	6970	6980	6990	8154	8155	8157	8159	8164	8165	8179	8181	8183	8197
2018-12-12 Wed	6886	6928	6991	6999	8152	8156	8159	8161	8165	8166	8168	8170	8176	8191	9801
2018-12-13 Thu	6928	6974	6975	8151	8156	8163	8164	8165	8179	8186	8187	8189	8191	8192
2018-12-14 Fri	6868	6919	6996	8154	8156	8165	8168	8171	8172	8174	8177	8179	8185	8191	8199
2018-12-17 Mon	6918	6967	8155	8164	8170	8174	8176	8177	8179	8180	8181	8190	8196	8197	8198
2018-12-18 Tue	6886	6928	6991	8151	8156	8165	8172	8174	8175	8176	8177	8188	8196
2018-12-19 Wed	6927	6930	6980	8152	8156	8157	8158	8159	8160	8171	8180	8184	8190	8197
2018-12-20 Thu	6932	6970	6991	8152	8162	8163	8169	8171	8175	8187	8188	8195	8196
2018-12-21 Fri	6868	6927	6967	6991	8151	8159	8162	8163	8173	8175	8177	8188	8191	8192	8199
2018-12-24 Mon	6872	6926	8164	8166	8170	8171	8176	8177	8191	8193	8194	8195	8198
2018-12-26 Wed	6989	6994	8151	8152	8154	8156	8174	8188	8189	8191	8195	8196	8197
2018-12-27 Thu	6917	6976	6978	6990	8150	8155	8158	8159	8164	8166	8172	8183	8186	8194
2018-12-28 Fri	6896	6968	6999	8152	8160	8166	8168	8176	8180	8184	8192	8198	8199
2018-12-31 Mon	6928	6968	6969	6991	8151	8156	8160	8164	8173	8175	8180	8183	8194
2019-01-02 Wed	6917	6993	6996	8154	8156	8161	8164	8165	8166	8169	8179	8180	8193	8195	9635
2019-01-03 Thu	6880	6899	6918	6967	6989	6991	6994	8159	8161	8168	8180	8184	8193	8196
2019-01-04 Fri	6872	6880	6882	6996	8150	8156	8158	8165	8171	8172	8175	8181	8188	8192	8195
2019-01-07 Mon	6890	6917	6927	6996	8152	8154	8175	8186	8188	8190	8191	8192	8194	8195
2019-01-08 Tue	6919	6927	6996	8151	8154	8157	8163	8170	8177	8181	8183	8184	8192	8193	8194
2019-01-09 Wed	6924	6931	6968	6990	6996	8150	8151	8153	8159	8161	8173	8177	8193
2019-01-10 Thu	6872	6894	6999	8150	8156	8158	8174	8183	8184	8186	8193	8195	8196
2019-01-11 Fri	6882	6886	6925	6928	6931	6998	8156	8157	8168	8169	8182	8188	8194	8195	8197
2019-01-14 Mon	6917	6975	6976	8157	8158	8165	8168	8170	8171	8173	8184	8186	8190	8195
