2018-09-17 Mon	1135	3534	3702	3704	3717	3723	7202
2018-09-18 Tue	3531	3701	3716	3717	3718	7204	7205
2018-09-19 Wed	3514	3701	3719	3724	3725	7204	7222
2018-09-20 Thu	3340	3702	3707	3719	3724	7205	7224
2018-09-21 Fri	3530	3701	3702	3704	3725	7204	7219
2018-09-24 Mon	1187	3516	3706	3718	3723	7219	7222	7248
2018-09-25 Tue	3333	3719	3723	3724	7213	7230	7235
2018-09-26 Wed	3485	3530	3705	3723	3724	7202	7205	7245
2018-09-27 Thu	3516	3704	3705	3723	7203	7211	7250	7303
2018-09-28 Fri	3430	3703	3716	3723	7202	7204	7219
2018-09-29 Sat	7224	7231	7238	7249	7250
2018-09-30 Sun	7214	7237	7257
2018-10-01 Mon	3275	3541	3705	3706	3718	3723	7248	7253
2018-10-02 Tue	3383	3703	3705	3717	7215	7216	7253
2018-10-03 Wed	3357	3705	3706	3716	7205	7241
