2018-09-17 Mon	3397	3426	3430	3724	7207	7216	7256	7258
2018-09-18 Tue	3220	3260	3541	3560	3586	3723	7201	7207	7212	7242
2018-09-19 Wed	3421	3430	3449	3519	3541	3707	7218	7236	7237	7252	7258
2018-09-20 Thu	3485	3486	3531	3541	3560	3718	7204	7237	7240	7249	7257
2018-09-21 Fri	3500	3508	3534	3541	3586	3706	7206	7228	7236	7258
2018-09-24 Mon	3392	3508	3534	3541	3560	3586	7209	7217	7231	7239	7242
2018-09-25 Tue	3220	3383	3449	3531	3534	3560	7203	7222	7223	7226
2018-09-26 Wed	3220	3337	3383	3392	3534	7207	7211	7212	7240
2018-09-27 Thu	3383	3392	3397	3421	7201	7207	7220	7226	7230	7252
2018-09-28 Fri	3259	3260	3275	3302	3724	7209	7214	7231	7252
2018-09-29 Sat	7220	7221	7222	7223	7239	7241
2018-09-30 Sun	7220	7222	7223
2018-10-01 Mon	3260	3383	3500	3508	3516	7204	7229	7237	7251	7259
2018-10-02 Tue	3220	3259	3260	3449	3519	3530	7203	7217	7222	7255
2018-10-03 Wed	3220	3275	3449	3531	3534	7202	7213	7234	7252
