2018-09-17 Mon	3321	3340	3421	7224
2018-09-18 Tue	3333	3337	3383	3430	3531	7202	7204	7218
2018-09-19 Wed	3302	3337	3516	3530	3560	7202	7222	7227	7246
2018-09-20 Thu	3220	3259	3421	3508	7205	7248
2018-09-21 Fri	3259	3302	3486	3514	3516	3560	7204	7225
2018-09-24 Mon	3333	3357	3449	3530	3719	3723	7206	7210
2018-09-25 Tue	3259	3321	3430	3508	3516	3586	3719	7217
2018-09-26 Wed	3259	3321	3333	3516	3703	3705	7206	7305
2018-09-27 Thu	3357	3383	3514	3541	3704	3716	7210	7217
2018-09-28 Fri	3357	3485	3530	3719	7217	7220	7239
2018-10-01 Mon	3321	3337	3357	3723	3724	7215
2018-10-02 Tue	3302	3337	3340	3357	3508	3703	3707	7251
2018-10-03 Wed	3337	3340	3383	3704
2018-10-04 Thu	3259	3337	3383	3430	3519	3704	7201	7223
2018-10-05 Fri	3259	3260	3514	3706	3716	7220	7248
2018-10-08 Mon	3316	3333	3337	3340	3703	3705	7214	7258
2018-10-09 Tue	3337	3357	3514	3704	3705	7212	7251	7258
2018-10-10 Wed	3275	3302	3316	3705	3718	7245	7258	7304
2018-10-11 Thu	3259	3340	3485	3705	3707	7237	7248	7250
2018-10-12 Fri	3302	3321	3421	3560	3705	3723	7206	7258
2018-10-15 Mon	3302	3337	3534	3707	3724	7208	7308
2018-10-16 Tue	3259	3321	3392	3430	3705	3706	7247	7254	7259
2018-10-17 Wed	3357	3392	3508	3704	3718	7238	7253	7314
2018-10-18 Thu	3383	3397	3426	3486	3707	3723	7218	7230	7242
2018-10-19 Fri	3321	3397	3426	3705	3724	7240	7242	7314
2018-10-22 Mon	3321	3383	3500	3718	7222	7258	7302
2018-10-23 Tue	3302	3321	3383	3500	3707	7214	7248	7252
2018-10-24 Wed	3421	3514	3718	7242	7253	7254	7314
2018-10-25 Thu	3357	3383	3449	3485	3716	7225	7229	7253
2018-10-26 Fri	3426	3449	3718	7205	7232	7243	7314
2018-10-29 Mon	3260	3302	3357	3519	3719	7250	7252	7305
2018-10-30 Tue	3333	3397	3421	3723	7222	7232	7255
2018-10-31 Wed	3321	3392	3516	3534	3723	7239	7307	7310
2018-11-01 Thu	3421	3500	3541	3706	3717	7237	7252
2018-11-02 Fri	3302	3333	3516	3717	7211	7235	7305	7317
2018-11-05 Mon	3337	3500	3508	3705	7221	7237	7305	7307
2018-11-06 Tue	3421	3706	7220	7238	7243	7249	7306	7314
2018-11-07 Wed	3259	3508	3514	3705	7216	7302	7305	7314
2018-11-08 Thu	3259	3397	3485	3486	3560	3705	7223	7231
2018-11-09 Fri	3337	3357	3397	3706	7217	7230	7306
2018-11-12 Mon	3486	3500	3534	3719	7245	7254	7317
2018-11-13 Tue	3383	3397	3723	7200	7217	7304	7306	7317
2018-11-14 Wed	3357	3705	7215	7217	7235	7239	7257
2018-11-15 Thu	3259	3357	3421	3519	3706	7217	7239	7240
2018-11-16 Fri	3321	3333	3392	3508	3717	7209	7252	7303
2018-11-19 Mon	3321	3397	3500	3534	3706	7218	7219	7305
2018-11-20 Tue	3508	3541	3705	7206	7216	7301	7304
2018-11-21 Wed	3260	3485	3534	3718	7222	7233	7242	7315
2018-11-23 Fri	3421	3449	3541	3705	7229	7315	7401
2018-11-26 Mon	3321	3392	3500	3705	7218	7238	7248	7320
2018-11-27 Tue	3508	3519	3718	7217	7239	7307
2018-11-28 Wed	3302	3337	3485	3719	7217	7219	7303	7313	7317
2018-11-29 Thu	3321	3485	3508	3534	3718	7218	7301
2018-11-30 Fri	3383	3421	3449	3534	3719	7237	7302	7310	7315
2018-12-03 Mon	3302	3333	3717	7214	7256	7316
2018-12-04 Tue	3337	3449	3485	3500	3719	7220	7247	7258
2018-12-05 Wed	3321	3383	3485	3560	3704	7215	7239	7310
2018-12-06 Thu	3392	3500	3705	7238	7253	7301	7307	7308
2018-12-07 Fri	3333	3337	3449	3500	3703	7215	7220	7322
2018-12-10 Mon	3383	3397	3421	3703	7237	7239	7259	7304
2018-12-11 Tue	3302	3383	3560	3719	7210	7238	7242	7309
2018-12-12 Wed	3260	3392	3430	3724	7216	7229	7242	7316
2018-12-13 Thu	3321	3333	3397	3421	3500	3717	7228	7259
2018-12-14 Fri	3333	3397	3485	3717	7200	7255	7301	7303
2018-12-17 Mon	3321	3430	3500	3519	3719	7303	7307	7319
2018-12-18 Tue	3333	3383	3421	3718	7220	7229	7243	7309
2018-12-19 Wed	3337	3421	3485	3706	7202	7226	7257	7306
2018-12-20 Thu	3337	3421	3717	7238	7242	7315
2018-12-21 Fri	3260	3333	3560	3718	7218	7241	7248	7316
2018-12-24 Mon	3392	3706	7241	7251	7314	7403
2018-12-26 Wed	3321	3430	3449	3718	7232	7246	7314
2018-12-27 Thu	3449	3500	3716	7223	7232	7241	7253
2018-12-28 Fri	3421	3430	3724	7201	7223	7257	7312
2018-12-31 Mon	3337	3421	3716	7228	7259	7324
2019-01-02 Wed	3321	3333	3421	3704	7218	7303	7319	7401
2019-01-03 Thu	3321	3333	3519	3723	7224	7240	7249	7308
2019-01-04 Fri	3260	3321	3337	3519	3703	7203	7259
2019-01-07 Mon	3430	7200	7206	7209	7219	7220	7227	7324
2019-01-08 Tue	3260	3337	3707	7247	7306	7311	7324	7401
2019-01-09 Wed	3449	3724	7206	7216	7238	7239	7240
2019-01-10 Thu	3321	3430	3449	3500	3717	7215	7244	7318
2019-01-11 Fri	3321	3449	3717	7200	7203	7221	7320
2019-01-14 Mon	3321	3397	3449	3724	7209	7211	7215	7316
