2018-09-17 Mon	3702	7204	7205	7209	7210	7214	7217	7219	7228	7241	7253	7259
2018-09-18 Tue	3259	3716	7203	7206	7211	7219	7221	7229	7239	7244	7248	7254	7257
2018-09-19 Wed	3357	3701	3704	3723	7206	7210	7211	7213	7214	7216	7228	7249
2018-09-20 Thu	3724	7201	7203	7207	7213	7215	7216	7219	7226	7229	7250	7251
2018-09-21 Fri	3704	7205	7214	7215	7216	7217	7224	7226	7244	7251	7252	7257	7259
2018-09-24 Mon	3486	7200	7201	7205	7212	7214	7219	7221	7229	7234	7237	7244	7255
2018-09-25 Tue	3485	7204	7205	7208	7211	7215	7225	7230	7248	7254	7257
2018-09-26 Wed	3519	7201	7203	7214	7215	7238	7239	7241	7245	7248	7255	7257
2018-09-27 Thu	3340	3449	7204	7208	7209	7212	7216	7229	7239	7244	7245	7250
2018-09-28 Fri	3449	3519	3586	7201	7208	7213	7227	7234	7245	7254	7258
2018-09-29 Sat	7204	7208
2018-09-30 Sun	7246	7249
2018-10-01 Mon	3449	3586	7213	7219	7220	7227	7235	7249	7253	7254	7257	7302	7305
2018-10-02 Tue	3516	7205	7207	7210	7214	7229	7237	7244	7248	7253	7254	7302
2018-10-03 Wed	3586	7204	7208	7209	7214	7220	7233	7238	7239	7241	7245	7255	7257
2018-10-04 Thu	7203	7207	7208	7211	7221	7229	7230	7231	7233	7238	7246	7252
2018-10-05 Fri	7203	7208	7209	7216	7230	7234	7239	7246	7249	7256	7257	7302
2018-10-06 Sat	7217	7235
2018-10-07 Sun	7252	7254
2018-10-08 Mon	3426	3449	3516	7201	7203	7219	7220	7229	7230	7238	7252	7254
2018-10-09 Tue	3275	3392	3426	7202	7213	7229	7236	7238	7246	7249	7257	7304
2018-10-10 Wed	3392	3421	7200	7203	7208	7210	7213	7219	7229	7232	7235	7240	7257
2018-10-11 Thu	3426	3516	7201	7216	7219	7222	7230	7233	7236	7240	7242	7243	7252	7307
2018-10-12 Fri	7201	7203	7211	7223	7226	7231	7232	7245	7246	7251	7256	7259	7307	7308
2018-10-13 Sat	7216	7218
2018-10-14 Sun	7247	7249
2018-10-15 Mon	7202	7204	7206	7212	7217	7237	7245	7248	7252	7253	7256	7259
2018-10-16 Tue	7207	7213	7226	7236	7237	7242	7246	7249	7252	7302	7307	7312
2018-10-17 Wed	7203	7217	7218	7224	7234	7237	7240	7242	7248	7252	7305	7311
2018-10-18 Thu	7201	7206	7225	7235	7240	7244	7245	7251	7303	7304	7307	7311
2018-10-19 Fri	3500	7200	7206	7222	7230	7231	7235	7243	7245	7246	7250	7308
2018-10-20 Sat	7234	7235
2018-10-21 Sun	7240	7244
2018-10-22 Mon	1125	3514	7200	7219	7225	7236	7248	7250	7253	7255	7303	7305	7309
2018-10-23 Tue	1131	3514	7207	7218	7220	7224	7225	7229	7238	7255	7305	7308	7310
2018-10-24 Wed	7201	7213	7218	7222	7231	7232	7244	7247	7255	7307	7310	7312
2018-10-25 Thu	1143	3514	7203	7214	7231	7234	7245	7246	7247	7251	7302	7309	7310	7312
2018-10-26 Fri	7206	7210	7214	7216	7220	7226	7239	7248	7251	7307	7309
2018-10-27 Sat	7200	7205
2018-10-28 Sun	7244	7248
2018-10-29 Mon	3724	7202	7205	7207	7210	7211	7220	7226	7238	7240	7306	7307	7311
2018-10-30 Tue	7205	7207	7211	7220	7224	7226	7228	7238	7239	7253	7307	7309
2018-10-31 Wed	3357	3724	7213	7216	7218	7226	7228	7232	7235	7259	7303	7306	7309
2018-11-01 Thu	3316	7207	7223	7228	7233	7239	7244	7248	7250	7253	7259
2018-11-02 Fri	7200	7203	7207	7209	7216	7217	7237	7239	7246	7250	7302	7306	7307
2018-11-03 Sat	7214	7236
2018-11-04 Sun	7233	7242
2018-11-05 Mon	7202	7205	7214	7215	7219	7229	7237	7245	7253	7254	7306	7310
2018-11-06 Tue	3519	7202	7206	7210	7229	7231	7239	7240	7250	7304	7306	7307
2018-11-07 Wed	3485	7201	7205	7215	7229	7234	7244	7253	7254	7303	7304	7306	7308
2018-11-08 Thu	1129	3519	7201	7206	7215	7218	7220	7234	7235	7239	7245	7310	7312
2018-11-09 Fri	3421	7200	7216	7218	7222	7225	7227	7235	7236	7242	7246	7304
2018-11-10 Sat	7233	7236
2018-11-11 Sun	7201	7242	7246
2018-11-12 Mon	3259	7205	7211	7220	7236	7241	7243	7248	7255	7305	7307	7310	7316
2018-11-13 Tue	3724	7201	7204	7206	7211	7215	7227	7236	7240	7254	7309	7310	7311
2018-11-14 Wed	7200	7203	7209	7218	7222	7224	7227	7234	7242	7245	7248	7305	7306	7316
