2018-09-17 Mon	7204	7205	7209	7210	7214	7217	7219	7228	7241	7259
2018-09-18 Tue	3259	7203	7206	7211	7219	7221	7229	7239	7244	7248	7257
2018-09-19 Wed	3704	3723	7206	7210	7211	7213	7214	7216	7228	7249
2018-09-20 Thu	7201	7203	7207	7213	7215	7216	7219	7226	7229	7250
2018-09-21 Fri	7205	7214	7215	7216	7217	7224	7244	7251	7252	7257	7259
2018-09-24 Mon	3486	7200	7201	7205	7212	7214	7221	7229	7234	7244	7255
2018-09-25 Tue	7204	7205	7208	7211	7215	7225	7248	7254	7257
2018-09-26 Wed	3519	7201	7203	7214	7215	7238	7239	7241	7248	7255
2018-09-27 Thu	3340	3449	7204	7208	7209	7212	7229	7239	7240	7244	7245
2018-09-28 Fri	3449	3519	7201	7208	7213	7227	7234	7245	7254	7258
2018-09-29 Sat	7240	7245
2018-09-30 Sun	3586	7238
2018-10-01 Mon	3449	3586	7213	7219	7227	7235	7249	7254	7257	7302	7305
2018-10-02 Tue	3516	7205	7207	7210	7214	7229	7244	7248	7254	7302
2018-10-03 Wed	3586	7204	7208	7209	7214	7233	7238	7239	7245	7255	7257
2018-10-04 Thu	7203	7207	7208	7211	7221	7229	7230	7231	7233	7238
2018-10-05 Fri	7203	7208	7209	7230	7234	7239	7249	7256	7257	7302
2018-10-06 Sat	7207	7208	7235
2018-10-07 Sun	3220	7231
2018-10-08 Mon	3426	3449	7201	7203	7219	7220	7229	7230	7238	7254
2018-10-09 Tue	3275	7202	7213	7229	7236	7238	7246	7249	7257	7304
2018-10-10 Wed	3392	3421	7200	7203	7210	7213	7219	7229	7235	7240	7257
2018-10-11 Thu	3426	3516	7201	7216	7219	7222	7230	7233	7236	7242	7243	7252
2018-10-12 Fri	7201	7203	7211	7223	7226	7232	7245	7246	7256	7259	7307	7308
2018-10-13 Sat	7239	7250
2018-10-14 Sun	3302	7240
2018-10-15 Mon	7202	7204	7206	7212	7217	7237	7245	7248	7252	7256
2018-10-16 Tue	7207	7226	7237	7242	7246	7249	7252	7302	7307	7312
2018-10-17 Wed	7203	7217	7224	7234	7240	7242	7248	7252	7305	7311
2018-10-18 Thu	7201	7225	7235	7240	7244	7245	7251	7304	7307	7311
2018-10-19 Fri	3500	7200	7222	7230	7235	7243	7245	7246	7250	7308
2018-10-20 Sat	7238	7243
2018-10-21 Sun	7238	7239
2018-10-22 Mon	1125	3514	7200	7219	7225	7248	7250	7253	7303	7305	7309
2018-10-23 Tue	1131	7207	7218	7220	7224	7225	7238	7255	7305	7308	7310
2018-10-24 Wed	7201	7213	7222	7231	7232	7244	7247	7307	7310	7312
2018-10-25 Thu	1143	3514	7231	7234	7245	7246	7247	7251	7302	7309	7310	7312
2018-10-26 Fri	7206	7210	7214	7216	7239	7248	7251	7307	7309
2018-10-27 Sat	7200	7205	7241	7244
2018-10-28 Sun	3508	7238
2018-10-29 Mon	3724	7202	7205	7207	7210	7211	7220	7238	7240	7306	7311
2018-10-30 Tue	7205	7207	7211	7224	7226	7228	7238	7239	7307	7309
2018-10-31 Wed	3357	7216	7218	7228	7232	7235	7259	7303	7306	7309
2018-11-01 Thu	7207	7223	7228	7233	7239	7244	7248	7250	7253
2018-11-02 Fri	7200	7203	7207	7216	7217	7237	7239	7246	7302	7306	7307
2018-11-03 Sat	7243	7244
2018-11-04 Sun	3514	7256
2018-11-05 Mon	7202	7205	7214	7215	7219	7229	7237	7253	7254	7310
2018-11-06 Tue	3519	7202	7206	7210	7229	7239	7240	7304	7306	7307
2018-11-07 Wed	7201	7205	7215	7229	7234	7253	7254	7303	7304	7306	7308
2018-11-08 Thu	1129	3519	7201	7215	7218	7220	7234	7235	7239	7245	7310
2018-11-09 Fri	3421	7200	7216	7218	7225	7235	7236	7242	7246	7304
2018-11-10 Sat	7233	7236	7239	7242
2018-11-11 Sun	3560	7238
2018-11-12 Mon	3259	7205	7211	7220	7236	7241	7243	7255	7305	7307	7316
2018-11-13 Tue	3724	7201	7204	7206	7211	7215	7236	7240	7254	7309	7311
2018-11-14 Wed	7200	7203	7209	7218	7222	7227	7234	7242	7245	7248	7306	7316
2018-11-15 Thu	7200	7205	7206	7208	7236	7238	7247	7250	7306	7308
2018-11-16 Fri	7200	7208	7210	7211	7213	7236	7247	7309	7310	7311
2018-11-17 Sat	7244	7245
2018-11-18 Sun	7239	7240
2018-11-19 Mon	7202	7205	7209	7215	7227	7242	7243	7251	7255	7306
2018-11-20 Tue	3724	7205	7207	7209	7213	7220	7221	7233	7239	7252	7306
2018-11-21 Wed	7202	7209	7211	7221	7227	7229	7237	7238	7246	7255	7306
2018-11-22 Thu	3260	7227
2018-11-23 Fri	7203	7209	7212	7221	7246	7250	7251	7256	7314	7316	7319
2018-11-24 Sat	7213	7243	7246
2018-11-25 Sun	3260	7233
2018-11-26 Mon	3449	7210	7211	7212	7216	7225	7230	7240	7246	7258	7317
2018-11-27 Tue	3337	7207	7208	7210	7211	7214	7216	7233	7243	7254	7256	7310
2018-11-28 Wed	7202	7205	7208	7209	7212	7213	7225	7233	7234	7255	7258	7312	7316	7318
2018-11-29 Thu	7209	7210	7230	7235	7237	7253	7255	7256	7257	7401
2018-11-30 Fri	3321	7205	7211	7212	7214	7216	7226	7259	7301	7312	7318
2018-12-01 Sat	7215	7228	7246
2018-12-02 Sun	3260	7238
2018-12-03 Mon	7200	7207	7213	7214	7219	7229	7251	7257	7301	7315	7401
2018-12-04 Tue	3383	3723	7205	7212	7218	7219	7222	7232	7242	7248	7301	7317
2018-12-05 Wed	3337	7201	7202	7207	7217	7221	7223	7231	7232	7244	7253
2018-12-06 Thu	3449	7200	7206	7213	7217	7227	7231	7232	7238	7241	7316
2018-12-07 Fri	3260	3485	7200	7201	7207	7217	7222	7241	7303	7321
2018-12-08 Sat	7244	7249
2018-12-09 Sun	3260	7201	7229
2018-12-10 Mon	3485	7200	7203	7220	7221	7224	7229	7231	7257	7315	7401
2018-12-11 Tue	7200	7204	7212	7214	7232	7237	7255	7305	7308	7312
2018-12-12 Wed	3703	7204	7205	7217	7227	7232	7236	7238	7246	7308	7320	7401
2018-12-13 Thu	7200	7206	7213	7220	7224	7238	7239	7248	7251	7256	7313	7315
2018-12-14 Fri	7209	7210	7216	7217	7231	7232	7237	7304	7309	7316
2018-12-15 Sat	7232	7246	7255
2018-12-16 Sun	3260	7203
2018-12-17 Mon	7202	7203	7206	7216	7217	7231	7244	7310	7320	7401
2018-12-18 Tue	3392	7200	7203	7213	7217	7221	7238	7240	7251	7259	7310
2018-12-19 Wed	7206	7207	7216	7232	7242	7251	7252	7255	7313	7320
2018-12-20 Thu	7200	7206	7224	7229	7237	7255	7308	7315	7316	7317
2018-12-21 Fri	7202	7203	7204	7230	7237	7239	7243	7258	7315	7318
2018-12-22 Sat	7248	7302	7305
2018-12-23 Sun	3260	7238
2018-12-24 Mon	3449	7224	7230	7236	7237	7238	7239	7241	7243	7247	7304
2018-12-25 Tue	3534	7236
2018-12-26 Wed	7203	7210	7213	7217	7225	7238	7239	7242	7306	7320
2018-12-27 Thu	7217	7222	7225	7236	7243	7245	7252	7253	7256	7304	7314
2018-12-28 Fri	7202	7210	7213	7216	7236	7242	7244	7259	7304	7318
2018-12-29 Sat	7228	7247	7252
2018-12-30 Sun	3260	7212	7236
2018-12-31 Mon	7202	7203	7208	7210	7216	7235	7301	7310	7314	7401
2019-01-01 Tue	7202	7221
2019-01-02 Wed	7208	7209	7219	7220	7229	7234	7301	7309	7315	7324
2019-01-03 Thu	3724	7207	7209	7211	7212	7227	7235	7237	7311	7315	7321
2019-01-04 Fri	7210	7214	7217	7218	7224	7233	7243	7258	7305	7320
2019-01-05 Sat	7235	7242	7247
2019-01-06 Sun	3260	7239
2019-01-07 Mon	3333	7211	7214	7224	7233	7242	7244	7306	7315	7316
2019-01-08 Tue	7217	7225	7230	7242	7243	7246	7257	7303	7310	7403
2019-01-09 Wed	7200	7201	7203	7208	7225	7232	7254	7302	7313	7322
2019-01-10 Thu	7207	7210	7218	7232	7233	7243	7308	7319	7320	7321
2019-01-11 Fri	3500	7206	7213	7214	7217	7222	7228	7241	7246	7252	7257	7322
2019-01-12 Sat	7222	7236
2019-01-13 Sun	3260	7228
2019-01-14 Mon	7208	7217	7219	7223	7249	7250	7252	7254	7301	7311
