2018-09-17 Mon	1100	1103	1108	1125	1129	1133	1143	1154	1169	1187	3357
2018-09-18 Tue	1103	1116	1118	1120	1122	1139	1142	1154	1156	1169	1187	1192
2018-09-19 Wed	1100	1105	1113	1114	1118	1120	1129	1133	1138	1169	1174	3321	3705
2018-09-20 Thu	1103	1104	1105	1108	1114	1118	1127	1133	1139	1142	1187	3383
2018-09-21 Fri	1104	1117	1118	1127	1135	1139	1142	1154	1169	1174	1187	3316
2018-09-24 Mon	1100	1103	1105	1113	1117	1120	1125	1138	1142	1156	1174	3430	3705
2018-09-25 Tue	1100	1104	1108	1116	1117	1122	1135	1139	1142	1143	1154	1187	3340
2018-09-26 Wed	1103	1113	1114	1122	1125	1138	1143	1154	1156	1160	1192	3316
2018-09-27 Thu	1113	1114	1116	1135	1142	1156	1160	1168	1174	1192	3426	3531
2018-09-28 Fri	1113	1116	1117	1122	1133	1138	1139	1143	1156	1169	1192	3560
2018-09-29 Sat	3703	3704	3707	3718	3719	3723	3724
2018-09-30 Sun	1125	3703	3705	3706	3717	3719	3723
2018-10-01 Mon	1103	1105	1108	1113	1114	1122	1135	1138	1156	1169	1187	3516
2018-10-02 Tue	1117	1122	1125	1127	1129	1131	1133	1142	1156	1174	1187	3302
2018-10-03 Wed	1100	1103	1104	1114	1116	1122	1127	1139	1169	1174	1192	3421
2018-10-04 Thu	1100	1104	1105	1116	1117	1120	1127	1129	1133	1160	1169	1187	3275
2018-10-05 Fri	1100	1104	1108	1116	1120	1127	1129	1138	1142	1143	1156	3485
2018-10-06 Sat	1142	3704	3705	3706	3716	3718	3719	3724
2018-10-07 Sun	1129	1156	3705	3706	3716	3717	3718	3723
2018-10-08 Mon	1105	1108	1116	1120	1122	1129	1133	1138	1139	1168	1187	3421
2018-10-09 Tue	1100	1103	1105	1117	1129	1133	1135	1138	1160	1174	1187	1192	3340
2018-10-10 Wed	1104	1113	1116	1122	1129	1135	1138	1143	1174	1187	3321
2018-10-11 Thu	1100	1103	1104	1105	1114	1120	1133	1135	1138	1143	1160	3383	7222
2018-10-12 Fri	1103	1116	1122	1125	1127	1135	1139	1142	1168	1174	1187	3275
2018-10-13 Sat	3703	3706	3716	3717	3718	3719	3723
2018-10-14 Sun	3703	3704	3707	3717	3718	3719	3724
2018-10-15 Mon	1103	1114	1116	1122	1127	1135	1138	1139	1143	1160	1192	3275
2018-10-16 Tue	1100	1116	1122	1127	1138	1139	1154	1160	1169	1187	1192	3357
2018-10-17 Wed	1100	1103	1113	1117	1118	1127	1133	1138	1187	1192	3500	7304
2018-10-18 Thu	1100	1104	1108	1113	1116	1118	1120	1125	1135	1168	1187	3316
2018-10-19 Fri	1103	1104	1122	1125	1127	1133	1135	1139	1142	1160	1192	3514
2018-10-20 Sat	3704	3705	3706	3717	3718	3723	3724
2018-10-21 Sun	3704	3705	3706	3717	3718	3719	3723
2018-10-22 Mon	1100	1104	1113	1114	1117	1118	1120	1131	1142	1156	1169	1174
2018-10-23 Tue	1103	1105	1114	1117	1118	1120	1127	1139	1143	1154	1187	1192
2018-10-24 Wed	1103	1105	1108	1116	1118	1122	1127	1133	1135	1160	1169	1174
2018-10-25 Thu	1100	1103	1113	1116	1117	1118	1122	1125	1127	1135	1168	1169
2018-10-26 Fri	1100	1103	1104	1114	1118	1127	1139	1143	1156	1160	1187	1192
2018-10-27 Sat	1103	3706	3707	3716	3718	3719	3724
2018-10-28 Sun	3703	3706	3716	3718	3719	3723	3724
2018-10-29 Mon	1104	1114	1116	1117	1118	1122	1125	1138	1139	1143	1154	1187
2018-10-30 Tue	1105	1113	1118	1120	1127	1129	1131	1133	1138	1142	1154	1174
2018-10-31 Wed	1100	1104	1105	1116	1122	1129	1133	1138	1139	1143	1154	1160	1187	3724
2018-11-01 Thu	1100	1105	1113	1118	1122	1133	1138	1142	1143	1160	1169
2018-11-02 Fri	1100	1113	1114	1118	1127	1129	1131	1135	1139	1142	1160	1192
2018-11-03 Sat	3703	3706	3707	3716	3718	3719	3723
2018-11-04 Sun	1142	3703	3704	3706	3718	3719	3723
2018-11-05 Mon	1100	1105	1113	1114	1116	1118	1122	1127	1133	1135	1139	1160	1192	3397
2018-11-06 Tue	1113	1114	1116	1117	1118	1125	1131	1135	1142	1143	1154	1169	3321
2018-11-07 Wed	1100	1116	1120	1125	1127	1135	1139	1143	1154	1169	1174	1187
2018-11-08 Thu	1113	1116	1117	1118	1127	1129	1131	1138	1139	1156	1174	1187
2018-11-09 Fri	1104	1127	1129	1131	1135	1139	1156	1168	1169	1174	1187	1192
2018-11-10 Sat	1100	3703	3705	3706	3719	3723	3724
2018-11-11 Sun	3703	3704	3706	3716	3717	3723	3724
2018-11-12 Mon	1100	1116	1117	1118	1120	1122	1133	1154	1160	1174	1187	1192
2018-11-13 Tue	1103	1105	1118	1120	1129	1133	1135	1143	1154	1168	1169	1187
2018-11-14 Wed	1103	1120	1122	1131	1135	1139	1160	1168	1174	1187	1192
2018-11-15 Thu	1100	1103	1113	1114	1131	1133	1142	1156	1160	1169	1174	1187	1192
2018-11-16 Fri	1100	1105	1118	1135	1139	1143	1156	1160	1168	1169	1174	1187
2018-11-17 Sat	3705	3706	3716	3718	3719	3723	3724
2018-11-18 Sun	3703	3705	3706	3716	3718	3719	3723
2018-11-19 Mon	1105	1113	1118	1120	1131	1138	1142	1143	1168	1174	1192
2018-11-20 Tue	1103	1104	1118	1129	1131	1133	1135	1138	1160	1168	1192	3302
2018-11-21 Wed	1100	1103	1104	1113	1117	1120	1122	1135	1138	1168	1187	3717
2018-11-22 Thu	3703	3704	3706	3716	3718	3719	3723
