2018-09-17 Mon	1100	1103	1108	1125	1133	1143	1154	1169	1187	3357
2018-09-18 Tue	1103	1116	1118	1120	1122	1139	1142	1154	1156	1169	1187	1192
2018-09-19 Wed	1100	1105	1113	1114	1118	1120	1129	1133	1138	1169	1174	3321	3705
2018-09-20 Thu	1103	1104	1105	1108	1114	1118	1127	1133	1139	1142	1187	3383
2018-09-21 Fri	1104	1117	1118	1127	1135	1139	1142	1154	1169	1174	1187	3316
2018-09-24 Mon	1100	1103	1105	1113	1117	1120	1125	1138	1142	1156	1174	3430	3705
2018-09-25 Tue	1100	1104	1108	1116	1117	1122	1135	1139	1142	1143	1154	1187	3340
2018-09-26 Wed	1103	1113	1114	1122	1125	1138	1143	1154	1156	1160	1192	3316
2018-09-27 Thu	1113	1114	1116	1135	1142	1156	1160	1168	1174	1192	3426	3531
2018-09-28 Fri	1113	1116	1117	1122	1133	1138	1139	1143	1156	1169	1192	3560
2018-09-29 Sat	3703	3704	3707	3716	3718	3719	3723	3724
2018-09-30 Sun	1125	3703	3705	3706	3717	3719	3723
2018-10-01 Mon	1103	1105	1108	1113	1114	1122	1135	1138	1156	1169	1187	3516
2018-10-02 Tue	1117	1122	1125	1127	1129	1131	1133	1142	1156	1174	1187	3302
2018-10-03 Wed	1100	1103	1104	1114	1116	1122	1127	1133	1139	1169	1174	1192	3421
