2018-09-17 Mon	3624	3631	3636	7101	7116	8006	8012	8041	8046	8061	8213	8219	8223	8237
2018-09-18 Tue	3601	3626	3627	7012	7016	7028	7104	7113	7135	7136	8002	8035	8043	8053	8057	8059	8060	8063	8073	8080	8207	8210	8212	8244	8250	8257
2018-09-19 Wed	3601	3631	3641	3647	7016	7017	7025	7028	7100	7103	7133	8015	8023	8031	8038	8059	8063	8075	8200	8210	8212	8213	8214	8215	8218	8236	8237	8240	8248	8253
2018-09-20 Thu	3602	3635	3641	7017	7028	7102	7103	7112	7129	7130	7133	7134	8004	8020	8025	8026	8044	8052	8058	8063	8203	8205	8213	8219	8227	8241	8247	8253	8256	8257
2018-09-21 Fri	3622	3654	7017	7025	7101	7103	7113	7127	7128	7134	7135	8002	8007	8016	8021	8026	8027	8045	8055	8056	8073	8077	8204	8209	8227	8229	8239	8247
2018-09-24 Mon	3645	3647	3655	7102	7128	7131	7161	8006	8013	8050	8056	8067	8068	8076	8217	8222	8232	8235	8240	8247	8256
2018-09-25 Tue	3636	3637	3638	7028	7113	7125	7127	7128	7129	7131	8004	8008	8011	8014	8041	8047	8048	8063	8072	8203	8206	8209	8211	8219	8229	8235	8249	8256
2018-09-26 Wed	3602	3634	3642	7012	7016	7017	7101	7125	7128	7136	8014	8020	8040	8045	8053	8055	8057	8061	8065	8069	8071	8074	8207	8212	8219	8232	8242	8258
2018-09-27 Thu	3633	3639	3643	3645	3655	7016	7017	7101	7128	7134	8001	8007	8008	8023	8053	8073	8084	8208	8214	8215	8216	8219	8232	8236	8245	8258
2018-09-28 Fri	3622	3631	3634	3649	3650	7102	7131	7137	8010	8027	8032	8033	8034	8057	8065	8072	8074	8205	8210	8215	8219	8228	8232	8237	8246
2018-09-29 Sat	8024	8032	8037	8057	8072	8075	8209	8231	8232	8238	8249	8251
2018-09-30 Sun	8009	8048	8076	8208	8218	8230	8236	8251
2018-10-01 Mon	3634	3637	3640	3648	3652	7018	7025	7028	7113	7131	7136	8002	8029	8043	8056	8059	8063	8066	8070	8071	8072	8218	8221	8227	8228	8234	8242	8252	8256
2018-10-02 Tue	3628	3638	3644	3656	7018	7019	7028	7101	7130	7135	7161	8001	8013	8022	8023	8026	8036	8040	8042	8045	8048	8059	8067	8205	8206	8210	8232	8252
2018-10-03 Wed	3634	3636	3640	3643	3645	7027	7133	7135	8023	8026	8029	8033	8034	8048	8050	8060	8081	8203	8212	8228	8232	8246	8250
