2018-09-17 Mon	3302	7200	7235	7240	7247	7250	7252	7257
2018-09-18 Tue	3316	3500	7200	7208	7209	7229	7235	7245	7250	7251	7259
2018-09-19 Wed	3275	3586	7207	7209	7221	7226	7231	7237	7247	7251	7257
2018-09-20 Thu	3260	3337	3500	3519	3725	7202	7217	7218	7220	7238	7246
2018-09-21 Fri	3260	3275	3392	7200	7203	7220	7229	7237	7238	7240	7248
2018-09-24 Mon	3259	3275	3333	3357	3519	7202	7204	7210	7213	7231	7232	7249	7250	7256	7258	7305
2018-09-25 Tue	3260	3321	3340	3357	3586	7204	7206	7209	7216	7219	7221	7223	7236	7238	7245	7249	7255	7302
2018-09-26 Wed	3260	3340	3397	3449	3508	3586	7204	7212	7216	7217	7222	7231	7235	7238	7247	7251
2018-09-27 Thu	3220	3337	3430	3516	3560	3586	7202	7206	7213	7215	7216	7231	7233	7246	7251	7252	7257	7302
2018-09-28 Fri	3333	3426	3486	3531	7203	7206	7207	7211	7216	7217	7220	7226	7233	7235	7238	7248
2018-09-29 Sat	7205	7207	7213	7225	7228	7251	7258
2018-09-30 Sun	7225	7226	7230	7245	7250	7258
2018-10-01 Mon	3316	3321	3392	3397	3430	3530	3534	3560	7203	7206	7210	7222	7225	7231	7234	7255
2018-10-02 Tue	3275	3333	3430	3485	3514	3531	7201	7204	7206	7224	7233	7236	7238	7245	7258	7305
2018-10-03 Wed	3357	3485	3560	7201	7203	7219	7225	7228	7232	7246	7253	7254
