2018-09-17 Mon	3397	3426	3430	3724	7207	7216	7256	7258
2018-09-18 Tue	3220	3260	3541	3560	3586	3723	7201	7207	7212	7242
2018-09-19 Wed	3421	3430	3449	3519	3541	3707	7218	7236	7237	7252	7258
2018-09-20 Thu	3485	3486	3531	3541	3560	3718	7203	7204	7237	7240	7249	7257
2018-09-21 Fri	3500	3508	3534	3541	3586	3706	7206	7228	7236	7258
2018-09-24 Mon	3392	3508	3534	3541	3560	3586	7209	7217	7231	7239	7242
2018-09-25 Tue	3220	3383	3449	3531	3534	3560	7203	7222	7223	7226
2018-09-26 Wed	3220	3337	3383	3392	3534	7207	7211	7212	7240
2018-09-27 Thu	3383	3392	3397	3421	7201	7207	7220	7226	7230	7252
2018-09-28 Fri	3259	3260	3275	3302	3724	7209	7214	7231	7252
2018-09-29 Sat	7220	7221	7222	7223	7239	7241
2018-09-30 Sun	7220	7222	7223
2018-10-01 Mon	3260	3383	3500	3508	3516	7204	7229	7237	7251	7259
2018-10-02 Tue	3220	3259	3260	3449	3519	3530	7203	7217	7222	7255
2018-10-03 Wed	3220	3449	3531	3534	7202	7213	7234	7252
2018-10-04 Thu	3392	3500	3530	3541	3560	3586	7200	7204	7226	7245	7256
2018-10-05 Fri	3383	3531	3534	3541	3560	3586	7204	7225	7229	7254
2018-10-06 Sat	4607	4608	4609	7201	7203	7242
2018-10-07 Sun	7230	7234	7235
2018-10-08 Mon	3220	3275	3397	3531	3541	7204	7211	7224	7228	7253
2018-10-09 Tue	3397	3421	3486	3541	3560	7207	7215	7218	7233	7235
2018-10-10 Wed	3397	3421	3531	3541	3560	7209	7217	7230	7249	7304
2018-10-11 Thu	3275	3302	3430	3449	3541	3560	7202	7209	7225	7245
2018-10-12 Fri	3383	3392	3426	3430	3500	7215	7229	7234	7236	7310
2018-10-13 Sat	4609	4610	7204	7224	7225	7238	7259
2018-10-14 Sun	4603	4609	4610
2018-10-15 Mon	3383	3392	3426	3541	3560	7207	7214	7219	7222	7236	7241
2018-10-16 Tue	3275	3302	3397	3514	3516	7217	7224	7239	7245	7259
2018-10-17 Wed	3260	3275	3302	7220	7226	7227	7235	7238	7249	7257	7308
2018-10-18 Thu	3275	3302	3514	3516	7213	7220	7232	7234	7239	7241
2018-10-19 Fri	3383	3519	3541	3560	7213	7224	7244	7249	7252	7310	7311
2018-10-20 Sat	4607	4609	4610	7239	7241
2018-10-21 Sun	4603	4607	4608	4609
2018-10-22 Mon	7203	7206	7210	7227	7234	7240	7244	7245	7246	7247	7252
2018-10-23 Tue	1129	7206	7222	7235	7237	7240	7241	7244	7250	7259
2018-10-24 Wed	7204	7210	7223	7227	7229	7238	7240	7241	7246	7308
2018-10-25 Thu	3519	3706	7209	7212	7218	7222	7241	7244	7253	7303	7306
2018-10-26 Fri	7201	7202	7205	7224	7230	7233	7240	7247	7303	7308
2018-10-27 Sat	4602	4603	4604	4605	4606	4607	4608	7238	7240
2018-10-28 Sun	4603	4604	4610
2018-10-29 Mon	7204	7209	7217	7221	7232	7242	7245	7251	7303	7312
2018-10-30 Tue	7210	7212	7214	7218	7219	7222	7243	7250	7252	7258
2018-10-31 Wed	3259	3724	7205	7206	7214	7219	7243	7250	7253	7307	7308
2018-11-01 Thu	3514	3717	7200	7210	7216	7220	7225	7231	7245	7256	7305
2018-11-02 Fri	7202	7219	7220	7231	7236	7249	7252	7258	7259	7303
2018-11-03 Sat	4605	4606	4608	7239	7240	7255
2018-11-04 Sun	4605	4606	4607
2018-11-05 Mon	7203	7208	7231	7239	7241	7242	7247	7248	7311
2018-11-06 Tue	3486	7201	7204	7209	7215	7234	7237	7248	7253	7256
2018-11-07 Wed	7206	7217	7228	7230	7233	7236	7251	7252	7307	7309
2018-11-08 Thu	3383	3421	3449	3703	7213	7227	7232	7244	7246	7302	7304
2018-11-09 Fri	3508	7210	7211	7229	7232	7233	7238	7252	7255	7259
2018-11-10 Sat	4604	4605	4606	4607	4608	7238	7243
2018-11-11 Sun	4604	4605	4606
2018-11-12 Mon	7200	7204	7217	7219	7221	7222	7223	7235	7237	7303
2018-11-13 Tue	7204	7213	7214	7216	7220	7242	7245	7258	7315
2018-11-14 Wed	3716	7213	7217	7225	7250	7251	7252	7256	7302	7315
2018-11-15 Thu	7204	7209	7212	7216	7219	7223	7237	7241	7253	7256	7307
2018-11-16 Fri	7205	7206	7207	7214	7218	7237	7241	7245	7246	7312
2018-11-17 Sat	4605	4606	4607	4608	7239	7240
2018-11-18 Sun	4605	4606	4608
2018-11-19 Mon	3724	7201	7206	7211	7221	7231	7233	7247	7252	7317
2018-11-20 Tue	3357	7206	7216	7222	7223	7245	7246	7247	7249	7258	7316
2018-11-21 Wed	3421	7207	7217	7225	7239	7250	7254	7301	7310	7314
2018-11-22 Thu	7228	7237	7255
2018-11-23 Fri	7201	7206	7207	7228	7230	7243	7247	7248	7304	7309
2018-11-24 Sat	4605	4606	4607	4608	7237	7238
2018-11-25 Sun	4605	4607	4608
2018-11-26 Mon	3485	3723	7204	7205	7207	7235	7239	7242	7256	7309
2018-11-27 Tue	3704	7200	7215	7226	7228	7229	7259	7302	7308	7317
2018-11-28 Wed	7201	7207	7222	7241	7249	7250	7251	7253	7255	7304
2018-11-29 Thu	3392	7200	7204	7219	7227	7229	7236	7244	7318
2018-11-30 Fri	3718	7202	7204	7213	7215	7218	7229	7230	7238	7304	7313
2018-12-01 Sat	4605	4606	4608	4611	7210	7251
2018-12-02 Sun	4607	4608	4611
2018-12-03 Mon	3260	3449	7201	7203	7210	7218	7222	7226	7305	7308	7314
2018-12-04 Tue	3260	7201	7204	7207	7228	7230	7239	7240	7243	7254	7259
2018-12-05 Wed	3508	7200	7210	7213	7216	7222	7225	7227	7247
2018-12-06 Thu	7202	7212	7220	7221	7228	7233	7252	7307	7314	7317	7322
2018-12-07 Fri	3719	7202	7213	7219	7230	7236	7242	7253	7257	7259	7316
2018-12-08 Sat	4605	4606	4607	4608	7239	7241
2018-12-09 Sun	4605	4606	4607
2018-12-10 Mon	7204	7207	7213	7215	7216	7223	7229	7248	7256	7258	7322
2018-12-11 Tue	7206	7208	7218	7229	7244	7248	7256	7257	7303
2018-12-12 Wed	3534	7202	7226	7230	7233	7237	7243	7245	7246	7255
2018-12-13 Thu	3392	7207	7208	7216	7234	7235	7236	7237	7255	7303	7321	7322
2018-12-14 Fri	7206	7213	7214	7215	7222	7227	7235	7243	7252	7318
2018-12-15 Sat	7200	7208	7218	7219	7229	7237
2018-12-16 Sun	7200	7202	7239
2018-12-17 Mon	7207	7212	7220	7243	7246	7247	7250	7251	7254	7258	7305	7312
2018-12-18 Tue	7202	7210	7216	7232	7248	7252	7254	7302	7307	7401
2018-12-19 Wed	7200	7202	7203	7213	7220	7234	7235	7238	7245	7246	7258	7310
2018-12-20 Thu	7202	7205	7211	7218	7220	7227	7230	7231	7303	7305
2018-12-21 Fri	7205	7208	7211	7222	7229	7232	7255	7303	7306	7309
2018-12-22 Sat	4606	4607	7217	7224	7225	7228	7246
2018-12-23 Sun	4605	4607	7216	7228
2018-12-24 Mon	7200	7201	7206	7212	7220	7221	7225	7227	7242	7255	7308
2018-12-25 Tue	4607	7228	7247
2018-12-26 Wed	7201	7202	7205	7223	7228	7237	7243	7251	7302	7317
2018-12-27 Thu	7201	7215	7218	7246	7247	7257	7302	7303	7315	7402
2018-12-28 Fri	7229	7238	7243	7245	7258	7305	7314	7315	7316	7402
2018-12-29 Sat	7202	7203	7204	7222	7223	7242	7243
2018-12-30 Sun	7223	7228	7229
2018-12-31 Mon	7200	7204	7213	7218	7219	7227	7230	7243	7252	7307
2019-01-01 Tue	7226	7227	7321
2019-01-02 Wed	7207	7214	7215	7218	7226	7236	7239	7251	7309	7313
2019-01-03 Thu	7204	7206	7214	7215	7221	7223	7243	7247	7255	7259
2019-01-04 Fri	7209	7216	7219	7220	7228	7244	7246	7252	7303	7305
2019-01-05 Sat	7214	7215	7216	7217	7243	7244
2019-01-06 Sun	7224	7225	7226
2019-01-07 Mon	3321	3707	7203	7207	7208	7215	7216	7222	7245	7307	7318
2019-01-08 Tue	7200	7215	7216	7219	7228	7232	7237	7249	7255	7258	7259
2019-01-09 Wed	7205	7210	7215	7217	7224	7229	7234	7240	7244	7318
2019-01-10 Thu	7217	7221	7223	7229	7239	7245	7259	7307	7401	7403
2019-01-11 Fri	7200	7201	7204	7211	7220	7230	7253	7302	7304	7306	7318
2019-01-12 Sat	7218	7219	7228	7229	7232	7234
2019-01-13 Sun	7220	7223	7224
2019-01-14 Mon	7204	7206	7216	7220	7221	7228	7253	7258	7302	7324	7403
