2018-09-17 Mon	3486	3531	3560	7201
2018-09-18 Tue	3485	3516	3534	3723	7218	7223	7238	7241
2018-09-19 Wed	3486	3508	3534	3717	7230	7240	7241
2018-09-20 Thu	3321	3534	3718	7208	7214	7221	7242	7253
2018-09-21 Fri	3337	3421	3530	3706	3716	7201	7227	7240
2018-09-24 Mon	1133	3430	3500	3519	3724	7227	7228	7255
2018-09-25 Tue	3421	3508	3514	3530	3717	7227	7232	7240
2018-09-26 Wed	3321	3430	3514	3530	3718	7216	7222	7256
2018-09-27 Thu	3316	3321	3426	3514	3519	3541	3724	7238
2018-09-28 Fri	3485	3486	3530	7249	7303
2018-10-01 Mon	1100	3220	3259	3302	3531	3586	3717	7214
2018-10-02 Tue	3220	3357	3486	3586	3704	3716	7232	7241
2018-10-03 Wed	3486	3500	3516	3519
