2018-09-17 Mon	3337	3486	3531	3560	7201
2018-09-18 Tue	3485	3486	3508	3516	3534	3723	7218	7223	7238	7241
2018-09-19 Wed	3302	3316	3486	3508	3534	3717	7230	7240	7241
2018-09-20 Thu	3302	3321	3333	3534	3718	7208	7214	7221	7242	7253
2018-09-21 Fri	3337	3383	3421	3530	3706	3716	7201	7227	7240
2018-09-24 Mon	1133	3383	3430	3500	3514	3519	3724	7227	7228	7255
2018-09-25 Tue	3421	3508	3514	3530	3541	3717	7227	7232	7236	7240
2018-09-26 Wed	3321	3340	3430	3486	3514	3530	3718	7216	7222	7256
2018-09-27 Thu	3316	3321	3426	3514	3519	3541	3724	7238
2018-09-28 Fri	3321	3383	3421	3485	3486	3530	7237	7249	7303
2018-10-01 Mon	1100	3220	3259	3302	3421	3500	3531	3586	3717	7214
2018-10-02 Tue	3220	3357	3392	3421	3486	3586	3704	3716	7232	7241
2018-10-03 Wed	3383	3392	3486	3500	3516	3519
2018-10-04 Thu	3316	3321	3333	3337	3508	3534	3541	3717	7253	7305
2018-10-05 Fri	3275	3340	3430	3486	3516	3530	3706	7211	7212
2018-10-08 Mon	3259	3321	3340	3357	3421	3486	3541	7226	7258	7307
2018-10-09 Tue	3220	3430	3516	3530	3531	3718	7209	7226	7250
2018-10-10 Wed	3259	3340	3426	3500	3514	3530	3705	7307
2018-10-11 Thu	3260	3302	3321	3392	3514	3519	3717	7212	7303
2018-10-12 Fri	3260	3333	3397	3486	3541	3716	7302	7309	7311	7314
2018-10-15 Mon	3316	3383	3421	3449	3486	3500	3514	3723	7201	7224
2018-10-16 Tue	3333	3421	3449	3486	3500	3706	3724	7230	7234	7314
2018-10-17 Wed	3259	3260	3321	3397	3421	3426	3486	3717	7205	7303
2018-10-18 Thu	3259	3333	3430	3485	3508	3716	7217	7233	7236	7314
2018-10-19 Fri	3259	3260	3357	3449	3485	3560	3703	7219	7312
2018-10-22 Mon	1113	3275	3316	3333	3357	3430	3449	3485	3500	7204
2018-10-23 Tue	1122	1125	3260	3302	3383	3397	3430	3516	7222	7314
2018-10-24 Wed	1114	1156	3275	3321	3357	3383	3516	3519	7239	7304
2018-10-25 Thu	1114	1156	3260	3321	3426	3449	3707	7218	7241	7304
2018-10-26 Fri	1116	1168	3259	3321	3383	3397	3421	3486	3519	7215
2018-10-29 Mon	1105	1113	3259	3421	3500	3514	3516	3541	7230	7250
2018-10-30 Tue	1187	3337	3485	3486	3514	7204	7210	7230
2018-10-31 Wed	1103	1131	3316	3333	3337	3485	3514	7211	7247	7303
2018-11-01 Thu	1139	1154	1156	3337	3421	3508	3516	3534	7249	7311
2018-11-02 Fri	1104	1120	3260	3333	3383	3519	7208	7229	7311
2018-11-05 Mon	1103	1120	3392	3397	3449	3514	3560	7207	7301
2018-11-06 Tue	1129	1160	3260	3337	3449	3486	3534	3541	3560
2018-11-07 Wed	1131	1142	3260	3397	3541	3560	7220	7246	7302	7306
2018-11-08 Thu	1104	1142	3397	3430	3485	3500	3534	3541	7208	7221
2018-11-09 Fri	1142	3321	3337	3397	3486	3534	7237	7241	7317
2018-11-12 Mon	1143	3337	3485	3508	3519	7241
2018-11-13 Tue	1117	1138	3316	3357	3486	3500	3508	3560	7219
2018-11-14 Wed	1129	1139	3508	3534	3703	7214	7219	7238	7248	7311
