2018-09-17 Mon	7212	7220	7223	7227	7229	7231	7237	7242	7244	7245	7253	7254
2018-09-18 Tue	3337	3397	3426	3719	7210	7220	7226	7228	7234	7236	7247	7249	7251	7254	7256
2018-09-19 Wed	3333	3357	3500	7200	7201	7207	7219	7223	7225	7234	7239	7245	7246	7256	7259
2018-09-20 Thu	3426	3586	3716	7207	7210	7211	7212	7223	7227	7236	7247	7251	7252	7258	7259
2018-09-21 Fri	3426	3449	3541	7207	7213	7217	7221	7223	7226	7230	7231	7245	7246	7249	7253	7256
2018-09-24 Mon	1118	1138	3260	3337	3383	3449	3716	7211	7215	7220	7227	7235	7236	7237	7238	7239	7246	7257	7259
2018-09-25 Tue	3302	3316	3337	3426	3485	3486	3519	3530	7202	7214	7217	7224	7229	7232	7237	7244	7250	7253	7259
2018-09-26 Wed	3333	3357	3421	7209	7213	7220	7223	7224	7225	7228	7229	7230	7244	7250	7252	7254	7257	7302
2018-09-27 Thu	3259	3275	3302	3340	3485	7206	7216	7222	7225	7234	7235	7237	7240	7241	7242	7248	7255	7257	7258
2018-09-28 Fri	3321	3397	3500	3586	7210	7212	7215	7216	7225	7228	7236	7237	7242	7246	7250	7252	7255	7256	7305
2018-09-29 Sat	7206	7229	7236	7248	7254
2018-09-30 Sun	7215	7232	7233	7234	7239	7241
2018-10-01 Mon	1129	3397	3426	3530	7205	7206	7208	7217	7220	7224	7228	7236	7238	7239	7241	7242	7244	7247	7250	7252
2018-10-02 Tue	1116	3321	3534	3541	3560	3704	7211	7219	7220	7226	7230	7231	7234	7235	7236	7237	7252	7257
2018-10-03 Wed	3426	3514	3541	3586	7210	7215	7216	7220	7222	7226	7227	7229	7231	7235	7250	7256	7258	7259
