2018-09-17 Mon	1113	1138	1142	1160	3716
2018-09-18 Tue	1100	1113	1114	1118	1127	1160	3706
2018-09-19 Wed	1103	1104	1117	1125	1127	3718
2018-09-20 Thu	1100	1120	1122	1125	1135	1138	3701
2018-09-21 Fri	1103	1104	1105	1116	1122	1156	3717
2018-09-24 Mon	1108	1116	1122	1135	1154	1156
2018-09-25 Tue	1116	1120	1122	1125	1133	1160	1192	3717
2018-09-26 Wed	1116	1120	1135	1187	1192	3716
2018-09-27 Thu	1103	1108	1125	1138	1139	1154
2018-09-28 Fri	1104	1120	1131	1142	1154	1192
2018-09-29 Sat	7210	7232	7257
2018-09-30 Sun	3716	3718	7248
2018-10-01 Mon	1116	1117	1127	1139	1142
2018-10-02 Tue	1100	1103	1105	1116	1143	1168	1169	7248
2018-10-03 Wed	1131	1142	1143	1160	1187
