2018-09-17 Mon	6899	6925	6990	6996	8158	8177	8191
2018-09-18 Tue	6889	6910	6911	6917	6918	6974	6992	6993	8165	8167	8171	8187	8192	8194	8196
2018-09-19 Wed	6882	6911	6931	6932	6969	6974	6996	6998	8152	8158	8172	8175	8191	8194	8198
2018-09-20 Thu	6872	6890	6919	6925	6967	6976	6978	6992	8151	8165	8168	8176	8178	8180	8192
2018-09-21 Fri	6872	6917	6927	6932	6968	6970	6993	6996	8152	8157	8158	8175	8182	8183	8192
2018-09-24 Mon	6889	6924	6975	8161	8168	8173	8179	8193
2018-09-25 Tue	6919	6970	6974	6991	6993	6996	8150	8156	8167	8168	8173	8180	8181	8185
2018-09-26 Wed	6881	6890	6918	6925	6998	6999	8155	8167	8172	8179	8181	8183	8198	9074	9540
2018-09-27 Thu	6899	6917	6928	6932	6974	6980	6990	8155	8157	8163	8168	8172	8174	8175	8190
2018-09-28 Fri	6868	6890	6970	6992	8151	8165	8167	8168	8172	8181	8191
2018-10-01 Mon	6976	6988	6989	6998	6999	8150	8155	8176	8182	8186	8190	8191	8193
2018-10-02 Tue	6919	6931	6967	6978	6988	8152	8156	8159	8176	8177	8180	8186	8195	8196
2018-10-03 Wed	6872	6881	8155	8164	8178	8180	8181	8183
