2018-09-17 Mon	6872	6880	6882	6886	6911	6919	6925	6928	6931	6932	6967	6968	6969	6970	6974	6975	6978	6980	6989	6992	6998	6999
2018-09-18 Tue	6868	6880	6881	6882	6889	6890	6894	6896	6899	6910	6917	6918	6919	6924	6925	6927	6928	6930	6931	6932	6933	6967	6968	6969	6970	6974	6975	6989	6990	6991	6995	6996	6998
2018-09-19 Wed	6868	6880	6881	6882	6889	6890	6894	6896	6899	6910	6911	6917	6918	6919	6924	6925	6927	6928	6930	6931	6932	6967	6968	6969	6970	6975	6976	6978	6980	6988	6989	6990	6991	6993	6995	6996	6998
2018-09-20 Thu	6868	6880	6882	6889	6894	6896	6899	6910	6911	6916	6917	6918	6919	6925	6927	6928	6930	6931	6967	6968	6969	6970	6974	6975	6976	6978	6980	6989	6990	6993	6995	6996
2018-09-21 Fri	6872	6880	6881	6889	6894	6896	6899	6910	6911	6916	6917	6918	6919	6925	6927	6928	6930	6931	6932	6967	6969	6975	6976	6978	6988	6989	6990	6991	6992	6993	6994	6995	6996	6998
2018-09-24 Mon	6868	6872	6881	6890	6894	6919	6927	6928	6930	6931	6968	6970	6974	6975	6976	6978	6989	6991	6992	6993	6994	6995	6996	6998
2018-09-25 Tue	6868	6880	6889	6890	6894	6896	6899	6917	6918	6919	6924	6925	6927	6928	6931	6967	6968	6970	6974	6975	6976	6978	6980	6988	6990	6991	6992	6993	6995	6996	6998
2018-09-26 Wed	6880	6881	6882	6890	6894	6899	6917	6918	6919	6924	6925	6927	6928	6930	6931	6932	6967	6968	6970	6974	6975	6976	6978	6980	6988	6989	6990	6991	6992	6993	6994	6995
2018-09-27 Thu	6880	6881	6882	6889	6890	6899	6918	6924	6925	6928	6930	6931	6967	6968	6969	6974	6976	6978	6980	6990	6991	6992	6993	6994	6995	6998	6999
2018-09-28 Fri	6868	6880	6881	6882	6889	6890	6896	6917	6918	6924	6925	6928	6930	6931	6932	6967	6969	6970	6974	6975	6976	6980	6988	6989	6990	6992	6993	6994	6995	6998	6999
2018-09-29 Sat	6890	6928	6931	6967	6970	6988	6993	6994	6998
2018-09-30 Sun	6890	6917	6918	6930	6974	6978	6990	6999
2018-10-01 Mon	6881	6882	6889	6890	6894	6896	6899	6917	6918	6919	6924	6928	6930	6931	6933	6967	6969	6970	6975	6976	6978	6980	6988	6989	6990	6992	6993	6994	6995	6996	6998	6999
2018-10-02 Tue	6868	6872	6881	6889	6890	6894	6899	6917	6918	6919	6924	6925	6928	6930	6931	6932	6933	6967	6969	6974	6975	6976	6988	6989	6990	6991	6992	6993	6994	6995	6996	6999
2018-10-03 Wed	6868	6880	6881	6896	6899	6924	6927	6930	6931	6932	6968	6969	6970	6974	6975	6976	6978	6988	6990	6991	6992	6994	6995	6996	6998
2018-10-04 Thu	6872	6880	6881	6894	6896	6918	6919	6924	6928	6930	6932	6933	6967	6968	6969	6970	6974	6975	6976	6978	6988	6990	6991	6992	6993	6994	6996	6998
2018-10-05 Fri	6868	6872	6880	6881	6894	6896	6899	6918	6919	6924	6927	6928	6930	6931	6932	6969	6970	6974	6975	6978	6980	6988	6990	6991	6992	6993	6994	6995	6996	6998	6999
2018-10-06 Sat	6896	6927	6931	6932	6976	6988	6990	6992	6994
2018-10-07 Sun	6872	6881	6927	6931	6969	6989	6990	6994	6995
2018-10-08 Mon	6868	6872	6880	6881	6882	6894	6896	6899	6917	6918	6919	6924	6925	6927	6928	6931	6967	6970	6975	6978	6980	6988	6989	6990	6991	6992	6994	6996	6998	6999
2018-10-09 Tue	6868	6872	6880	6881	6882	6889	6894	6896	6899	6917	6919	6927	6928	6930	6931	6932	6967	6968	6970	6974	6976	6978	6980	6988	6990	6991	6992	6993	6994	6995	6996	6999
2018-10-10 Wed	6868	6872	6880	6894	6896	6899	6917	6918	6919	6924	6925	6927	6928	6930	6932	6933	6967	6968	6970	6974	6975	6976	6978	6980	6989	6991	6993	6994	6995	6996	6999
2018-10-11 Thu	6872	6880	6881	6889	6894	6896	6917	6918	6919	6924	6925	6926	6928	6930	6932	6933	6967	6974	6975	6980	6988	6989	6990	6991	6993	6996	6999
2018-10-12 Fri	6868	6872	6881	6882	6889	6894	6899	6917	6918	6919	6925	6926	6927	6928	6930	6931	6932	6967	6968	6970	6974	6975	6976	6978	6980	6989	6990	6991	6992	6993	6996	6998	6999
2018-10-13 Sat	6925	6928	6931	6968	6969	6970	6988	6989	6991	6992	6993
2018-10-14 Sun	6872	6894	6917	6928	6967	6968	6989	6993
2018-10-15 Mon	6868	6880	6881	6889	6894	6899	6917	6918	6919	6924	6927	6930	6932	6933	6967	6968	6969	6970	6974	6976	6978	6980	6988	6989	6990	6991	6994	6995	6996	6998
2018-10-16 Tue	6868	6872	6880	6881	6886	6889	6899	6918	6919	6925	6927	6928	6930	6932	6933	6967	6970	6974	6975	6976	6978	6980	6988	6990	6991	6992	6993	6994	6995	6998	6999
2018-10-17 Wed	6868	6872	6880	6881	6889	6899	6917	6924	6925	6927	6928	6930	6931	6932	6933	6967	6968	6969	6970	6974	6978	6980	6988	6989	6990	6991	6992	6993	6994	6996	6999
2018-10-18 Thu	6868	6872	6880	6881	6886	6889	6890	6894	6896	6899	6918	6925	6927	6930	6931	6932	6968	6969	6970	6974	6975	6976	6980	6988	6989	6990	6991	6992	6993	6994	6996	6998
2018-10-19 Fri	6868	6872	6889	6890	6894	6896	6899	6919	6924	6925	6927	6928	6930	6932	6933	6968	6969	6970	6974	6975	6976	6978	6980	6988	6989	6990	6992	6993	6994	6995
2018-10-20 Sat	6880	6896	6930	6931	6970	6975	6976	6991
2018-10-21 Sun	6868	6881	6889	6968	6980	6991	6992	6994
2018-10-22 Mon	6868	6872	6880	6890	6894	6896	6899	6918	6919	6924	6925	6927	6928	6930	6933	6967	6968	6969	6970	6974	6975	6976	6980	6988	6989	6990	6991	6993	6994	6996
2018-10-23 Tue	6868	6880	6881	6882	6886	6890	6894	6896	6899	6919	6924	6925	6927	6928	6930	6932	6933	6968	6969	6970	6974	6976	6978	6980	6988	6989	6990	6991	6993	6994	6995	6998
2018-10-24 Wed	6868	6881	6882	6886	6896	6899	6918	6919	6924	6925	6927	6928	6930	6932	6933	6967	6969	6974	6975	6976	6978	6988	6989	6990	6991	6994	6995	6996	6998
2018-10-25 Thu	6868	6872	6881	6882	6886	6890	6894	6896	6919	6924	6925	6928	6930	6931	6932	6933	6967	6969	6970	6974	6975	6976	6978	6980	6989	6990	6991	6992	6993	6994	6995	6996
2018-10-26 Fri	6868	6872	6882	6886	6890	6894	6896	6899	6918	6919	6924	6927	6928	6931	6967	6968	6969	6970	6974	6975	6976	6978	6989	6990	6991	6992	6993	6994	6995	6996	6998
2018-10-27 Sat	6882	6886	6890	6896	6918	6928	6969	6975	6991
2018-10-28 Sun	6886	6890	6899	6928	6930	6968	6978	6989
2018-10-29 Mon	6868	6872	6881	6886	6890	6894	6899	6918	6924	6925	6927	6928	6930	6931	6932	6933	6967	6968	6969	6974	6975	6976	6980	6988	6989	6992	6993	6994	6996	6999
2018-10-30 Tue	6868	6872	6881	6894	6899	6918	6919	6924	6925	6927	6928	6930	6931	6932	6933	6970	6974	6978	6980	6988	6990	6991	6992	6993	6994	6996	6999
2018-10-31 Wed	6881	6882	6886	6894	6917	6918	6919	6924	6927	6928	6930	6931	6932	6933	6967	6969	6974	6975	6976	6978	6980	6988	6989	6990	6991	6992	6994	6996	6999
2018-11-01 Thu	6868	6881	6882	6886	6890	6894	6899	6917	6918	6919	6924	6925	6927	6930	6932	6933	6967	6968	6969	6974	6975	6976	6978	6980	6988	6990	6992	6993	6994	6996	6998	6999
2018-11-02 Fri	6872	6882	6890	6894	6899	6917	6918	6919	6924	6925	6927	6928	6930	6931	6932	6933	6967	6968	6969	6974	6975	6976	6978	6980	6988	6989	6990	6992	6993	6994	6996
2018-11-03 Sat	6881	6886	6919	6928	6931	6932	6933	6967	6976	6999
2018-11-04 Sun	6881	6886	6894	6924	6968	6978	6990	6996
2018-11-05 Mon	6881	6882	6886	6890	6894	6918	6919	6924	6927	6928	6930	6932	6933	6967	6968	6974	6975	6976	6978	6980	6988	6989	6990	6992	6994	6998	6999	8192
2018-11-06 Tue	6868	6872	6881	6886	6890	6894	6917	6919	6924	6925	6927	6928	6930	6932	6933	6969	6978	6980	6988	6989	6990	6991	6992	6993	6994	6996	6998	6999
2018-11-07 Wed	6868	6872	6881	6882	6886	6894	6899	6917	6918	6919	6924	6927	6928	6932	6933	6967	6968	6969	6974	6976	6978	6988	6989	6990	6991	6992	6993	6994	6998	6999
2018-11-08 Thu	6868	6881	6882	6886	6890	6894	6899	6917	6918	6919	6924	6927	6928	6930	6932	6933	6967	6968	6969	6976	6978	6989	6990	6991	6992	6993	6994	6996	6998	6999
2018-11-09 Fri	6868	6872	6880	6886	6890	6899	6917	6918	6919	6924	6927	6928	6930	6931	6932	6933	6967	6968	6969	6970	6978	6988	6989	6990	6991	6992	6993	6994	6996	6998	6999
2018-11-10 Sat	6919	6927	6932	6988	6989	6990	6992	6998
2018-11-11 Sun	6880	6881	6899	6927	6988	6990	6992	6998
2018-11-12 Mon	6868	6872	6880	6881	6889	6890	6894	6899	6918	6919	6924	6928	6932	6933	6967	6968	6969	6974	6978	6980	6988	6989	6990	6991	6992	6993	6994	6996	6998	6999
2018-11-13 Tue	6868	6872	6880	6890	6894	6899	6917	6918	6919	6924	6925	6928	6930	6931	6933	6967	6969	6974	6976	6980	6989	6990	6991	6993	6994	6996	6998	6999
2018-11-14 Wed	6868	6872	6880	6881	6886	6889	6894	6899	6917	6924	6925	6927	6928	6930	6931	6933	6969	6974	6976	6980	6988	6989	6990	6991	6992	6993	6994	6996	6998	6999
