2018-09-17 Mon	6890	6930	8155	8161	8193
2018-09-18 Tue	6868	6872	6880	6881	6932	6969	8154	8161	8162	8164	8166	8186	8195
2018-09-19 Wed	6868	6872	6910	6925	6967	6980	8154	8157	8169	8172	8178	8190	8193
2018-09-20 Thu	6872	6881	6894	6925	6970	6991	6998	8162	8165	8181	8192	8193	8196
2018-09-21 Fri	6872	6910	6928	6974	6978	6994	8151	8152	8157	8171	8172	8179	8198
2018-09-24 Mon	6899	6930	6990	8151	8154	8171
2018-09-25 Tue	6889	6917	6990	6991	6993	8157	8163	8166	8176	8178	8179	8195
2018-09-26 Wed	6930	6978	6989	6991	8150	8154	8171	8174	8175	8180	8189
2018-09-27 Thu	6931	6968	6975	6978	6991	8151	8154	8165	8175	8181	8196	8197
2018-09-28 Fri	6882	6894	6968	6995	8163	8178	8185	8196
2018-10-01 Mon	6889	6924	6933	6992	6993	6994	8161	8164	8172	8174	8181	8189	8197
2018-10-02 Tue	6880	6882	6890	6918	6930	6970	6994	8173	8179	8184	8192	8195	8198
2018-10-03 Wed	6975	8160	8176	8193	8197	8199
2018-10-04 Thu	6872	6881	6927	6967	6992	8150	8151	8157	8175	8179	8197	8198	9126
2018-10-05 Fri	6868	6969	6974	6976	6990	6994	8154	8155	8156	8178	8182	8199	9585
2018-10-08 Mon	6880	6928	6974	6992	6994	8150	8154	8161	8171	8172	8177	8192	8199
2018-10-09 Tue	6868	6899	6919	6980	6989	6998	6999	8150	8169	8171	8173	8183	8196
2018-10-10 Wed	6899	6928	6932	6967	6974	6995	8152	8155	8156	8167	8172	8193	9074
2018-10-11 Thu	6881	6924	6967	6970	6990	6992	6994	8175	8180	8193	8194	8196	8198
2018-10-12 Fri	6889	6899	6917	6932	6992	8151	8154	8161	8168	8177	8181	8194
2018-10-15 Mon	6880	6889	6927	6928	6992	6995	6996	8150	8157	8159	8187	8193	8194
2018-10-16 Tue	6872	6881	6970	6988	6989	6999	8151	8157	8158	8163	8177	8183
2018-10-17 Wed	6894	6924	6974	6978	6980	6989	6999	8159	8161	8168	8185
2018-10-18 Thu	6872	6894	6919	6924	6933	6967	6970	6996	8158	8168	8194	8196	8199
2018-10-19 Fri	6890	6899	6968	6988	6991	6992	8164	8179	8182	8188	8196	8199
2018-10-22 Mon	6882	6967	6968	6976	6978	6988	6994	8152	8172	8174	8187	8193
2018-10-23 Tue	6896	6932	6976	6980	6998	8157	8159	8195	8197
2018-10-24 Wed	6872	6890	6896	6918	6924	6975	8154	8165	8168	8169	8174	8183	8185
2018-10-25 Thu	6894	6932	6976	6991	6994	8155	8163	8177	8182	8190	8195
2018-10-26 Fri	6868	6890	6932	6967	6989	6998	8166	8169	8170	8176	8181	8198
2018-10-29 Mon	6881	6894	6928	6968	6969	6988	8160	8163	8183	8190	8195	8196
