2018-09-17 Mon	3650	8007	8042	8064	8065	8068	8083	8200	8205	8218	8222	8225	8226	8229	8232	8239	8247	8253
2018-09-18 Tue	3624	3628	3654	3697	7129	8000	8004	8009	8014	8021	8024	8025	8038	8045	8055	8058	8062	8065	8084	8200	8209	8214	8228	8231	8234	8237	8246	8257
2018-09-19 Wed	3602	3636	3654	7102	8001	8002	8010	8011	8016	8020	8024	8033	8042	8043	8053	8055	8061	8064	8069	8070	8202	8207	8208	8211	8221	8225	8226	8227	8229	8244	8257
2018-09-20 Thu	3634	3652	3699	7125	8001	8007	8010	8032	8033	8034	8036	8042	8043	8061	8062	8065	8073	8083	8206	8210	8221	8224	8225	8228	8235	8244	8246
2018-09-21 Fri	3621	3647	3655	7130	8000	8004	8013	8015	8024	8031	8049	8052	8053	8057	8066	8068	8076	8079	8202	8203	8215	8221	8228	8238	8240	8242	8244	8248	8253
2018-09-24 Mon	3654	8011	8017	8021	8025	8031	8032	8038	8041	8045	8053	8057	8058	8061	8062	8070	8219	8236	8242	8246	8258
2018-09-25 Tue	3627	3628	3643	3646	3647	8001	8023	8027	8033	8035	8037	8044	8052	8061	8065	8067	8071	8073	8081	8200	8205	8222	8232	8234	8242	8245
2018-09-26 Wed	3600	3633	3641	3655	3697	8001	8006	8008	8012	8025	8032	8036	8050	8065	8076	8078	8080	8083	8214	8215	8217	8224	8225	8227	8229	8231	8237	8243	8245	8257
2018-09-27 Thu	3602	3621	3640	3653	3697	8009	8031	8032	8038	8044	8047	8058	8061	8062	8074	8078	8080	8084	8207	8209	8217	8218	8228	8229	8237	8241	8242	8247	8251
2018-09-28 Fri	3625	3628	3643	3698	8007	8011	8013	8014	8021	8037	8045	8050	8064	8071	8203	8208	8209	8224	8227	8238	8247	8249	8250	8252	8258
2018-09-29 Sat	8001	8008	8011	8014	8022	8025	8036	8053	8062	8068	8081	8083	8200	8203	8205	8206	8217	8226	8235	8250	8258
2018-09-30 Sun	8002	8005	8011	8016	8022	8023	8036	8037	8042	8044	8045	8060	8084	8202	8204	8223	8250	8252
2018-10-01 Mon	3625	3626	3653	3697	3699	8014	8029	8034	8037	8038	8057	8061	8062	8067	8074	8077	8081	8084	8205	8212	8224	8226	8229	8236	8238	8239	8245	8248
2018-10-02 Tue	3602	3621	3649	3656	3698	8006	8007	8008	8024	8031	8033	8038	8043	8047	8050	8068	8072	8080	8084	8204	8209	8212	8229	8230	8231	8240	8241	8243	8249
2018-10-03 Wed	7161	8004	8011	8020	8047	8058	8066	8201	8204	8205	8214	8224	8226	8229	8231	8237	8240	8241	8243	8248	8251	8252	8256
