2018-09-17 Mon	6927	8166	8183	8194
2018-09-18 Tue	6882	6925	6968	6980	6995	8155	8171	8177	8189	8193
2018-09-19 Wed	6930	6976	6989	6993	6995	8151	8159	8162	8183	8192
2018-09-20 Thu	6882	6928	6932	6990	8150	8164	8167	8176	8179	8197
2018-09-21 Fri	6881	6925	6930	6967	6970	8165	8178	8182	8191	8199
2018-09-24 Mon	6967	8155	8175	8190	8199
2018-09-25 Tue	6882	6899	6927	6968	6992	8171	8175	8179	8182
2018-09-26 Wed	6889	6919	6975	8151	8173	8190	8191	8195	8196	9125
2018-09-27 Thu	6924	6974	6975	6999	8158	8183	8186	8187	8193	9124
2018-09-28 Fri	6889	6924	6969	8155	8176	8187	8198
2018-10-01 Mon	6917	6967	6969	6970	8162	8163	8166	8178	8191	8196
2018-10-02 Tue	6868	6882	6894	6976	6991	8154	8169	8174	8191
2018-10-03 Wed	6989	6993	8165	8172	8191
