2018-09-17 Mon	1118	3516	3701	3706	3718	3725	7213	7225
2018-09-18 Tue	1100	1160	3514	3702	3705	3724	3725	7215	7217
2018-09-19 Wed	1104	1156	3260	3421	3702	3706	3716	7215	7224
2018-09-20 Thu	1122	1125	3357	3704	3705	3706	3717	7228	7244
2018-09-21 Fri	1108	1122	3383	3705	3707	3718	3724	7211	7239
2018-09-24 Mon	1114	1116	1127	3220	3397	3704	3707	3717	3719
2018-09-25 Tue	1125	1129	1154	3397	3534	3704	3705	3706	3707	3718
2018-09-26 Wed	1133	1142	3704	3706	3707	3716	3717	3718	3719	7258
2018-09-27 Thu	1104	1154	1169	1187	3703	3706	3707	3717	3719	3724
2018-09-28 Fri	1154	1187	3704	3705	3707	3717	3718
2018-09-29 Sat	7211	7212	7214	7255
2018-10-01 Mon	1131	1143	1154	3703	3704	3707	3716	3719
2018-10-02 Tue	1100	1104	1156	1160	3706	3718	3719	3723	3724
2018-10-03 Wed	1105	1129	1168	3703	3707	3717	3718	3723
