2018-09-17 Mon	3604	3633	7101	7136	8004	8063	8077	8214	8217
2018-09-18 Tue	3622	3626	3634	7112	8043	8057	8064	8207	8225	8239	8252
2018-09-19 Wed	3603	3628	7025	7129	8006	8023	8031	8059	8062	8078	8213	8234
2018-09-20 Thu	3628	3656	7102	7130	7136	8004	8010	8024	8047	8205	8208	8241	8257
2018-09-21 Fri	3626	3652	7017	7129	8010	8016	8021	8023	8045	8062	8083	8204
2018-09-24 Mon	3603	3627	3638	7131	8002	8026	8042	8076	8217	8247
2018-09-25 Tue	3627	3641	3698	7028	8031	8041	8063	8064	8206	8212	8235	8241
2018-09-26 Wed	3624	3644	3646	7017	8010	8027	8041	8042	8045	8069	8207	8232
2018-09-27 Thu	3627	3653	3698	7017	8001	8007	8008	8043	8052	8252	8257	8258
2018-09-28 Fri	3635	3651	3699	7019	8033	8047	8055	8084	8200
2018-09-29 Sat	3648	7016	7027	8072	8238
2018-09-30 Sun	3626	3627	3655	7016	7027	7132
2018-10-01 Mon	3602	3622	3627	7025	8002	8043	8048	8063	8068	8216	8222	8256
2018-10-02 Tue	3623	3637	3654	7130	8013	8014	8021	8026	8031	8048	8065	8232
2018-10-03 Wed	3635	3698	3699	7027	8034	8065	8206	8211	8228	8246
2018-10-04 Thu	3604	3621	3625	3640	8029	8038	8044	8057	8084	8227	8235	8241
2018-10-05 Fri	3604	3645	3649	7019	8028	8049	8074	8083	8211	8213	8219	8233
2018-10-06 Sat	3622	7025	7028	8067	8224
2018-10-07 Sun	3602	3622	3626	3633	7025	7129
2018-10-08 Mon	3623	3698	7019	7136	8009	8010	8020	8028	8045	8057	8065	8206	8211
2018-10-09 Tue	3601	3642	3651	3699	8025	8033	8044	8065	8201	8214	8235	8250
2018-10-10 Wed	3643	3649	3654	7128	8025	8031	8038	8074	8076	8206	8209	8217	8220
2018-10-11 Thu	3642	3649	3699	7127	8000	8006	8025	8067	8207	8211	8251	8257
2018-10-12 Fri	3621	3647	3698	7102	8001	8010	8014	8031	8033	8037	8049	8081
2018-10-13 Sat	3699	7018	7101	8013	8059
2018-10-14 Sun	3627	3637	3645	3655	7018	7102
2018-10-15 Mon	3622	3627	3656	7012	8008	8025	8036	8064	8201	8217	8235	8254
2018-10-16 Tue	3648	3656	7131	8033	8064	8083	8203	8208	8225	8230	8240	8251
2018-10-17 Wed	3631	3634	3650	7018	8025	8028	8038	8204	8205	8214	8247	8248
2018-10-18 Thu	3649	3656	7127	8031	8035	8058	8076	8078	8212	8216	8221	8233
2018-10-19 Fri	3636	3645	3699	7016	8070	8201	8211	8212	8222	8224	8233	8248
2018-10-20 Sat	3641	7017	7128	8067	8083
2018-10-21 Sun	3603	3622	7016	7019	7028	7127
2018-10-22 Mon	3600	3633	3652	7129	8001	8009	8050	8062	8074	8201	8204	8245
2018-10-23 Tue	3624	3634	3637	3656	8012	8014	8039	8050	8052	8060	8080	8231
2018-10-24 Wed	3627	3648	3655	7102	8026	8038	8040	8067	8218	8220	8239	8256
2018-10-25 Thu	3604	3656	7028	8000	8066	8078	8200	8213	8215	8222	8247	8254
2018-10-26 Fri	3603	3627	7016	7127	8024	8039	8059	8202	8209	8215	8235	8247	8249
2018-10-27 Sat	3641	7027	7028	8028	8243
2018-10-28 Sun	3645	3648	7116	7125	7127	7131
2018-10-29 Mon	3622	3638	3647	7028	8009	8019	8048	8066	8083	8208	8218	8238
2018-10-30 Tue	3645	3653	3655	7128	8000	8068	8212	8214	8228	8229	8237	8245
2018-10-31 Wed	3623	3631	3636	7025	8015	8047	8052	8057	8232	8234	8239	8257
2018-11-01 Thu	3622	3639	3654	7028	8020	8036	8048	8077	8081	8217	8236	8244
2018-11-02 Fri	3631	3637	3642	7137	8026	8036	8042	8049	8079	8211	8241
2018-11-03 Sat	3623	3628	3639	8081	8210
2018-11-04 Sun	3603	3623	3627	3644	3698	3699
2018-11-05 Mon	3601	3637	3653	7027	8012	8021	8034	8056	8071	8207	8218	8241
2018-11-06 Tue	3601	3602	3625	3643	8034	8072	8203	8213	8216	8224	8229	8231
2018-11-07 Wed	3641	7023	7125	7128	8009	8011	8072	8077	8206	8216	8222	8228	8235
2018-11-08 Thu	3640	3652	7019	7028	8002	8005	8062	8081	8207	8218	8252	8253
2018-11-09 Fri	3604	3621	3644	7136	8067	8070	8077	8204	8219	8233	8240	8244
2018-11-10 Sat	3601	3626	3636	8000	8028
2018-11-11 Sun	3601	3626	3636	3637	3640	3653
2018-11-12 Mon	3621	3628	3642	3652	7128	8003	8010	8020	8053	8057	8066	8215	8226	8259
2018-11-13 Tue	3603	3633	3639	7016	8000	8012	8043	8050	8053	8081	8222	8240	8244
2018-11-14 Wed	3633	3642	3647	7023	8004	8035	8071	8200	8207	8209	8228	8247
2018-11-15 Thu	3628	3634	3640	7125	8009	8026	8049	8074	8202	8229	8250	8254
2018-11-16 Fri	3621	3633	3650	7019	8000	8001	8065	8070	8077	8201	8246	8256
2018-11-17 Sat	3628	3649	3653	8008	8010
2018-11-18 Sun	3641	3642	3648	3655	7129	7132
2018-11-19 Mon	3641	3649	7027	7116	8019	8023	8037	8215	8218	8229	8239	8249
2018-11-20 Tue	3601	3625	7028	7129	8024	8028	8055	8059	8069	8215	8223	8235	8247
2018-11-21 Wed	3600	3647	3656	7101	8021	8052	8060	8221	8232	8238	8242	8257
2018-11-22 Thu	3623	3653	7025	7027	7133	7135
2018-11-23 Fri	3642	3651	3698	7131	8005	8044	8203	8214	8220	8236	8247	8259
2018-11-24 Sat	3628	3635	3636	8200	8233
2018-11-25 Sun	3601	3621	3627	3628	3642	3653
2018-11-26 Mon	3601	3631	3640	7137	8006	8037	8048	8080	8205	8222	8252	8254
2018-11-27 Tue	3649	3651	3698	7137	8000	8013	8038	8040	8071	8201	8204	8223
2018-11-28 Wed	3634	3636	3641	7116	8020	8031	8060	8066	8209	8218	8230	8248
2018-11-29 Thu	3624	3655	7113	7128	7137	8009	8040	8065	8075	8083	8208	8216	8227	8240
2018-11-30 Fri	3623	3627	3644	3649	8011	8040	8049	8078	8202	8211	8228	8236
2018-12-01 Sat	3624	3639	3699	8204	8224
2018-12-02 Sun	3601	3604	3623	3624	3653	3656
2018-12-03 Mon	3623	3637	3699	7134	8003	8005	8046	8053	8076	8201	8223	8248
2018-12-04 Tue	3601	3641	3652	7133	8000	8002	8009	8053	8216	8232	8248	8249	8251
2018-12-05 Wed	3602	3603	3646	7133	8051	8063	8201	8213	8221	8227	8228	8258
2018-12-06 Thu	3625	3633	3640	7130	8047	8048	8055	8058	8065	8077	8084	8233
2018-12-07 Fri	3624	3632	3645	7018	8039	8047	8054	8064	8071	8218	8232	8235
2018-12-08 Sat	3641	3646	3650	8227	8258
2018-12-09 Sun	3627	3640	3656	7019	7102	7134	7135
2018-12-10 Mon	3604	3621	3638	7101	8004	8023	8028	8067	8074	8238	8240	8250
2018-12-11 Tue	3632	3644	3650	7113	8008	8014	8039	8053	8077	8215	8249	8259
2018-12-12 Wed	3601	3645	3652	7018	8002	8026	8034	8043	8048	8217	8230	8233	8244
2018-12-13 Thu	3602	3639	3641	7016	8014	8060	8061	8080	8083	8202	8208	8252
2018-12-14 Fri	3641	3643	3651	7018	8019	8025	8042	8078	8211	8234	8235	8248
2018-12-15 Sat	3603	3643	7102	7133	8064	8253
2018-12-16 Sun	3603	3643	7012	7017	7116	7137
2018-12-17 Mon	3632	3633	3654	7113	8013	8039	8048	8050	8068	8083	8218	8234	8252
2018-12-18 Tue	3602	3652	3655	7113	8001	8018	8025	8042	8044	8059	8215	8252
2018-12-19 Wed	3600	3627	3656	7135	8041	8046	8048	8082	8230	8247	8255	8258
2018-12-20 Thu	3603	3641	3655	7135	8001	8008	8022	8058	8060	8079	8205	8218	8253
2018-12-21 Fri	3600	3628	3655	7023	8005	8007	8019	8046	8052	8054	8073	8251
2018-12-22 Sat	3600	3602	3654	8032	8080
2018-12-23 Sun	3604	3621	3624	3628	3632	3648	3655
2018-12-24 Mon	3624	3652	3655	7130	8021	8027	8040	8204	8209	8216	8222	8225
2018-12-25 Tue	3624	3635	3638	3656	7019	7101
2018-12-26 Wed	3652	3655	3656	7128	8010	8017	8207	8208	8210	8213	8222	8229
2018-12-27 Thu	3627	3640	3645	7018	8000	8035	8071	8079	8219	8222	8238	8250	8255
2018-12-28 Fri	3624	3637	3656	7018	8064	8077	8217	8234	8242	8249	8254	8257
2018-12-29 Sat	3625	3636	7027	8049	8212
2018-12-30 Sun	3600	3602	3621	3625	3648	3649
2018-12-31 Mon	3622	3623	3626	7113	8009	8025	8065	8077	8079	8212	8218	8220	8221
2019-01-01 Tue	3631	3635	3649	3656	7018	7130
2019-01-02 Wed	3602	3634	3641	7128	8006	8015	8025	8034	8071	8084	8219	8238
2019-01-03 Thu	3624	3653	7025	8030	8066	8203	8216	8238	8244	8248	8249
2019-01-04 Fri	3631	3642	3643	7018	7102	8009	8014	8040	8041	8050	8227	8235	8240
2019-01-05 Sat	3628	3641	3652	8000	8038
2019-01-06 Sun	7019	7025	7027	7101	7129	7130	7135
2019-01-07 Mon	3634	3637	3656	7102	8002	8004	8005	8009	8064	8072	8212	8223
2019-01-08 Tue	3636	3640	3648	3656	7023	8031	8036	8044	8202	8221	8234	8252	8255
2019-01-09 Wed	3634	3638	3647	7129	8026	8028	8033	8060	8073	8081	8222	8255
2019-01-10 Thu	3641	3650	3651	7137	8016	8034	8048	8057	8079	8200	8239	8262
2019-01-11 Fri	3624	3650	3651	7023	8019	8020	8023	8050	8065	8214	8250	8262
2019-01-12 Sat	3604	3656	7027	8223	8290
2019-01-13 Sun	3603	3604	3628	3647	3656	7027	7113
2019-01-14 Mon	3627	3640	3642	7019	8049	8054	8059	8075	8224	8226	8234	8245
