2018-09-17 Mon	3259	3260	3275	3383	3392	3519	7203	7211	7215	7221	7225	7226	7229	7234	7236	7238	7239	7248	7249	7251	7253
2018-09-18 Tue	3259	3302	3321	3333	3340	3357	3392	3421	3430	3519	3530	3534	3724	7205	7213	7214	7215	7216	7224	7225	7227	7228	7231	7237	7240	7247	7252	7253	7254	7258
2018-09-19 Wed	3260	3316	3333	3337	3340	3357	3397	3426	3485	3500	3508	3514	3531	7204	7205	7212	7215	7217	7220	7227	7229	7235	7238	7239	7241	7244	7248	7250	7253	7254
2018-09-20 Thu	3220	3321	3337	3430	3449	3514	3516	3534	3560	3705	7206	7209	7214	7218	7219	7221	7224	7225	7227	7230	7231	7234	7236	7239	7241	7244	7245	7248	7251	7254	7256
2018-09-21 Fri	3220	3275	3316	3333	3340	3357	3397	3421	3430	3485	3516	3519	3560	3724	7202	7208	7209	7210	7212	7213	7219	7220	7222	7226	7234	7239	7242	7245	7247	7250	7259
2018-09-24 Mon	3302	3316	3321	3337	3340	3426	3485	3514	3516	3560	3704	3706	3719	3724	7203	7206	7208	7216	7217	7223	7224	7225	7226	7228	7230	7240	7248	7251	7252	7253	7254	7255	7256	7257
2018-09-25 Tue	1113	1169	3220	3260	3275	3302	3333	3426	3514	3560	3706	3718	7202	7206	7207	7212	7220	7225	7227	7228	7231	7235	7239	7241	7242	7244	7246	7247	7251	7252	7256	7303	7305
2018-09-26 Wed	1108	1169	3260	3275	3302	3316	3357	3426	3430	3514	3531	3560	3704	3719	7205	7206	7208	7210	7219	7221	7226	7227	7228	7236	7237	7242	7247	7249	7250	7256	7258	7259
2018-09-27 Thu	1120	3220	3259	3260	3302	3321	3333	3337	3357	3430	3508	3530	3560	3717	3719	7210	7211	7213	7214	7219	7221	7224	7227	7228	7236	7240	7241	7247	7249	7253	7254	7256	7259	7302
2018-09-28 Fri	1103	1125	3316	3333	3383	3392	3397	3421	3426	3430	3508	3519	3531	3541	7204	7205	7206	7213	7215	7221	7222	7223	7224	7229	7232	7236	7240	7246	7247	7251	7257	7259
2018-09-29 Sat	7209	7215	7216	7217	7235	7246	7256
2018-09-30 Sun	7224	7235	7236	7242	7251	7255	7259
2018-10-01 Mon	1160	1168	3260	3333	3340	3421	3426	3430	3486	3514	3519	3531	3541	3560	3703	3705	3716	7200	7205	7209	7215	7216	7217	7221	7223	7226	7230	7232	7233	7238	7245	7246	7250	7258
2018-10-02 Tue	1105	1138	1139	3275	3316	3321	3383	3397	3426	3430	3500	3508	3706	3724	7208	7209	7213	7215	7217	7221	7225	7232	7234	7235	7239	7241	7242	7250	7251	7252	7257	7259	7305
2018-10-03 Wed	1117	1156	3259	3316	3333	3397	3530	3704	3723	3724	7206	7207	7212	7216	7217	7221	7223	7224	7227	7236	7237	7242	7244	7249	7251	7255	7304
