2018-09-17 Mon	3337	3449	3514
2018-09-18 Tue	3333	3486	3508	3519	3541	7223	7235	7252
2018-09-19 Wed	3302	3316	3337	3383	3514	3534	3541	7229
2018-09-20 Thu	3259	3302	3316	3333	3486	7218	7227
2018-09-21 Fri	3333	3337	3357	3383	3486	3531	7207
2018-09-24 Mon	3302	3316	3321	3357	3383	3514	3560	3724	7203	7210	7217	7223
2018-09-25 Tue	3275	3321	3392	3430	3516	3541	3560	3717	7206	7216	7236	7256
2018-09-26 Wed	3302	3321	3340	3421	3486	3516	3531	3718	7206	7231	7256	7305
2018-09-27 Thu	3316	3357	3486	3519	3530	3724	7210	7215	7217	7256
2018-09-28 Fri	3340	3357	3383	3421	3541	3719	7239	7244	7246
2018-10-01 Mon	3260	3316	3321	3357	3421	3486	3500	3519	3541	3717	7216	7222
2018-10-02 Tue	3316	3333	3337	3392	3421	3430	3486	3516	3704	7217	7246	7251
2018-10-03 Wed	3321	3337	3383	3392	3430	3519	3724	7242
2018-10-04 Thu	3259	3316	3321	3340	3383	3392	3534	3717	7217	7223	7242
2018-10-05 Fri	3259	3321	3421	3486	3500	3516	3519	3706	7202	7220	7302	7307
2018-10-08 Mon	3259	3316	3333	3357	3421	3534	7205	7214	7216	7305
2018-10-09 Tue	3220	3302	3333	3357	3430	3449	3530	3586	7205	7214	7251
2018-10-10 Wed	3220	3259	3302	3421	3430	3485	3705	7237	7245	7308
2018-10-11 Thu	3259	3260	3316	3357	3392	3485	3514	3717	7206	7208	7237	7248
2018-10-12 Fri	3259	3302	3321	3333	3337	3357	3421	3485	3716	7206	7250	7311
2018-10-15 Mon	3302	3316	3383	3485	3500	3516	3723	7213	7231	7244	7304	7308
2018-10-16 Tue	3259	3392	3426	3500	3706	3724	7229	7253	7254	7304	7307	7314
2018-10-17 Wed	3259	3316	3397	3421	3430	3508	3717	7205	7238	7246
2018-10-18 Thu	3316	3333	3397	3430	3485	3486	3716	7218	7234	7249	7259
2018-10-19 Fri	3316	3357	3426	3430	3449	3486	3516	3703	7219	7240	7249	7314
2018-10-22 Mon	1135	3259	3316	3321	3421	3426	3430	7202	7204	7221	7302
2018-10-23 Tue	1156	3316	3321	3337	3430	3500	7222	7227	7240	7248	7314
2018-10-24 Wed	1129	3259	3321	3449	7239	7251	7253	7304	7314
2018-10-25 Thu	1156	3260	3321	3383	3397	3426	7229	7233	7241	7243
2018-10-26 Fri	1160	3259	3321	3333	3383	3516	7204	7215	7231	7232	7304	7314
2018-10-29 Mon	1103	3302	3337	3421	3486	3516	7230	7247	7305	7314
2018-10-30 Tue	1116	3397	3485	3514	3516	7204	7210	7232	7255	7304	7314
2018-10-31 Wed	1129	3316	3337	3392	3426	3519	3541	7208	7211	7251	7310
2018-11-01 Thu	1192	3333	3421	3516	3534	7222	7237	7252	7304
2018-11-02 Fri	1104	3333	3383	3486	3516	3534	7224	7229	7305	7312
2018-11-05 Mon	1156	3333	3392	3426	3485	3486	3508	3514	7207	7305	7314
2018-11-06 Tue	3449	3486	3514	3534	3541	7209	7230	7243	7301	7314
2018-11-07 Wed	1113	3260	3321	3337	3560	7207	7212	7216	7247	7306	7314
2018-11-08 Thu	1113	3260	3321	3397	3430	3534	7223	7240	7314
2018-11-09 Fri	1113	3321	3357	3486	3560	7230	7231	7237	7307	7308
2018-11-12 Mon	3333	3337	3449	3508	3560	7204	7304
2018-11-13 Tue	1154	3259	3397	3486	3500	3508	3541	7200	7203	7219	7243	7251
2018-11-14 Wed	1105	3357	3485	3508	3718	7219	7233	7235	7251	7311	7317
2018-11-15 Thu	1154	3333	3337	3357	3486	3534	3560	7239	7302	7310	7318
2018-11-16 Fri	1142	3259	3333	3392	3397	3430	3534	7209	7238	7252	7303
2018-11-19 Mon	1114	3259	3357	3392	3485	3534	3541	7200	7218	7219
2018-11-20 Tue	1114	3430	3449	3485	3541	7218	7236	7237	7250	7301	7309
2018-11-21 Wed	1113	3260	3333	3392	3485	3534	7204	7218	7219	7314	7315	7316
2018-11-23 Fri	3260	3333	3392	3485	7254	7308
2018-11-26 Mon	1117	3333	3397	3500	3508	3534	7200	7203	7248	7259	7307
2018-11-27 Tue	3302	3333	3383	3397	3486	3519	7203	7204	7220	7238	7239	7307
2018-11-28 Wed	1117	3302	3321	3508	7204	7216	7217	7227	7231	7245	7303
2018-11-29 Thu	3333	3519	3534	3541	7215	7221	7232	7235	7302	7309
2018-11-30 Fri	1133	3302	3337	3397	3421	3508	3560	7236	7237	7309	7318
2018-12-03 Mon	3302	3486	3500	3508	3534	7201	7226	7237	7253	7256
2018-12-04 Tue	1156	1168	3337	3397	3449	3508	7202	7204	7220	7226	7302	7310
2018-12-05 Wed	1118	3260	3383	3392	3449	3541	7202	7215	7235	7258	7315
2018-12-06 Thu	1113	3260	3333	3392	3449	3500	7202	7256	7301	7304	7315
2018-12-07 Fri	1122	3302	3383	3392	3449	3541	7210	7214	7308	7317	7322
2018-12-10 Mon	1103	3302	3333	3337	3421	3519	3534	7201	7204	7259	7308	7320
2018-12-11 Tue	1116	3260	3302	3321	3421	3486	3500	3541	7221	7239	7242	7243
2018-12-12 Wed	1103	3260	3392	3421	3500	7223	7226	7229	7247	7303	7307
2018-12-13 Thu	3302	3321	3337	3383	3397	3430	3485	7240	7246	7259	7303
2018-12-14 Fri	1168	3333	3337	3392	3397	3486	3560	7200	7211	7303	7310
2018-12-17 Mon	3333	3383	3421	3430	3486	3508	3534	7219
2018-12-18 Tue	3302	3321	3333	3430	3500	3541	7207
2018-12-19 Wed	3302	3321	3383	3421	3500	7303	7306
2018-12-20 Thu	3302	3337	3383	3449	3560	7236	7320
2018-12-21 Fri	3302	3333	3421	3430	3560	7253	7313	7319
2018-12-24 Mon	3321	3337	3430	3508	3534	7222	7403
2018-12-26 Wed	3333	3392	3449	3500	3534	7214	7402	7403
2018-12-27 Thu	3337	3421	3534	3560	7237	7403
2018-12-28 Fri	3260	3337	3397	3449	3508	3541	7232
2018-12-31 Mon	3321	3337	3430	3500	3541	3560	7257
2019-01-02 Wed	1114	3333	3430	3449	3541	7200	7218	7240	7257	7302	7305	7320
2019-01-03 Thu	1105	3321	7206	7213	7223	7236	7249	7304	7305	7324
2019-01-04 Fri	1105	3302	3337	3534	3560	7201	7203	7204	7213	7307	7314
2019-01-07 Mon	1187	3421	3430	7200	7202	7209	7218	7228	7234	7254	7305
2019-01-08 Tue	1169	3260	3333	7202	7204	7239	7244	7247	7254	7302	7310	7401
2019-01-09 Wed	3337	3392	3534	7206	7209	7240	7247	7258	7305	7311	7316
2019-01-10 Thu	1135	3333	3421	3430	7201	7202	7215	7244	7255	7258	7259	7315
2019-01-11 Fri	1135	3260	3397	3430	3449	7203	7205	7208	7255	7313	7315	7320
2019-01-14 Mon	1105	3383	3430	3449	7209	7211	7215	7226	7227	7245	7247
