2018-09-17 Mon	3626	3656	8007	8009	8032	8036	8042	8052	8059	8062	8065	8068	8083	8200	8205	8206	8228	8229	8232	8247	8255
2018-09-18 Tue	3600	3602	3633	3648	3652	3697	7131	8000	8004	8007	8012	8014	8018	8021	8025	8026	8031	8036	8045	8049	8055	8058	8060	8062	8071	8077	8084	8200	8203	8205	8209	8214	8215	8228	8231	8234	8236	8240	8241	8244
2018-09-19 Wed	3622	3627	3650	3655	3699	7130	7135	8010	8011	8013	8020	8024	8032	8033	8040	8041	8042	8043	8055	8061	8063	8064	8077	8201	8202	8207	8208	8211	8218	8221	8222	8225	8227	8229	8230	8232	8235	8243	8250	8256	8257
2018-09-20 Thu	3621	3633	3649	3655	7012	7018	7127	8007	8008	8009	8010	8012	8015	8025	8032	8036	8037	8042	8043	8045	8052	8062	8065	8072	8073	8077	8079	8083	8206	8210	8212	8217	8224	8225	8232	8235	8244	8246
2018-09-21 Fri	3626	3634	3636	3648	3656	3697	7112	7132	8000	8002	8004	8013	8015	8020	8024	8038	8042	8052	8057	8066	8069	8075	8076	8079	8217	8221	8222	8225	8228	8230	8238	8240	8242	8244	8246	8247	8248	8257	8258
2018-09-24 Mon	3600	3626	3650	8011	8017	8021	8025	8031	8038	8053	8058	8061	8062	8064	8078	8201	8219	8221	8229	8236	8242	8244	8246
2018-09-25 Tue	3601	3634	3636	3640	3641	3648	3649	3653	3654	3656	8001	8016	8017	8020	8025	8027	8033	8034	8037	8038	8044	8052	8061	8065	8067	8072	8073	8077	8081	8200	8204	8210	8221	8222	8224	8231	8232	8234	8239	8242	8251	8258
2018-09-26 Wed	3601	3604	3622	3637	3639	3640	3643	3646	3652	7127	8001	8006	8014	8017	8032	8035	8036	8064	8065	8070	8071	8072	8074	8075	8076	8077	8080	8083	8201	8208	8210	8214	8215	8217	8224	8227	8229	8236	8237	8243	8248	8257
2018-09-27 Thu	3601	3624	3627	3646	3651	3652	3656	3698	3699	7125	7127	8006	8020	8031	8032	8036	8038	8044	8047	8048	8050	8052	8057	8058	8064	8071	8074	8078	8080	8084	8207	8209	8216	8217	8218	8228	8237	8240	8241	8247	8249	8251
2018-09-28 Fri	3624	3638	3640	3641	3642	3651	3655	3699	7135	8000	8007	8009	8011	8013	8021	8023	8029	8037	8045	8071	8077	8081	8201	8208	8214	8231	8236	8238	8245	8248	8249	8252	8258
2018-09-29 Sat	8011	8014	8022	8025	8036	8063	8068	8072	8081	8200	8203	8206	8217	8235	8250	8256	8258
2018-09-30 Sun	7027	8002	8005	8011	8022	8023	8025	8034	8037	8042	8044	8060	8084	8202	8250
2018-10-01 Mon	3600	3601	3603	3622	3631	3641	3650	3653	3654	3656	7127	8012	8014	8017	8029	8034	8037	8038	8047	8049	8056	8061	8065	8067	8070	8077	8078	8081	8084	8205	8211	8212	8215	8224	8230	8236	8238	8242	8245	8248	8249
2018-10-02 Tue	3602	3625	3631	3640	3643	3646	3650	3697	7102	7127	7129	8007	8008	8011	8022	8024	8031	8033	8038	8043	8047	8055	8058	8060	8066	8067	8072	8074	8079	8080	8084	8204	8210	8212	8215	8229	8230	8240	8243	8249	8251
2018-10-03 Wed	3641	3655	7028	8007	8009	8032	8047	8066	8201	8202	8204	8205	8214	8225	8229	8231	8237	8238	8241	8243	8248	8251	8252	8256
