2018-09-17 Mon	3622	3641	8014	8040	8048	8073	8234	8250
2018-09-18 Tue	3650	3656	3697	8010	8034	8048	8081	8213	8224	8226	8238	8243
2018-09-19 Wed	3602	3699	7012	8004	8027	8042	8046	8055	8056	8060	8224	8232	8253
2018-09-20 Thu	3631	3655	8000	8014	8031	8037	8042	8053	8055	8070	8076	8084	8245
2018-09-21 Fri	3601	3622	3636	8009	8011	8025	8027	8044	8052	8053	8207	8213	8215	8217
2018-09-24 Mon	3637	3652	7012	7025	8053	8069	8231	8249	8252
2018-09-25 Tue	3600	3603	3604	3639	3655	7025	7133	8012	8033	8034	8061	8069	8238
2018-09-26 Wed	3641	3653	3698	7025	7028	7127	8007	8011	8020	8032	8038	8056	8200
2018-09-27 Thu	3638	3644	7027	7135	7136	8000	8050	8057	8066	8072	8222	8226	8228	8250
2018-09-28 Fri	3603	3650	3656	7018	7130	8025	8032	8040	8043	8201	8207	8218	8224	8238
2018-10-01 Mon	3640	3649	7027	7128	7130	8023	8042	8055	8080	8202	8207	8236	8241
2018-10-02 Tue	3633	3644	3645	8004	8006	8032	8056	8077	8079	8084	8226	8236
2018-10-03 Wed	3631	3653	7128	7132	8005	8053	8057	8076
2018-10-04 Thu	3603	3633	3656	7016	7018	8002	8012	8035	8077	8080	8204	8228	8243	8255
2018-10-05 Fri	3628	3634	7028	8007	8062	8066	8076	8224	8229	8236	8243	8253	8255
2018-10-08 Mon	3601	3632	3649	7136	8004	8006	8037	8066	8202	8212	8232	8240	8242	8249
2018-10-09 Tue	3625	3644	3654	7019	7136	8032	8043	8047	8056	8060	8071	8074	8239	8245
2018-10-10 Wed	3632	3656	7017	7113	8023	8036	8048	8200	8202	8223	8225	8226	8227	8245
2018-10-11 Thu	3628	3644	3698	7018	8010	8033	8043	8063	8071	8200	8222	8224	8230	8253
2018-10-12 Fri	3603	3625	3637	3641	7012	7017	8047	8050	8052	8056	8064	8213	8239
2018-10-15 Mon	3600	3602	3626	7128	8011	8016	8042	8055	8076	8077	8213	8230	8253	8257
2018-10-16 Tue	3625	3643	7133	8014	8049	8206	8207	8212	8227	8231	8241	8250	8258
2018-10-17 Wed	3632	3642	7025	8008	8028	8042	8047	8057	8067	8079	8210	8222	8231	8240
2018-10-18 Thu	3601	8003	8014	8020	8073	8203	8205	8218	8223	8229	8239	8247	8253
2018-10-19 Fri	2721	3634	3644	3649	8003	8005	8032	8035	8042	8059	8076	8204	8206	8244
2018-10-22 Mon	3602	3635	3650	8010	8028	8039	8066	8080	8082	8203	8207	8232	8254
2018-10-23 Tue	3631	3643	3653	7127	8023	8034	8048	8076	8079	8203	8219	8242	8257
2018-10-24 Wed	3626	3638	3642	8038	8059	8082	8083	8084	8203	8215	8227	8232	8240
2018-10-25 Thu	3626	3637	3650	7116	7137	8009	8015	8017	8064	8067	8069	8211	8216	8232
2018-10-26 Fri	3624	3636	3651	7012	8000	8003	8004	8014	8019	8022	8043	8049	8057	8259
2018-10-29 Mon	3603	3623	3624	8013	8014	8016	8020	8035	8057	8078	8201	8204	8217	8224
2018-10-30 Tue	3626	3647	3648	8013	8016	8023	8053	8062	8067	8079	8202	8217	8248
2018-10-31 Wed	3634	3637	7016	8005	8044	8071	8079	8082	8206	8207	8217	8226
2018-11-01 Thu	3621	3624	3648	8006	8010	8024	8043	8074	8219	8224	8226	8253	8256
2018-11-02 Fri	3627	3632	3650	8001	8012	8017	8023	8057	8058	8071	8077	8216	8250	8256
2018-11-05 Mon	3634	3640	7012	8043	8053	8055	8058	8069	8070	8081	8210	8222	8245	8256
2018-11-06 Tue	3621	3623	3637	8005	8008	8013	8024	8044	8063	8212	8237	8249	8254
2018-11-07 Wed	3603	3621	7025	8002	8003	8015	8020	8052	8080	8213	8225	8226	8241
2018-11-08 Thu	3636	3643	7018	8058	8070	8200	8204	8206	8209	8214	8215	8219	8231	8252
2018-11-09 Fri	3628	3635	7018	8002	8008	8019	8021	8022	8044	8049	8075	8209	8223	8237
2018-11-12 Mon	3623	3647	3652	7017	7113	8001	8020	8026	8037	8039	8211	8238	8239	8249
2018-11-13 Tue	3601	3631	3651	8012	8023	8033	8047	8061	8064	8069	8075	8211	8226	8234
2018-11-14 Wed	3635	3651	3653	8011	8033	8042	8052	8081	8211	8217	8225	8232	8236	8246
2018-11-15 Thu	3635	3641	3647	7132	8029	8047	8054	8065	8070	8083	8204	8211	8243
2018-11-16 Fri	3602	3603	3628	3644	8010	8025	8049	8054	8066	8068	8080	8206	8225	8234	8240
2018-11-19 Mon	3622	3698	8000	8005	8006	8008	8029	8072	8076	8079	8080	8200	8214	8243
2018-11-20 Tue	2787	3641	3644	7027	8006	8011	8012	8032	8063	8079	8211	8216	8250	8297
2018-11-21 Wed	3635	3642	7129	8023	8025	8042	8047	8058	8076	8084	8204	8258	8259
2018-11-23 Fri	3645	3652	7027	8015	8023	8060	8078	8084	8205	8216	8227	8234	8245	8255
2018-11-26 Mon	3633	3648	3656	7016	7128	8001	8004	8049	8054	8076	8203	8204	8240
2018-11-27 Tue	3601	3648	3656	8003	8004	8014	8021	8043	8060	8066	8202	8232
2018-11-28 Wed	3602	3644	3655	3698	7131	8025	8033	8037	8051	8068	8080	8234	8244	8257
2018-11-29 Thu	3623	3625	3645	3654	7125	8023	8027	8059	8061	8063	8084	8218	8219	8229
2018-11-30 Fri	3633	3634	7130	7136	8019	8022	8028	8033	8034	8035	8056	8244	8250
2018-12-03 Mon	3633	3636	3652	3655	8037	8055	8073	8080	8202	8208	8220	8242	8249
2018-12-04 Tue	3644	3650	7016	7127	8004	8020	8024	8065	8074	8081	8205	8231	8235	8250
2018-12-05 Wed	3644	3654	8020	8024	8029	8046	8069	8072	8074	8206	8218
2018-12-06 Thu	3601	3604	3627	3632	8000	8020	8031	8068	8206	8217	8218	8224	8235	8249
2018-12-07 Fri	3635	3698	7012	8010	8028	8057	8067	8211	8221	8229	8240	8243	8245	8249
2018-12-10 Mon	3603	3641	3644	8000	8003	8007	8029	8049	8062	8078	8080	8084	8230
2018-12-11 Tue	3635	3641	3642	8003	8029	8047	8054	8057	8062	8212	8213	8214	8227	8240
2018-12-12 Wed	3602	3633	3650	8009	8054	8059	8060	8083	8084	8207	8211	8219	8225	8237
2018-12-13 Thu	3621	3628	3647	7027	8011	8019	8020	8031	8032	8048	8053	8055	8062	8227
2018-12-14 Fri	3624	3648	3698	7017	8004	8020	8050	8207	8208	8209	8217	8220	8251	8257	8259
2018-12-17 Mon	3604	3639	3652	8031	8033	8065	8074	8201	8205	8209	8212	8214	8230
2018-12-18 Tue	3600	3624	7137	8010	8036	8041	8072	8203	8231	8236	8241	8244	8247
2018-12-19 Wed	3654	3698	7018	8015	8034	8047	8053	8058	8074	8217	8220	8234	8241	8248
2018-12-20 Thu	3604	3654	7027	8002	8007	8026	8034	8061	8071	8083	8220	8229	8245
2018-12-21 Fri	3648	3652	7135	8015	8031	8048	8080	8206	8220	8230	8235	8242	8248	8255
2018-12-24 Mon	3603	3604	3645	8013	8026	8035	8047	8060	8062	8206	8227	8228	8232	8245
2018-12-26 Wed	3604	3650	7102	8013	8048	8051	8062	8078	8218	8221	8228	8231	8240
2018-12-27 Thu	3636	3638	3644	8027	8031	8043	8052	8061	8064	8071	8082	8227	8243	8245
2018-12-28 Fri	3600	3648	3649	7127	8028	8029	8038	8058	8065	8220	8223	8224	8243	8251
2018-12-31 Mon	3603	3638	7019	8039	8054	8058	8063	8078	8079	8201	8203	8228	8258	8259
2019-01-02 Wed	3627	3650	7127	8011	8017	8033	8065	8075	8078	8080	8230	8234	8241	8245
2019-01-03 Thu	3631	3639	7136	8004	8021	8031	8059	8223	8228	8229	8247	8258	8259
2019-01-04 Fri	3602	3637	3651	3656	8007	8010	8015	8072	8075	8204	8212	8213	8215
2019-01-07 Mon	3600	3622	3650	8048	8057	8063	8072	8080	8205	8221	8245	8253	8255
2019-01-08 Tue	3600	3638	3650	3698	7127	7135	8009	8017	8052	8071	8072	8074	8257	8291
2019-01-09 Wed	3628	3652	3654	8011	8022	8044	8046	8064	8065	8068	8070	8084	8203	8262
2019-01-10 Thu	3643	3646	7016	8019	8031	8035	8061	8069	8077	8209	8222	8229	8253	8254
2019-01-11 Fri	3621	3637	3652	8002	8021	8025	8031	8054	8081	8203	8226	8228	8232	8235
2019-01-14 Mon	3604	3628	3654	8005	8007	8023	8041	8049	8055	8071	8221
