2018-09-17 Mon	4300	4320	4324	4338	4345	4352	4361	4365	4370	4377	4379	4386	4389	4393	4394	4400	4404	8068	8069
2018-09-18 Tue	4302	4305	4310	4316	4321	4328	4336	4337	4349	4359	4360	4363	4367	4369	4372	4374	4379	4385	4388	4393	4397	4398	4401	4405	4409	9400
2018-09-19 Wed	4303	4304	4305	4312	4317	4323	4324	4328	4331	4332	4344	4345	4358	4360	4361	4376	4377	4379	4390	4392	4397	4398	4403	4406
2018-09-20 Thu	4302	4304	4308	4311	4314	4323	4327	4328	4330	4331	4332	4347	4348	4353	4355	4358	4366	4370	4379	4380	4383	4388	4390	4398	4402	4408	8059
2018-09-21 Fri	4307	4308	4314	4321	4340	4345	4346	4349	4351	4352	4355	4357	4358	4370	4374	4382	4384	4386	4388	4391	4394	4400	4403	4405
2018-09-24 Mon	4302	4314	4322	4328	4336	4339	4340	4348	4349	4351	4353	4356	4357	4367	4369	4373	4376	4381	4388	4389	4399	4406	4409
2018-09-25 Tue	4307	4309	4311	4322	4323	4326	4336	4340	4341	4342	4345	4346	4356	4360	4362	4363	4364	4376	4380	4387	4393	4405	4408
2018-09-26 Wed	4304	4308	4317	4324	4326	4336	4340	4341	4345	4347	4351	4352	4353	4362	4366	4368	4373	4382	4385	4389	4392	4400	4405
2018-09-27 Thu	4304	4305	4308	4309	4322	4324	4326	4327	4329	4336	4346	4352	4353	4361	4371	4379	4380	4386	4388	4391	4393	4394	4400	4405	4408
2018-09-28 Fri	4301	4303	4311	4316	4320	4324	4327	4347	4353	4361	4365	4369	4372	4374	4380	4385	4386	4389	4392	4394	4404	4405	4408
2018-09-29 Sat	3635	3639	3643	3650	7025	7036	7101	7105	7113	7120	7124	7131	7133	7137
2018-09-30 Sun	3634	3635	3639	3643	3650	3656	4304	7037	7102	7113	7131
2018-10-01 Mon	4301	4304	4305	4323	4325	4329	4332	4339	4341	4346	4348	4349	4351	4352	4359	4362	4367	4377	4381	4390	4391	4396	4398	4399	4409
2018-10-02 Tue	4314	4319	4322	4323	4325	4327	4328	4332	4340	4357	4362	4364	4365	4368	4370	4372	4376	4380	4385	4386	4389	4403	4408
2018-10-03 Wed	4301	4307	4311	4317	4319	4325	4330	4331	4332	4333	4359	4364	4369	4375	4376	4382	4383	4386	4387	4390	4391	4394	4396	4405	8068
