2018-09-17 Mon	2657	2660	2733	2751	2760	2783	2795	6845	6850	6873	6922	6940
2018-09-18 Tue	2633	2666	2697	2730	2731	2742	2743	2747	2750	2751	2760	2795	3665	6831	6834	6837	6838	6839	6840	6841	6849	6850	6873	6900	6904	6934	6937
2018-09-19 Wed	2633	2656	2664	2666	2685	2686	2697	2730	2746	2747	2751	2759	2760	2796	3607	6819	6842	6849	6873	6877	6901	6909	6942	6945	6960	6962	6966
2018-09-20 Thu	2614	2619	2621	2633	2656	2697	2721	2730	2750	2751	2755	2759	3662	6822	6832	6838	6846	6849	6876	6895	6935	6936	6940	6944
2018-09-21 Fri	2658	2662	2686	2720	2721	2732	2744	2745	2750	2753	2774	2783	2795	3674	6823	6842	6844	6846	6847	6852	6873	6877	6901	6934	6937	6940	6962	7038
2018-09-24 Mon	2619	2622	2633	2657	2664	2687	2732	2744	3672	6820	6821	6824	6839	6846	6850	6851	6867	6897	6909	6914	6934	6936	6942	6961	6965
2018-09-25 Tue	2754	2774	2788	2795	3690	3736	6819	6822	6824	6831	6838	6839	6841	6850	6895	6900	6901	6903	6911	6913	6934	6937	6945	6961	6962
2018-09-26 Wed	2619	2657	2664	2687	2730	2743	2760	2774	3609	6831	6845	6846	6852	6867	6877	6887	6900	6902	6903	6909	6935	6941	6945	6964
2018-09-27 Thu	2656	2687	2730	2742	2743	2745	2795	3662	6835	6841	6844	6849	6851	6853	6867	6876	6888	6895	6898	6905	6909	6914	6962	6965
2018-09-28 Fri	2656	2658	2666	2697	2732	6820	6837	6840	6846	6850	6851	6875	6876	6888	6901	6904	6913	6941	6962	6966
2018-10-01 Mon	2664	2731	2742	2743	2744	2774	2788	3617	6821	6837	6839	6842	6850	6852	6854	6866	6873	6879	6897	6904	6936	6942	6964
2018-10-02 Tue	2622	2664	2666	2753	2758	2760	3667	3677	6819	6825	6826	6827	6832	6833	6835	6838	6852	6854	6875	6901	6912	6913	6914	6942	6946	6965
2018-10-03 Wed	2658	2686	2687	6834	6837	6839	6842	6845	6850	6888	6912	6961
