2018-09-17 Mon	3601	8015	8033	8043	8202	8221	8257
2018-09-18 Tue	3621	8002	8015	8033	8036	8038	8047	8066	8078	8206	8218	8226	8229	8237
2018-09-19 Wed	3652	8001	8006	8007	8009	8012	8025	8074	8077	8217	8223	8235	8240
2018-09-20 Thu	3636	3654	8002	8009	8016	8034	8074	8076	8084	8218	8219	8232	8234
2018-09-21 Fri	3647	7018	8031	8041	8042	8053	8059	8061	8067	8214	8234	8236	8238	8246
2018-09-24 Mon	3601	8004	8048	8071	8075	8210	8211	8239
2018-09-25 Tue	3628	8010	8017	8026	8044	8048	8058	8071	8080	8221	8247	8257	8258
2018-09-26 Wed	3645	8003	8008	8009	8017	8048	8062	8063	8225	8244	8246	8251	8258
2018-09-27 Thu	3601	8000	8010	8040	8041	8045	8056	8060	8064	8069	8080	8214	8231	8250
2018-09-28 Fri	3623	8000	8003	8049	8055	8057	8080	8212	8217	8224	8226	8230	8241	8256
2018-10-01 Mon	3633	8006	8012	8021	8037	8058	8079	8201	8202	8223	8230	8232	8240	8258
2018-10-02 Tue	3603	8005	8017	8029	8042	8049	8060	8205	8215	8225	8231	8235	8241	8242
2018-10-03 Wed	8012	8013	8016	8038	8049	8083	8236	8244
