2018-09-17 Mon	2682	2732	3686	6935
2018-09-18 Tue	2666	2685	2759	2783	3612	3682	6836	6875
2018-09-19 Wed	2619	2662	2753	2774	3606	3662	6853	6908
2018-09-20 Thu	2660	2685	2744	3615	3659	6823	6847	6879
2018-09-21 Fri	2657	2660	2687	2697	2728	3613	6837
2018-09-24 Mon	2743	2759	2760	3606	3668	6852	6875	6944
2018-09-25 Tue	2621	2730	2751	3606	3613	6844	6846	6847
2018-09-26 Wed	2658	2745	2750	3662	3664	6833	6934	6961
2018-09-27 Thu	2697	3620	3692	6838	6879	6908
2018-09-28 Fri	2687	3659	6845	6847	6888	6916
2018-10-01 Mon	2682	2759	3607	3612	3725	6873	6912
2018-10-02 Tue	2657	2662	3673	3674	6840	6895	6905	6940
2018-10-03 Wed	2730	2732	3674	6946
2018-10-04 Thu	2619	2662	2756	3669	3681	6828	6833	6900
2018-10-05 Fri	2744	2751	2760	2782	3617	3664	6854	6887
2018-10-08 Mon	2666	2760	3670	3684	6820	6851	6904	6945
2018-10-09 Tue	2697	2730	3608	3676	6873	6875	6922	6940
2018-10-10 Wed	2660	2664	2760	3611	3740	6904	6913	6914
2018-10-11 Thu	2658	2750	2758	3673	3696	3740	6910
2018-10-12 Fri	2658	2753	3665	3685	6819	6835	6897	6908
2018-10-15 Mon	2745	2760	2783	3620	3678	6821	6844	6866
2018-10-16 Tue	2622	2633	2662	3676	6822	6845
2018-10-17 Wed	2666	2685	2750	3659	3671	6848	6873
2018-10-18 Thu	2730	2742	3669	3679	6820	6828	6876	6941
2018-10-19 Fri	2732	2758	2759	3663	3676	3685	6834	6845
2018-10-22 Mon	2622	2623	2657	2756	3607	3661	3692	6945
2018-10-23 Tue	2621	2742	2760	3607	3618	6822	6850	6887
2018-10-24 Wed	2633	2750	2755	3619	3692	6822	6835	6941
2018-10-25 Thu	2660	3605	3670	6822	6895	6916	6936	6961
2018-10-26 Fri	2623	2657	2730	2756	3691	6851	6963	6965
2018-10-29 Mon	2732	2756	2757	3619	3664	6904	6945	6946
2018-10-30 Tue	2682	2788	3608	3609	6833	6879	6915	6943
2018-10-31 Wed	2619	2745	2782	3672	3682	6867	6903	6912
2018-11-01 Thu	2662	2730	2754	3619	3662	6834	6965
2018-11-02 Fri	2730	2751	3609	3618	6838	6867	6901	6935
2018-11-05 Mon	2619	2788	3610	3668	6834	6836	6940
2018-11-06 Tue	2759	2777	3630	3657	6820	6822	6908	6920
2018-11-07 Wed	2730	2732	2756	3675	3677	6842	6848	6851
2018-11-08 Thu	2659	2757	2796	3616	3617	6826	6847	6916
2018-11-09 Fri	2733	2742	3619	3697	6843	6845	6854	6873	6906
2018-11-13 Tue	2623	3630	3657	6822	6823	6846
2018-11-14 Wed	2682	2732	2774	3681	3689	6821	6822
2018-11-15 Thu	2633	2731	2755	3657	3685	6936	7160
2018-11-16 Fri	2657	2664	2751	3619	3629	6820	6851	6961
2018-11-19 Mon	2744	2753	2788	3605	3620	3630	6841	6915
2018-11-20 Tue	2664	2751	2756	3608	3664	6836	6900	6964
2018-11-21 Wed	2657	2662	2731	3609	3664	6845	6916	6943
