2018-09-17 Mon	2633	3664	6847
2018-09-18 Tue	2753	3613	6898	6904	6909	6935
2018-09-19 Wed	2621	2695	2697	2796	3694	6934
2018-09-20 Thu	2664	2666	2777	2783	3639	6900
2018-09-21 Fri	2747	3644	6819	6842	6845	6904
2018-09-24 Mon	3631	3648	7133
2018-09-25 Tue	3601	3621	3622	3626	7132	7135
2018-09-26 Wed	3644	3646	3656	3697	7027	7113
2018-09-27 Thu	3628	3635	3641	3652	3654	7131
2018-09-28 Fri	3627	3633	3637	3654	7012
2018-10-01 Mon	3604	3622	3628	3638	3648	8215
2018-10-02 Tue	3622	3635	3640	3646	3651	7131
2018-10-03 Wed	3600	7018	7102
