2018-09-17 Mon	2619	2777	3617	6835
2018-09-18 Tue	2743	2747	2756	3630	6895	6906	6908	6941
2018-09-19 Wed	2720	2745	2758	3664	6835	6844	6853	6906
2018-09-20 Thu	2682	2721	2796	3614	3693	6844	6888	6901
2018-09-21 Fri	2730	2753	3666	6819	6831	6854	6901	6946
2018-09-24 Mon	2691	2738	2763	2767
2018-09-25 Tue	2606	2613	2674	2681	2683	2761	7160
2018-09-26 Wed	2631	2639	2731	2735	2739	2771	2800	7032
2018-09-27 Thu	2637	2648	2671	2702	2776	2789	2806	7120
2018-09-28 Fri	2639	2672	2707	2764	2801	2802	7088
2018-10-01 Mon	2614	2642	2644	2668	2683	2684	2707	7029
2018-10-02 Tue	2612	2618	2637	2645	2763	2770	2789	7039
2018-10-03 Wed	2639	2701	2735	7029
