2018-09-17 Mon	3607	3657	3660	3675	3681	3682	3684	3693	6888
2018-09-18 Tue	2656	3605	3611	3612	3614	3615	3617	3639	3642	3658	3660	3670	3675	3686	3689	3690	3694	3696	6837	6945
2018-09-19 Wed	2656	3605	3606	3609	3617	3658	3659	3666	3672	3673	3676	3681	3684	3689	3690	3691	3695	6839	6897	6945
2018-09-20 Thu	3605	3612	3619	3630	3645	3659	3660	3661	3663	3665	3670	3672	3678	3679	3694	3695	6833	6849	6850
2018-09-21 Fri	2745	3609	3611	3613	3616	3619	3620	3638	3640	3645	3646	3664	3671	3678	3686	3687	3690	3693	6853	6909
2018-09-22 Sat	3613	3615	3630	3672	3683	3691
2018-09-24 Mon	2621	2744	2759	3607	3613	3615	3616	3618	3659	3667	3668	3675	3676	3678	3680	3684	3686	3691	3692	3694	6875
2018-09-25 Tue	2621	2686	2754	3606	3608	3611	3612	3613	3614	3615	3620	3663	3664	3666	3668	3673	3678	3680	3683	3684	3685	3691
2018-09-26 Wed	2750	3607	3611	3616	3620	3662	3664	3665	3668	3669	3674	3675	3677	3678	3684	3692	3693	3694	3696	6945	6962
2018-09-27 Thu	2686	3605	3607	3610	3611	3615	3616	3620	3657	3663	3666	3673	3675	3676	3677	3686	3691	3696	3744	6833	6838	6909
2018-09-28 Fri	2686	2795	3609	3610	3658	3660	3663	3666	3669	3670	3680	3683	3685	3687	3692	3695	3696	6913
2018-09-29 Sat	3608	3616	3620	3657	3665	3677
2018-10-01 Mon	2682	2760	3606	3607	3608	3611	3615	3616	3657	3658	3660	3661	3667	3670	3673	3677	3683	3687	3692	3695	3741	6839
2018-10-02 Tue	2662	3606	3607	3612	3613	3659	3660	3673	3674	3677	3680	3683	3684	3685	3688	3689	3690	3691	3695	3740	6840
2018-10-03 Wed	2682	3605	3610	3612	3613	3620	3660	3668	3675	3676	3678	3685	3687	3689	3692	3693	3742	6913
2018-10-04 Thu	2619	2633	2682	3605	3607	3610	3613	3616	3657	3662	3668	3669	3670	3673	3676	3677	3681	3687	3688	3690	3692	3695	3742
2018-10-05 Fri	2760	3605	3609	3612	3613	3617	3659	3665	3671	3672	3673	3677	3687	3688	3693	3695	3740	6850	6945
2018-10-06 Sat	3605	3614	3618	3619	3664	3693
2018-10-08 Mon	2657	3606	3611	3614	3619	3620	3629	3658	3662	3668	3674	3676	3684	3685	3687	3692	3693	3695	3696	3743	6904	6935
2018-10-09 Tue	2783	3606	3617	3618	3620	3629	3662	3663	3667	3669	3671	3676	3677	3681	3684	3685	3687	3689	3690	3739	6875	6943
2018-10-10 Wed	2742	3605	3606	3607	3608	3609	3611	3658	3663	3665	3675	3677	3678	3680	3685	3690	3696	3741	6904
2018-10-11 Thu	2733	2750	3607	3611	3613	3615	3617	3618	3667	3670	3673	3674	3675	3681	3684	3686	3687	3691	3692	3741	6825
2018-10-12 Fri	2660	2782	3610	3611	3612	3613	3618	3658	3661	3662	3663	3665	3669	3675	3677	3685	3686	3687	3690	3691	6908
2018-10-13 Sat	3611	3619	3665	3669	3673	3696
2018-10-15 Mon	2682	2783	3605	3606	3611	3658	3659	3663	3665	3672	3674	3675	3678	3679	3683	3684	3688	3691	3693	3695	3738	6905
2018-10-16 Tue	2622	3607	3611	3615	3619	3629	3662	3665	3669	3670	3674	3675	3676	3677	3679	3682	3685	3686	3688	3695	6834	6940
2018-10-17 Wed	2697	2750	2752	3607	3609	3615	3618	3620	3659	3661	3668	3669	3671	3676	3678	3679	3684	3689	3690	3695	3696	3697
2018-10-18 Thu	2621	2782	3607	3608	3619	3620	3629	3658	3660	3662	3668	3669	3674	3678	3679	3682	3685	3687	3696	3697	3738	6828
2018-10-19 Fri	3605	3617	3618	3620	3663	3664	3672	3676	3677	3678	3679	3680	3691	3692	3695	3696	3697	6834	6838	6839
2018-10-20 Sat	3614	3658	3660	3667	3680	3696
2018-10-22 Mon	2657	3605	3607	3614	3657	3659	3661	3662	3673	3674	3684	3685	3687	3688	3689	3691	3693	3695	3697	6876	6902	6912
2018-10-23 Tue	2757	3606	3607	3613	3614	3620	3629	3661	3668	3669	3671	3672	3676	3681	3682	3689	3690	3691	3693	3697	6887	6901
2018-10-24 Wed	2750	3609	3611	3612	3617	3618	3619	3660	3672	3674	3676	3680	3681	3682	3685	3686	3692	3693	3695	3696	6887	6898
2018-10-25 Thu	2619	3605	3606	3611	3613	3619	3620	3629	3666	3671	3678	3679	3682	3686	3687	3690	3691	3692	3693	3696	3743	6942	6961
2018-10-26 Fri	2756	3608	3609	3612	3613	3615	3629	3630	3658	3661	3666	3672	3675	3684	3685	3687	3689	3692	3693	6839	6841	6851
2018-10-27 Sat	3605	3613	3668	3685	3691	3696
2018-10-29 Mon	2664	2757	3607	3608	3611	3612	3618	3619	3629	3660	3666	3670	3672	3673	3674	3680	3681	3682	3684	3691	3743	6879
2018-10-30 Tue	2733	3607	3608	3609	3611	3616	3630	3666	3669	3670	3673	3676	3680	3681	3684	3688	3693	3697	3741	6820	6879
2018-10-31 Wed	2619	3608	3611	3615	3617	3658	3663	3664	3667	3670	3678	3680	3681	3682	3686	3688	3692	3696	6835	6844
2018-11-01 Thu	2743	2754	3605	3606	3609	3610	3612	3614	3615	3619	3657	3662	3663	3665	3667	3669	3676	3677	3688	3692	3726	6946
2018-11-02 Fri	2730	2751	3606	3607	3612	3614	3615	3616	3618	3629	3630	3663	3665	3666	3670	3675	3680	3683	3686	3740	6841
2018-11-03 Sat	3608	3619	3630	3662	3675	3696
2018-11-05 Mon	3607	3610	3611	3612	3613	3614	3615	3664	3665	3670	3676	3679	3683	3688	3689	3691	3695	3741	6832	6834	6897
2018-11-06 Tue	2731	3608	3611	3614	3615	3617	3618	3630	3663	3665	3669	3675	3676	3684	3686	3687	3691	3692	3741	6820	6942
2018-11-07 Wed	2757	3606	3610	3613	3619	3629	3630	3657	3660	3662	3665	3671	3675	3679	3690	3691	3692	3693	3696	3697	6822	6842
2018-11-08 Thu	3613	3614	3616	3617	3620	3662	3663	3665	3667	3669	3675	3676	3683	3688	3689	3692	3693	3696	3741	6847	6906
2018-11-09 Fri	2745	3610	3612	3613	3614	3615	3620	3657	3660	3662	3666	3667	3669	3673	3674	3687	3690	3691	3693	3697	6843	6905
2018-11-10 Sat	3617	3619	3663	3671	3686	3692
2018-11-12 Mon	2666	2745	2754	3611	3617	3657	3662	3663	3666	3668	3669	3672	3674	3675	3684	3688	3689	3691	3695	3696	6875
2018-11-13 Tue	3606	3612	3614	3629	3657	3661	3662	3664	3669	3670	3671	3673	3675	3677	3679	3684	3687	3690	3693	6834	6845	6846	6916
2018-11-14 Wed	3606	3609	3610	3611	3614	3617	3630	3660	3673	3676	3681	3686	3688	3689	3690	3692	3693	6820	6822	6940
2018-11-15 Thu	2633	3605	3608	3610	3614	3615	3616	3617	3629	3658	3664	3675	3677	3680	3685	3686	3696	3697	6827	6852
2018-11-16 Fri	2633	3605	3606	3611	3613	3619	3620	3657	3658	3660	3661	3662	3663	3664	3668	3680	3687	3693	3696	6825	6851
2018-11-17 Sat	3613	3662	3666	3671	3697	3738
2018-11-19 Mon	2774	3605	3606	3608	3611	3613	3616	3630	3657	3667	3669	3677	3680	3684	3689	3692	3693	3747	6841	6943
2018-11-20 Tue	3606	3608	3610	3611	3613	3615	3617	3658	3660	3661	3668	3674	3676	3678	3683	3686	3691	3696	6832	6941	6964
2018-11-21 Wed	3613	3614	3616	3617	3618	3619	3657	3664	3665	3670	3675	3680	3684	3688	3689	3692	3696	3739	6835	6845	6867
2018-11-23 Fri	2685	2753	3605	3613	3615	3617	3618	3657	3659	3660	3665	3667	3668	3671	3676	3678	3680	3681	3683	3693	3695	6961
2018-11-24 Sat	3609	3610	3616	3665	3678	3684
2018-11-26 Mon	2757	3608	3612	3617	3629	3658	3664	3665	3666	3668	3670	3673	3676	3678	3679	3681	3688	3691	3697	6887	6903
2018-11-27 Tue	2686	2733	3610	3612	3618	3630	3661	3663	3667	3668	3670	3671	3673	3676	3677	3681	3684	3687	3688	3689	3692	3693	6961
2018-11-28 Wed	2744	3605	3606	3607	3615	3616	3629	3657	3662	3666	3667	3668	3683	3684	3687	3688	3692	3696	3738	6901	6905
2018-11-29 Thu	2666	2758	3606	3612	3613	3616	3629	3630	3657	3658	3659	3661	3662	3664	3665	3666	3674	3685	3690	3695	3748	6912
2018-11-30 Fri	2682	3609	3610	3611	3613	3629	3658	3660	3662	3663	3664	3667	3670	3671	3672	3674	3683	3690	3692	3693	3747	6849	6934
2018-12-01 Sat	2622	3607	3620	3666	3672	3675	3685
2018-12-03 Mon	3609	3613	3618	3620	3629	3657	3658	3659	3663	3667	3668	3669	3670	3678	3681	3687	3690	3691	3695	6827	6914	6962
2018-12-04 Tue	2750	2783	3606	3608	3611	3613	3618	3629	3659	3670	3671	3672	3674	3675	3677	3679	3684	3685	3697	3745	6824
2018-12-05 Wed	2744	2753	3607	3608	3609	3613	3620	3660	3670	3672	3676	3680	3685	3686	3687	3688	3692	3693	3695	3696	6854
2018-12-06 Thu	2758	3607	3609	3610	3613	3618	3629	3657	3658	3660	3664	3676	3677	3679	3680	3681	3687	3689	3693	3738	6911	6965
2018-12-07 Fri	2758	3608	3609	3613	3614	3619	3620	3629	3659	3661	3662	3663	3665	3670	3675	3681	3685	3688	3693	3697	3747	6825	6963
2018-12-08 Sat	3629	3630	3668	3684	3687	3697
2018-12-10 Mon	2664	3605	3609	3611	3614	3617	3620	3630	3657	3668	3673	3674	3675	3679	3680	3687	3697	6837	6867	6916	6922	6946
2018-12-11 Tue	2732	3608	3611	3613	3617	3619	3629	3657	3660	3661	3664	3666	3670	3679	3681	3686	3687	3688	3697	3726	6834	6942	6943
2018-12-12 Wed	2756	2796	3608	3614	3618	3619	3629	3662	3665	3673	3674	3676	3678	3679	3681	3687	3692	3695	3697	6827	6966
2018-12-13 Thu	2633	2745	3605	3607	3611	3619	3661	3662	3665	3666	3678	3681	3684	3685	3687	3695	3697	3744	6843
2018-12-14 Fri	2682	3605	3611	3615	3617	3619	3620	3629	3630	3658	3659	3664	3667	3669	3670	3671	3679	3683	3685	3696	3736	6826	6869
2018-12-15 Sat	3608	3614	3617	3657	3675	3681
2018-12-17 Mon	2743	3605	3607	3608	3616	3617	3658	3663	3668	3669	3670	3671	3672	3673	3676	3681	3683	3696	3740	6820	6826
2018-12-18 Tue	2656	2659	3607	3608	3614	3618	3620	3659	3662	3663	3665	3666	3669	3670	3676	3679	3684	3690	3692	6846	6916
2018-12-19 Wed	2623	3605	3607	3614	3629	3630	3658	3663	3668	3670	3672	3673	3678	3680	3681	3683	3693	6841	6944
2018-12-20 Thu	2750	3608	3613	3617	3618	3619	3620	3629	3630	3660	3663	3670	3673	3674	3676	3680	3685	3695	6819	6835	6887	6902
2018-12-21 Fri	2682	2751	3607	3613	3616	3619	3620	3658	3659	3660	3668	3671	3675	3679	3681	3684	3689	3690	3741	6875	6936
2018-12-22 Sat	3608	3616	3665	3674	3686	3689
2018-12-24 Mon	2660	3607	3615	3616	3619	3657	3658	3659	3668	3670	3672	3673	3674	3675	3676	3677	3683	3689	3696	3726	6897	6946
2018-12-26 Wed	3607	3608	3613	3617	3659	3660	3662	3665	3667	3668	3677	3681	3683	3684	3685	3690	3697	6840	6877	6944
2018-12-27 Thu	2796	3605	3607	3614	3619	3630	3657	3659	3664	3665	3668	3673	3677	3680	3681	3688	3690	3742	6821	6888
2018-12-28 Fri	2633	3605	3607	3608	3613	3617	3658	3668	3670	3671	3672	3676	3679	3681	3686	3689	3690	3693	3697	6850	6879
2018-12-29 Sat	3616	3659	3661	3667	3684	3693
2018-12-31 Mon	2623	2657	3608	3611	3657	3661	3662	3663	3664	3665	3668	3672	3673	3674	3679	3681	3686	3689	3690	6944
2019-01-02 Wed	2758	3608	3610	3613	3616	3620	3660	3663	3665	3666	3670	3671	3677	3680	3683	3690	3695	6822	6942
2019-01-03 Thu	2620	2733	2744	3607	3608	3613	3614	3617	3620	3661	3663	3675	3679	3680	3681	3683	3685	3687	3690	3693	3695
2019-01-04 Fri	2743	3611	3612	3614	3617	3629	3630	3658	3660	3666	3670	3674	3680	3683	3684	3687	3689	6834	6854	6909
2019-01-05 Sat	3605	3610	3611	3612	3661	3667
2019-01-07 Mon	2621	2623	3608	3610	3611	3614	3629	3659	3660	3662	3671	3672	3679	3681	3685	3692	3696	3697	6833
2019-01-08 Tue	2633	3605	3614	3616	3617	3620	3630	3659	3661	3665	3669	3671	3681	3683	3689	3690	3696	3697	3742	6914	6946	6960
2019-01-09 Wed	3605	3606	3612	3615	3616	3617	3618	3620	3662	3668	3674	3675	3683	3689	3695	3696	3697	6826	6836	6934
2019-01-10 Thu	2620	3605	3608	3611	3612	3614	3630	3659	3660	3667	3674	3675	3677	3680	3681	3683	3684	3688	3737	6837	6849	6910
2019-01-11 Fri	2745	2756	2758	3607	3608	3612	3614	3617	3667	3669	3672	3674	3675	3678	3681	3683	3688	3690	3696
2019-01-12 Sat	3611	3616	3680	3686	3688	3696
2019-01-14 Mon	3610	3611	3615	3629	3630	3658	3659	3668	3670	3673	3674	3675	3678	3680	3687	3688	3693	3695	3696	3736	6824	6854	6960
