2018-09-17 Mon	6868	6918	6919	8152	8159	8169	8173	8178	8186	8189	8198
2018-09-18 Tue	6880	6899	6910	6911	6917	6932	6992	6996	8154	8155	8157	8158	8165	8167	8170	8173	8177	8178	8183	8185	8186	8189
2018-09-19 Wed	6889	6894	6899	6927	6932	6968	6970	8151	8154	8164	8165	8166	8167	8171	8179	8180	8181	8182	8183	8187	8189	8193	8195	8196
2018-09-20 Thu	6890	6910	6918	6927	6931	6969	6974	6978	8156	8157	8168	8172	8173	8177	8179	8181	8182	8183	8185	8187	8189	8191	8194	8198
2018-09-21 Fri	6880	6881	6911	6974	6980	6988	6992	6995	8151	8154	8159	8163	8165	8173	8174	8177	8179	8185	8187	8190	8191
2018-09-24 Mon	6894	6925	6980	8157	8162	8170	8176	8177	8178	8180	8194	8197
2018-09-25 Tue	6882	6918	6932	6976	6995	6998	8152	8155	8156	8157	8158	8163	8171	8172	8173	8174	8177	8183	8189	8193	8196	8198
2018-09-26 Wed	6894	6967	6968	6980	6994	6999	8154	8156	8159	8165	8166	8170	8177	8185	8186	8191	8192	8193	8194	8196	8198	9077
2018-09-27 Thu	6881	6919	6932	6967	6968	6998	8154	8158	8161	8164	8166	8172	8173	8174	8176	8179	8180	8181	8182	8187	8190	8191	8194
2018-09-28 Fri	6880	6896	6899	6917	6989	6993	6994	8150	8156	8160	8170	8173	8175	8179	8181	8182	8185	8189	8192	8193
2018-10-01 Mon	6868	6881	6896	6919	6924	6928	6968	6974	8151	8158	8164	8165	8166	8168	8169	8170	8172	8189	8195	8197	8199
2018-10-02 Tue	6872	6899	6918	6933	6978	6995	8150	8152	8154	8155	8158	8161	8166	8172	8178	8182	8186	8189	8191	8194	8197	8198
2018-10-03 Wed	6896	6919	6928	6999	8152	8154	8156	8166	8167	8168	8173	8184
