2018-09-17 Mon	2664	2685	2686	2687	2720	2730	2731	2742	2754	6842	6843	6846	6853	6879	6903	6909	6936	6937	6942
2018-09-18 Tue	2619	2621	2657	2660	2664	2682	2686	2687	2697	2721	2731	2742	2745	2747	2753	2754	2756	2760	2777	2796	6819	6820	6838	6842	6845	6847	6869	6935	6937	6941	6944	6960
2018-09-19 Wed	2619	2621	2657	2658	2659	2666	2687	2695	2720	2721	2754	2758	2795	2796	6819	6823	6836	6837	6838	6839	6840	6841	6845	6850	6854	6873	6897	6901	6909	6935	6944	6946	6966
2018-09-20 Thu	2666	2682	2685	2686	2695	2697	2720	2731	2743	2747	2750	2753	2754	2774	2783	6819	6820	6823	6831	6832	6835	6842	6851	6895	6898	6900	6940	6941	6942	6946	6960	6965
2018-09-21 Fri	2621	2633	2658	2660	2662	2664	2685	2721	2732	2742	2743	2746	2760	2777	6821	6831	6839	6843	6845	6849	6850	6877	6895	6903	6904	6908	6937	6941	6960	6961	6965	6966
2018-09-24 Mon	2619	2657	2659	2686	2697	2732	2733	2745	2753	2755	2758	2774	2777	2783	3673	6822	6823	6833	6836	6841	6844	6846	6853	6854	6866	6873	6897	6898	6901	6935	6937	6944
2018-09-25 Tue	2622	2633	2656	2657	2666	2687	2732	2744	2750	2760	2774	2777	2788	2795	6821	6827	6837	6839	6840	6841	6844	6845	6846	6850	6853	6900	6922	6935	6936	6937	6941	6964
2018-09-26 Wed	2619	2621	2657	2660	2664	2682	2685	2687	2732	2733	2744	2753	2777	2783	2788	2795	6849	6851	6867	6873	6875	6887	6897	6898	6905	6937	6942	6964	6965
2018-09-27 Thu	2619	2657	2658	2662	2682	2743	2745	2751	2753	2759	2783	2795	3664	6819	6820	6824	6832	6841	6844	6845	6852	6873	6877	6887	6895	6897	6898	6903	6904	6913	6914	6941	6965
2018-09-28 Fri	2658	2660	2662	2664	2682	2697	2743	2744	2751	2753	2758	2759	2783	6820	6821	6823	6824	6832	6838	6850	6852	6877	6879	6898	6903	6905	6911	6945	6961	6964
2018-10-01 Mon	2619	2633	2656	2658	2659	2660	2662	2733	2744	2750	2783	2795	6833	6834	6838	6840	6841	6842	6846	6849	6850	6852	6853	6866	6876	6895	6900	6904	6909	6913	6936	6941	6966
2018-10-02 Tue	2619	2633	2658	2664	2666	2730	2731	2733	2743	2750	2756	2788	6820	6825	6832	6834	6835	6842	6843	6845	6851	6853	6867	6873	6895	6900	6901	6909	6913	6914	6916	6964	6966
2018-10-03 Wed	2622	2662	2664	2685	2733	2742	2758	2765	2777	2782	3664	6819	6825	6833	6842	6844	6852	6900	6903	6935	6942	6945
2018-10-04 Thu	2622	2657	2662	2686	2730	2733	2743	2753	2759	2760	2774	2782	3620	6819	6820	6834	6835	6842	6843	6846	6852	6867	6876	6888	6895	6897	6909	6913	6916	6935	6946
2018-10-05 Fri	2619	2656	2658	2659	2686	2687	2697	2730	2743	2774	2782	2788	6823	6833	6839	6845	6852	6853	6866	6875	6876	6877	6879	6898	6901	6913	6936	6937	6961	6962	6964	6966
2018-10-08 Mon	2621	2622	2633	2658	2664	2686	2743	2750	2751	2756	2758	2788	2795	3629	6825	6828	6832	6834	6835	6842	6846	6850	6852	6854	6867	6875	6877	6900	6901	6916	6942	6960	6961
2018-10-09 Tue	2619	2657	2658	2660	2662	2664	2682	2685	2733	2751	2754	2756	2774	2782	6828	6833	6834	6835	6838	6839	6843	6866	6895	6901	6902	6904	6913	6914	6916	6937	6964	6966
2018-10-10 Wed	2621	2656	2666	2731	2733	2751	2754	2758	2777	2782	2783	2788	2795	6820	6824	6825	6833	6835	6840	6845	6846	6876	6895	6898	6902	6908	6910	6911	6934	6941	6945
2018-10-11 Thu	2619	2621	2657	2660	2662	2666	2687	2731	2752	2759	2760	2782	2795	6819	6820	6821	6823	6826	6834	6845	6847	6851	6853	6877	6887	6888	6905	6909	6911	6934	6935	6960	6964
2018-10-12 Fri	2619	2622	2633	2656	2682	2687	2742	2744	2752	2756	2759	2760	2774	2777	2782	2795	3682	6846	6850	6852	6853	6854	6888	6895	6900	6911	6934	6935	6942	6946	6964
2018-10-15 Mon	2622	2664	2682	2730	2731	2742	2745	2756	2758	2760	2774	2777	3605	3620	6820	6833	6837	6838	6839	6840	6851	6852	6873	6895	6900	6904	6914	6935	6940	6941	6946	6965	6966
2018-10-16 Tue	2619	2622	2623	2656	2664	2685	2730	2750	2754	2756	2758	2760	2774	2777	6825	6828	6833	6835	6844	6847	6887	6897	6902	6903	6905	6909	6922	6934	6937	6940	6942	6943	6964	6966
2018-10-17 Wed	2621	2623	2633	2666	2685	2732	2742	2745	2753	2756	2758	2783	3669	6821	6823	6825	6833	6835	6845	6877	6879	6902	6908	6909	6912	6914	6935	6937	6960	6965
2018-10-18 Thu	2622	2623	2656	2657	2659	2662	2664	2685	2697	2733	2742	2744	2757	2759	2783	3681	6819	6823	6840	6846	6847	6854	6873	6897	6900	6911	6913	6937	6940	6945	6966
2018-10-19 Fri	2619	2622	2656	2659	2666	2682	2742	2752	2753	2754	2759	2788	2796	3616	3693	6826	6835	6840	6852	6866	6873	6879	6888	6908	6910	6911	6916	6922	6935	6937	6943	6962
2018-10-22 Mon	2656	2659	2660	2664	2697	2731	2742	2745	2750	2752	2758	3664	6819	6820	6821	6833	6834	6835	6839	6845	6848	6853	6873	6879	6887	6888	6895	6908	6910	6946	6961	6962
2018-10-23 Tue	2621	2633	2656	2664	2685	2732	2744	2753	2754	2755	2777	2796	3679	6820	6822	6823	6828	6833	6840	6848	6849	6900	6902	6909	6910	6912	6913	6943	6945	6960	6966
2018-10-24 Wed	2633	2657	2659	2664	2697	2732	2744	2745	2751	2752	2754	2760	2774	6821	6823	6825	6826	6831	6839	6846	6854	6879	6888	6895	6905	6909	6911	6913	6916	6937	6941	6962	6963
2018-10-25 Thu	2621	2633	2660	2666	2730	2731	2744	2750	2752	2756	2782	3669	6819	6821	6825	6831	6834	6843	6852	6873	6876	6877	6895	6900	6901	6902	6904	6905	6906	6908	6909	6940	6941	6966
2018-10-26 Fri	2619	2622	2633	2656	2659	2664	2697	2732	2733	2742	2745	2750	2777	2783	2788	3658	6820	6826	6832	6833	6835	6843	6851	6898	6903	6905	6908	6909	6910	6912	6916	6922	6934	6965
2018-10-29 Mon	2619	2621	2623	2633	2657	2659	2662	2666	2682	2685	2730	2745	2751	2754	2759	2760	2796	6816	6819	6825	6828	6844	6845	6876	6895	6897	6900	6908	6935	6936	6960	6963	6965
2018-10-30 Tue	2619	2621	2623	2657	2664	2732	2744	2751	2755	2756	2758	2777	2782	2796	6816	6826	6841	6850	6852	6853	6873	6877	6887	6905	6911	6912	6934	6937	6942	6944	6945	6946	6960
2018-10-31 Wed	2619	2623	2659	2666	2697	2730	2732	2751	2757	2759	2777	2788	6825	6828	6834	6838	6840	6841	6843	6847	6848	6850	6851	6877	6906	6913	6914	6940	6943	6946
2018-11-01 Thu	2619	2621	2622	2623	2656	2657	2664	2697	2731	2758	2774	2782	2796	6816	6825	6828	6833	6836	6839	6840	6843	6844	6847	6853	6867	6895	6898	6903	6910	6912	6914	6916	6940	6960	6962
2018-11-02 Fri	2621	2622	2623	2657	2659	2660	2732	2733	2743	2753	2756	2774	2788	6820	6822	6826	6833	6839	6840	6877	6895	6898	6900	6911	6912	6916	6920	6922	6934	6935	6961
2018-11-05 Mon	2621	2622	2623	2697	2730	2744	2745	2750	2757	2788	3614	6816	6820	6822	6826	6834	6839	6841	6842	6847	6848	6849	6851	6852	6867	6879	6887	6900	6905	6913	6936	6937	6945	6961
2018-11-06 Tue	2623	2662	2666	2743	2745	2752	2753	2756	2758	2774	2796	3658	3679	6823	6825	6827	6833	6834	6843	6849	6850	6851	6876	6877	6879	6897	6898	6905	6912	6935	6941	6945
2018-11-07 Wed	2619	2621	2622	2623	2656	2697	2731	2732	2742	2752	2753	2754	2756	2760	2782	3612	6820	6836	6840	6841	6845	6848	6879	6897	6908	6912	6936	6942	6945	6946	6966
2018-11-08 Thu	2620	2656	2730	2731	2733	2742	2743	2744	2751	2753	2754	2756	2757	2782	2783	2788	3690	6834	6836	6840	6847	6850	6852	6879	6900	6903	6912	6915	6944
2018-11-09 Fri	2621	2623	2659	2662	2682	2731	2733	2742	2751	2756	2757	2758	2760	2782	2783	6820	6822	6823	6827	6832	6836	6845	6853	6877	6879	6903	6910	6915	6943	6944	6945	6964
2018-11-12 Mon	2620	2621	2633	2660	2731	2743	2750	6825	6834	6846	6898	6905	6910	6912	6915	6934	6936	6937	6943	6961	6965
2018-11-13 Tue	2621	2659	2664	2666	2685	2697	2730	2751	2752	2753	2756	2758	2777	2783	2788	2796	6819	6820	6821	6826	6827	6828	6832	6840	6847	6852	6853	6867	6904	6912	6915	6940	6942	6944	6962
2018-11-14 Wed	2622	2633	2659	2731	2750	2751	2752	2754	2760	2774	2777	2796	6819	6823	6832	6835	6839	6845	6850	6853	6866	6867	6875	6879	6895	6904	6905	6915	6944	6962	6965
2018-11-15 Thu	2618	2622	2659	2662	2664	2666	2685	2731	2753	2756	2757	2774	2782	2788	2796	3660	6828	6836	6845	6846	6850	6877	6879	6887	6905	6912	6915	6916	6934	6936	6961	6966
2018-11-16 Fri	2604	2620	2623	2656	2659	2662	2730	2733	2743	2744	2745	2752	2754	2774	2788	6821	6832	6838	6843	6846	6847	6867	6877	6897	6900	6903	6910	6912	6915	6916	6922	6945	6946
2018-11-19 Mon	2623	2656	2660	2662	2730	2732	2743	2744	2754	2756	2757	2760	2762	2777	2788	6828	6832	6833	6843	6846	6849	6852	6876	6897	6900	6914	6935	6961	6963	6966
2018-11-20 Tue	2620	2621	2657	2662	2664	2682	2697	2743	2752	2754	2757	2758	2760	2777	3680	6816	6827	6838	6845	6847	6849	6851	6873	6879	6897	6906	6912	6915	6935	6941	6961	6963
2018-11-21 Wed	2622	2623	2656	2664	2666	2685	2686	2697	2744	2745	2752	2757	2759	2774	2777	6819	6822	6832	6834	6836	6841	6849	6851	6877	6879	6895	6911	6936	6940	6943	6945	6961	6964
2018-11-23 Fri	2664	2751	2756	2757	2760	2782	2796	6821	6839	6841	6849	6852	6897	6910	6922	6942	6943	6946	6964
2018-11-26 Mon	2621	2622	2623	2659	2682	2697	2731	2743	2745	2752	2756	2758	2777	2782	2796	3683	6820	6824	6845	6847	6873	6875	6879	6897	6905	6910	6915	6936	6943	6945	6960	6961
2018-11-27 Tue	2621	2622	2633	2659	2662	2666	2682	2697	2732	2751	2756	2774	2783	6816	6822	6827	6832	6833	6834	6838	6849	6866	6873	6876	6916	6934	6940	6944	6945	6963	6966
2018-11-28 Wed	2622	2633	2657	2660	2664	2682	2731	2743	2750	2751	2753	2757	2758	2760	2782	2783	3618	6816	6821	6831	6837	6846	6847	6849	6853	6877	6922	6940	6941	6946	6960	6966
2018-11-29 Thu	2620	2622	2656	2657	2659	2660	2664	2686	2697	2732	2733	2751	2756	2759	2782	2783	3672	3690	6816	6823	6832	6833	6852	6879	6887	6897	6901	6904	6906	6910	6914	6916	6934	6962
2018-11-30 Fri	2622	2656	2662	2666	2731	2732	2743	2744	2753	2758	2774	2796	6821	6826	6834	6843	6850	6873	6876	6877	6887	6897	6902	6904	6911	6912	6914	6915	6937	6941	6960
2018-12-03 Mon	2620	2623	2633	2657	2660	2662	2682	2732	2743	2744	2745	2753	2754	2756	6819	6820	6821	6823	6833	6838	6845	6846	6847	6867	6895	6897	6900	6902	6904	6906	6910	6937	6942	6961
2018-12-04 Tue	2657	2659	2662	2664	2682	2743	2744	2752	2758	2759	2796	3660	6819	6823	6827	6839	6841	6842	6846	6849	6850	6851	6852	6867	6876	6897	6898	6902	6903	6908	6914	6916	6962	6964
2018-12-05 Wed	2621	2622	2657	2664	2666	2732	2756	2757	2758	2782	2796	6826	6836	6841	6845	6850	6851	6867	6877	6887	6898	6901	6902	6910	6911	6913	6914	6922	6946	6961	6962	6964
2018-12-06 Thu	2621	2664	2730	2732	2733	2744	2750	2751	2754	2758	2760	2777	2782	6821	6825	6827	6842	6847	6854	6888	6901	6905	6907	6908	6913	6914	6922	6937	6941	6961	6962	6966
2018-12-07 Fri	2623	2657	2662	2664	2682	2686	2697	2733	2745	2774	2777	2796	6816	6821	6823	6824	6831	6836	6837	6839	6840	6841	6846	6849	6852	6853	6854	6875	6897	6905	6908	6944	6946	6961	6966
2018-12-10 Mon	2622	2623	2633	2659	2660	2730	2733	2750	2751	2754	2756	2757	2758	2760	2774	6816	6822	6824	6826	6833	6838	6846	6850	6852	6875	6876	6887	6888	6898	6902	6906	6909	6913	6961	6964
2018-12-11 Tue	2620	2621	2622	2633	2664	2682	2730	2744	2751	2756	2757	2758	2774	2777	6816	6825	6828	6831	6833	6835	6849	6851	6873	6901	6904	6908	6910	6913	6936	6946	6960	6961	6963	6964
2018-12-12 Wed	2622	2664	2666	2750	2752	2754	2757	2760	2774	2777	2782	6822	6828	6833	6834	6835	6838	6839	6846	6850	6851	6876	6901	6903	6904	6935	6937	6943	6946	6961	6963	6965
2018-12-13 Thu	2662	2664	2686	2731	2752	2760	2774	2777	2788	6826	6828	6835	6840	6841	6846	6852	6853	6867	6873	6887	6895	6897	6911	6922	6936	6942	6943	6960	6962	6965
2018-12-14 Fri	2622	2656	2664	2686	2697	2750	2751	2756	2758	2774	2788	2796	6820	6822	6825	6828	6831	6834	6838	6841	6854	6877	6898	6911	6913	6940	6941	6942	6943	6945	6962	6966
2018-12-17 Mon	2619	2621	2622	2633	2659	2660	2664	2682	2731	2732	2744	2745	2750	2755	2774	2796	6827	6828	6833	6835	6837	6839	6843	6887	6895	6901	6904	6906	6910	6915	6936	6942	6943
2018-12-18 Tue	2730	2733	2743	2752	2754	2756	2777	2782	3616	6820	6821	6827	6833	6838	6843	6852	6877	6895	6901	6904	6906	6910	6915	6934	6935	6940	6943	6945	6960	6962	6965	6966
2018-12-19 Wed	2659	2660	2662	2682	2730	2732	2751	2754	2757	2758	2774	2777	2782	2788	6819	6824	6828	6834	6835	6840	6846	6852	6853	6888	6897	6901	6909	6912	6913	6935	6943	6961	6962
2018-12-20 Thu	2622	2623	2656	2659	2666	2730	2731	2751	2754	2757	2758	2760	2788	2796	3681	3693	6816	6821	6824	6831	6837	6840	6846	6853	6875	6895	6897	6900	6913	6922	6935	6946	6960
2018-12-21 Fri	2623	2656	2657	2682	2731	2743	2745	2756	2757	2782	6824	6827	6833	6837	6838	6846	6875	6876	6887	6895	6901	6906	6909	6910	6912	6935	6940	6945	6961	6962
2018-12-24 Mon	2664	2731	2745	2751	2753	2754	2759	6819	6827	6835	6839	6853	6876	6879	6888	6916	6935	6940	6945	6961
2018-12-26 Wed	2622	2666	2757	2759	2760	2788	6822	6831	6846	6854	6869	6876	6887	6900	6908	6913	6915	6935	6936	6961
2018-12-27 Thu	2633	2666	2697	2745	2753	2756	2774	6816	6819	6820	6831	6850	6887	6904	6910	6912	6920	6934	6937	6961	6965
2018-12-28 Fri	2660	2682	2697	2743	2744	2745	2752	2757	2774	6836	6839	6852	6869	6898	6909	6934	6936	6940	6941	6944	6945
2018-12-31 Mon	2620	2633	2656	2660	2686	2731	2732	2743	6819	6824	6845	6849	6854	6869	6875	6876	6901	6904	6909	6920	6937
2019-01-02 Wed	2620	2621	2633	2656	2662	2686	2687	2697	2732	2743	2745	2750	2760	2777	2796	6821	6831	6833	6836	6837	6838	6846	6854	6875	6877	6887	6897	6898	6905	6922	6936	6941	6961	6965
2019-01-03 Thu	2622	2633	2656	2657	2662	2666	2685	2686	2741	2743	2750	2752	2754	2759	2760	2774	2777	6816	6826	6831	6833	6839	6850	6852	6869	6875	6877	6888	6906	6920	6935
2019-01-04 Fri	2620	2622	2660	2685	2697	2733	2752	2753	2758	2760	2788	3688	6819	6821	6826	6839	6846	6850	6888	6898	6901	6903	6904	6914	6916	6935	6936	6940	6945	6962	6965
2019-01-07 Mon	2620	2662	2664	2682	2686	2719	2744	2751	2759	2760	2777	2782	6816	6820	6822	6833	6834	6839	6847	6850	6854	6898	6901	6906	6907	6909	6914	6935	6945	6964	6965
2019-01-08 Tue	2620	2623	2656	2657	2664	2730	2731	2744	2745	2752	2754	2760	2774	2777	2788	2796	6816	6822	6826	6827	6836	6838	6839	6845	6847	6869	6877	6901	6903	6906	6915	6935	6937
2019-01-09 Wed	2620	2621	2656	2657	2662	2664	2666	2682	2686	2744	2751	2774	2777	2782	6821	6832	6838	6849	6850	6869	6876	6879	6897	6898	6900	6903	6913	6914	6940	6945	6962
2019-01-10 Thu	2656	2660	2666	2682	2686	2728	2730	2732	2733	2744	2750	2751	2752	2753	2756	2759	2760	2782	2783	6820	6826	6833	6843	6845	6852	6869	6922	6944	6945	6960	6961	6962	6965
2019-01-11 Fri	2621	2666	2682	2697	2730	2731	2733	2744	2751	2752	2774	2782	6816	6824	6837	6840	6846	6847	6879	6898	6900	6901	6905	6913	6915	6922	6934	6935	6941	6942	6962
2019-01-14 Mon	2620	2621	2622	2664	2666	2697	2728	2730	2753	2756	2758	6827	6828	6835	6838	6847	6849	6850	6867	6875	6898	6901	6909	6911	6915	6935	6937	6942	6945	6946	6961
