2018-09-17 Mon	2656	2743	2754	6820	6831	6841	6901	6962	6965
2018-09-18 Tue	2619	2656	2730	2742	2743	2745	2795	6820	6822	6841	6843	6850	6853	6854	6888	6903	6909	6944	6966
2018-09-19 Wed	2621	2633	2657	2686	2733	2747	2750	2751	2777	2795	6840	6847	6850	6888	6895	6935	6937
2018-09-20 Thu	2621	2633	2733	2743	2744	2751	2753	2774	6821	6842	6846	6851	6853	6895	6908	6936	6944	6962
2018-09-21 Fri	2658	2664	2682	2685	2732	2742	2743	2746	2753	2754	2795	6823	6824	6827	6836	6841	6852	6898	6941
2018-09-24 Mon	2619	2633	2685	2730	2745	2753	6820	6824	6836	6839	6843	6844	6888	6897	6898	6903	6905	6937
2018-09-25 Tue	2633	2687	2697	2744	2750	2760	2788	2795	6831	6835	6841	6850	6888	6895	6914	6934	6936	6961	6966
2018-09-26 Wed	2619	2662	2730	2732	2753	2783	3610	6824	6844	6846	6850	6877	6879	6898	6906	6909	6966
2018-09-27 Thu	2619	2657	2662	2743	2783	2795	3664	6820	6846	6850	6852	6895	6916	6942	6946	6964	6965
2018-09-28 Fri	2622	2656	2730	2743	2752	2758	2759	2783	2788	6823	6845	6850	6877	6887	6908	6964
2018-10-01 Mon	2656	2658	2666	2743	2744	2753	2788	6833	6835	6842	6846	6849	6854	6866	6876	6879	6888	6911	6914
2018-10-02 Tue	2619	2664	2666	2682	2730	2750	2753	2782	6824	6837	6867	6877	6879	6900	6912	6914	6942
2018-10-03 Wed	2621	2666	2742	2753	6835	6837	6854	6877	6898	6909
