2018-09-17 Mon	2759	3605	3613	3616	3638	3657	3660	3661	3665	3666	3667	3673	3675	3681	3684	3688	3693
2018-09-18 Tue	2732	3605	3609	3611	3614	3615	3617	3637	3657	3660	3665	3670	3671	3675	3681	3686	3689	3690	3694	3696	6837	6875
2018-09-19 Wed	2656	3605	3607	3609	3617	3642	3645	3658	3659	3666	3667	3672	3673	3677	3681	3684	3687	3689	3690	3691	3692	6836	6843	6877
2018-09-20 Thu	3605	3612	3619	3630	3637	3657	3659	3660	3661	3662	3663	3664	3665	3672	3678	3679	3691	3694	3695	6839	6847	6849
2018-09-21 Fri	2733	2745	3606	3609	3616	3619	3620	3640	3643	3645	3646	3664	3671	3674	3678	3681	3687	3689	3690	3693	3694	6944
2018-09-22 Sat	3613	3614	3615	3666	3671	3676	3687	3691	3692	3693	3696	6831
2018-09-23 Sun	3607	3608	3667	3674	3677	3678	3683	3691
2018-09-24 Mon	2621	2744	3607	3613	3615	3616	3667	3668	3671	3672	3675	3676	3684	3686	3689	3691	3692	6831	6906
2018-09-25 Tue	2754	3611	3612	3614	3615	3620	3658	3666	3668	3674	3677	3678	3680	3682	3684	3685	3690	3691	6842	6847
2018-09-26 Wed	3609	3611	3620	3665	3667	3668	3674	3675	3676	3677	3678	3684	3693	3694	3695	6832	6841	6945
2018-09-27 Thu	2755	3605	3606	3607	3615	3619	3662	3663	3666	3673	3675	3676	3677	3686	3687	3691	3696	6833	6909	6962
2018-09-28 Fri	3607	3610	3612	3616	3618	3660	3663	3668	3680	3682	3683	3685	3687	3695	3726	6852	6913	6942
2018-09-29 Sat	3608	3616	3619	3620	3664	3665	3673	3675	3680	3689	3692	3740
2018-09-30 Sun	3605	3608	3616	3657	3658	3669	3674	3678
2018-10-01 Mon	3606	3608	3615	3617	3618	3657	3658	3660	3661	3667	3668	3669	3677	3683	3684	3687	3692	6839	6844	6935
2018-10-02 Tue	3605	3606	3607	3659	3660	3667	3670	3672	3676	3677	3683	3684	3685	3689	3690	3691	3693	3695	3740	6845	6849	6965
2018-10-03 Wed	2633	2682	3606	3610	3612	3613	3615	3660	3666	3675	3676	3680	3681	3685	3687	3689	3692	3693	6945
2018-10-04 Thu	2633	2685	3610	3616	3657	3668	3670	3673	3674	3676	3677	3680	3687	3690	3692	3695	3696	6895	6962
2018-10-05 Fri	3605	3609	3612	3613	3619	3659	3665	3666	3671	3672	3687	3688	3689	3693	3695	3746	6819	6835	6850
2018-10-06 Sat	3614	3619	3629	3660	3664	3671	3673	3675	3678	3681	3685	3693
2018-10-07 Sun	3605	3614	3657	3662	3666	3671	3683	3692
2018-10-08 Mon	3606	3611	3613	3619	3620	3657	3662	3668	3674	3675	3684	3685	3687	3693	3696	3742	6877	6935	6937
2018-10-09 Tue	2783	3617	3618	3629	3662	3663	3667	3671	3673	3681	3684	3685	3687	3688	3689	3690	3693	3725	3737	3745	6873	6960
2018-10-10 Wed	2730	3605	3606	3607	3608	3610	3658	3660	3665	3675	3677	3678	3680	3685	3687	3691	3696	3736	3741	6900	6965
2018-10-11 Thu	2686	2733	2774	3606	3607	3608	3611	3613	3617	3618	3660	3667	3669	3670	3674	3681	3684	3687	3691	3739	6910
2018-10-12 Fri	2660	3611	3612	3613	3618	3658	3660	3661	3662	3663	3664	3669	3670	3675	3676	3686	3687	3690	6834	6844
2018-10-13 Sat	3606	3611	3612	3619	3661	3662	3665	3677	3682	3685	3686	3696
2018-10-14 Sun	3611	3613	3659	3665	3669	3677	3679	3697
2018-10-15 Mon	3606	3607	3609	3611	3658	3659	3663	3665	3674	3678	3679	3684	3689	3691	3693	3695	3725	6905	6942	6962
2018-10-16 Tue	2733	3607	3609	3615	3619	3629	3662	3665	3670	3674	3677	3680	3681	3682	3685	3688	3689	3695	6834	6876
2018-10-17 Wed	2697	3607	3608	3609	3615	3617	3620	3668	3676	3677	3678	3679	3684	3685	3689	3695	3697	3746	6901	6965
2018-10-18 Thu	2660	2782	3608	3610	3619	3620	3658	3660	3664	3666	3668	3672	3674	3678	3685	3687	3696	3697	3744	6946
2018-10-19 Fri	2730	3605	3606	3617	3618	3620	3663	3672	3677	3678	3684	3687	3690	3691	3692	3695	3697	3744	6838	6922
2018-10-20 Sat	3606	3612	3616	3658	3660	3665	3666	3667	3681	3682	3696	3739
2018-10-21 Sun	3606	3629	3667	3672	3681	3686	3690	3696
2018-10-22 Mon	2662	3605	3612	3614	3659	3661	3663	3665	3674	3677	3684	3685	3688	3689	3691	3695	3697	3747	6876	6902	6912
2018-10-23 Tue	3606	3620	3629	3659	3668	3670	3672	3674	3676	3681	3682	3684	3689	3690	3691	3693	3697	6901	6903	6940
2018-10-24 Wed	3609	3612	3618	3660	3669	3672	3674	3675	3676	3680	3682	3685	3686	3690	3692	3695	3697	6876	6898	6936
2018-10-25 Thu	3606	3609	3611	3613	3619	3620	3629	3661	3666	3671	3676	3679	3681	3682	3686	3691	3692	3696	6888	6942	6965
2018-10-26 Fri	3608	3611	3612	3613	3629	3661	3662	3666	3672	3674	3675	3684	3687	3689	3692	3693	3697	6839	6961	6963
2018-10-27 Sat	3605	3606	3619	3629	3668	3678	3686	3689	3691	3693	3696	3744
2018-10-28 Sun	3607	3613	3629	3630	3660	3663	3665	3672
2018-10-29 Mon	2664	3607	3611	3612	3613	3614	3618	3620	3629	3657	3660	3666	3670	3673	3674	3680	3681	3684	3691	6820	6841
2018-10-30 Tue	2733	3606	3607	3616	3630	3663	3666	3669	3670	3674	3675	3676	3680	3681	3684	3690	3693	3697	3744	6820	6898
2018-10-31 Wed	3608	3611	3615	3617	3658	3663	3664	3670	3677	3681	3682	3684	3686	3692	3696	3697	3741	6835	6887	6936
2018-11-01 Thu	2743	3605	3606	3609	3610	3612	3613	3614	3615	3616	3657	3658	3663	3665	3669	3676	3682	3688	6841	6879
2018-11-02 Fri	3607	3612	3614	3615	3616	3629	3630	3663	3664	3665	3666	3667	3668	3670	3683	3686	3688	6841	6915	6940
2018-11-03 Sat	3611	3618	3619	3630	3657	3663	3668	3675	3677	3684	3689	3690	3696
2018-11-04 Sun	3610	3614	3619	3667	3670	3672	3687	3688
2018-11-05 Mon	2662	3611	3612	3613	3615	3630	3664	3670	3674	3678	3679	3680	3683	3688	3689	3691	3693	3695	6851	6897
2018-11-06 Tue	2620	3607	3614	3615	3617	3618	3662	3663	3666	3669	3674	3675	3676	3681	3684	3686	3687	3691	3692	6846	6914	6942
2018-11-07 Wed	2796	3605	3606	3619	3629	3630	3657	3662	3665	3666	3667	3673	3689	3690	3691	3692	3693	3696	6822	6943
2018-11-08 Thu	3609	3610	3613	3614	3620	3662	3664	3665	3667	3672	3683	3684	3688	3689	3692	3693	3696	6832	6905	6906
2018-11-09 Fri	3612	3613	3615	3657	3658	3664	3665	3666	3667	3669	3671	3674	3682	3687	3690	3691	3693	3741	6838	6895	6905
2018-11-10 Sat	3610	3611	3619	3629	3663	3664	3671	3672	3692	3696	3697	3738
2018-11-11 Sun	3616	3619	3629	3662	3666	3667	3669	3691	6922
2018-11-12 Mon	2666	3617	3660	3661	3662	3666	3668	3669	3671	3674	3675	3676	3684	3688	3691	3695	3696	6821	6843	6875
2018-11-13 Tue	2774	3612	3615	3618	3629	3661	3664	3667	3669	3673	3675	3677	3679	3684	3690	3693	3695	3697	3740	6841	6845
2018-11-14 Wed	3609	3610	3611	3614	3615	3630	3657	3658	3660	3666	3671	3673	3676	3686	3688	3690	3692	6820	6843	6846	6937
2018-11-15 Thu	2750	3605	3608	3611	3614	3615	3616	3617	3629	3659	3668	3675	3677	3680	3686	3688	3697	6827	6843
2018-11-16 Fri	2633	3605	3606	3610	3611	3613	3614	3620	3658	3661	3662	3663	3664	3668	3671	3696	3697	3745	6819	6937
2018-11-17 Sat	3606	3610	3611	3612	3613	3630	3662	3666	3671	3678	3692	3696
2018-11-18 Sun	3613	3620	3658	3660	3664	3669	3671	3685
2018-11-19 Mon	2774	3606	3608	3610	3611	3613	3616	3617	3657	3664	3667	3669	3680	3684	3689	3693	3695	6920	6941
2018-11-20 Tue	3606	3613	3615	3629	3660	3661	3667	3668	3674	3676	3678	3681	3683	3686	3691	3695	3696	6832	6875	6964
2018-11-21 Wed	2750	3611	3613	3614	3615	3617	3619	3657	3664	3665	3670	3675	3684	3688	3689	3691	3692	3696	6835	6848
2018-11-22 Thu	3618	3661	3662	3666	3670	3676	3691	3693
2018-11-23 Fri	2753	3613	3614	3617	3618	3657	3659	3660	3665	3668	3670	3671	3677	3678	3685	3691	3693	3695	6824	6879
2018-11-24 Sat	3609	3610	3611	3613	3616	3620	3658	3665	3666	3679	3697
2018-11-25 Sun	3606	3614	3616	3662	3663	3668	3672	3683
2018-11-26 Mon	2757	3605	3611	3612	3618	3629	3658	3662	3664	3666	3668	3670	3673	3678	3688	3691	3696	3697	6839	6945
2018-11-27 Tue	2662	2686	3607	3616	3618	3629	3662	3663	3667	3668	3670	3671	3673	3684	3687	3688	3689	3692	3725	6824
2018-11-28 Wed	3615	3616	3629	3659	3662	3666	3668	3678	3683	3684	3688	3692	3696	3697	3739	6843	6905	6916
2018-11-29 Thu	3612	3613	3616	3630	3661	3662	3664	3665	3666	3670	3674	3680	3685	3693	3695	3736	6822	6842	6910	6912
2018-11-30 Fri	2633	2682	3606	3609	3610	3611	3613	3629	3657	3658	3660	3663	3666	3669	3671	3674	3675	3683	3743	3747	6866
2018-12-01 Sat	3605	3607	3618	3665	3666	3669	3672	3675	3676	3680	3695	3748
2018-12-02 Sun	3618	3630	3665	3671	3673	3674	3687	3697
2018-12-03 Mon	3605	3609	3613	3618	3619	3620	3657	3658	3659	3668	3669	3670	3673	3674	3681	3686	3687	6840	6908	6962
2018-12-04 Tue	2750	3607	3608	3611	3618	3619	3629	3664	3670	3671	3672	3675	3677	3679	3684	3689	3697	3748	6822	6851
2018-12-05 Wed	2697	2753	3607	3608	3609	3616	3660	3670	3672	3675	3676	3680	3685	3687	3688	3690	3695	3725	6851
2018-12-06 Thu	3607	3608	3610	3613	3618	3620	3629	3657	3664	3665	3676	3680	3687	3689	3691	3693	3696	6837	6911	6965
2018-12-07 Fri	2744	3611	3613	3614	3616	3619	3620	3629	3659	3661	3662	3663	3670	3675	3680	3685	3693	6825	6895	6962
2018-12-08 Sat	2623	2750	3618	3619	3629	3665	3668	3676	3679	3680	3687	3697	6906
2018-12-09 Sun	3605	3611	3663	3668	3670	3672	3678	3681
2018-12-10 Mon	2664	2782	3605	3609	3611	3613	3630	3657	3669	3673	3679	3680	3686	3687	3697	3742	6837	6852	6916	6922
2018-12-11 Tue	2732	3608	3613	3617	3629	3630	3660	3661	3662	3664	3670	3674	3679	3686	3687	3725	3747	6831	6834	6850	6873
2018-12-12 Wed	2732	2733	2756	3605	3608	3614	3618	3620	3629	3661	3662	3665	3674	3676	3681	3687	3692	3697	3744	6840
2018-12-13 Thu	2633	2682	2753	3607	3611	3619	3620	3657	3661	3662	3665	3666	3673	3675	3680	3681	3684	3685	3697	3742
2018-12-14 Fri	2620	2682	2744	3605	3611	3615	3619	3629	3630	3641	3659	3666	3668	3669	3683	3685	3689	3696	3736	6941
2018-12-15 Sat	3605	3607	3608	3614	3615	3617	3620	3666	3672	3675	6854	6966
2018-12-16 Sun	3619	3657	3665	3666	3674	3679	3684	3696
2018-12-17 Mon	3607	3615	3616	3617	3620	3658	3661	3663	3668	3669	3671	3673	3676	3679	3681	3683	3696	3748	6826	6852	6877
2018-12-18 Tue	2687	2745	3607	3611	3614	3618	3659	3662	3663	3665	3666	3669	3672	3676	3684	3692	6844	6846	6916	6942
2018-12-19 Wed	2623	3605	3611	3613	3617	3619	3629	3630	3658	3663	3668	3672	3673	3678	3680	3683	3689	3737	6841	6903	6909	6922
2018-12-20 Thu	2750	3608	3613	3617	3618	3619	3620	3659	3660	3663	3665	3673	3674	3680	3686	3695	3696	3697	6831	6887	6940
2018-12-21 Fri	2697	2751	3607	3613	3616	3620	3629	3659	3661	3671	3675	3679	3681	3684	3687	3690	6875	6888	6905	6964
2018-12-22 Sat	3608	3615	3620	3663	3665	3668	3679	3686	3689	3693	3696	6850
2018-12-23 Sun	3608	3613	3616	3658	3671	3684	3693	3696
2018-12-24 Mon	2732	3607	3615	3616	3619	3657	3659	3660	3662	3664	3668	3670	3672	3675	3677	3684	3689	3696	6825	6946
2018-12-25 Tue	3605	3665	3673	3678	3679	3684	3686	3693	3695
2018-12-26 Wed	3607	3608	3617	3659	3660	3665	3668	3675	3680	3681	3683	3685	3690	3696	3697	3744	6831	6840	6910	6945
2018-12-27 Thu	3605	3611	3613	3614	3619	3630	3657	3659	3665	3673	3675	3676	3677	3681	3690	3695	6821	6827	6895
2018-12-28 Fri	2751	3605	3607	3608	3614	3629	3657	3658	3668	3670	3676	3679	3681	3683	3686	3689	3690	3697	6850	6944
2018-12-29 Sat	3616	3630	3657	3659	3661	3675	3677	3683	3689	3693	3696	6821
2018-12-30 Sun	3611	3619	3662	3667	3673	3681	3688	3690
2018-12-31 Mon	3605	3608	3611	3615	3657	3661	3662	3664	3672	3674	3675	3679	3686	3689	3690	3695	6816	6838	6944
2019-01-01 Tue	3610	3668	3681	3683	3685	3687	3688	3689
2019-01-02 Wed	3608	3611	3613	3616	3630	3660	3663	3668	3670	3677	3680	3683	3684	3685	3690	3695	3743	6900	6942	6944
2019-01-03 Thu	2744	2745	3607	3608	3613	3614	3620	3630	3660	3664	3666	3668	3675	3680	3681	3683	3685	3687	3693	6828	6834
2019-01-04 Fri	2687	3607	3611	3614	3617	3619	3629	3660	3666	3669	3670	3674	3680	3687	3689	3696	3742	6854	6909	6913
2019-01-05 Sat	3605	3611	3612	3620	3629	3661	3668	3681	3692	3693	6847	6875
2019-01-06 Sun	3611	3616	3629	3664	3685	3690	3692	3696
2019-01-07 Mon	2621	2743	3608	3610	3611	3614	3659	3660	3661	3662	3670	3671	3674	3681	3683	3685	3687	3697	6839
2019-01-08 Tue	2633	3605	3606	3614	3617	3620	3630	3659	3661	3670	3671	3679	3683	3688	3689	3690	3697	6828	6835	6946
2019-01-09 Wed	2756	3606	3611	3612	3613	3615	3616	3617	3662	3664	3666	3668	3670	3675	3689	3692	3695	3696	3697	6822	6836
2019-01-10 Thu	3609	3611	3612	3614	3619	3630	3659	3660	3665	3666	3667	3668	3674	3677	3681	3688	3742	6826	6837	6901	6910
2019-01-11 Fri	2756	3606	3608	3612	3614	3617	3620	3664	3667	3669	3672	3674	3675	3681	3683	3686	3690	3696	6849	6908
2019-01-12 Sat	3606	3608	3610	3616	3619	3669	3672	3684	3686	3688	3696	6945
2019-01-13 Sun	3616	3663	3664	3669	3673	3687	3688	3696
2019-01-14 Mon	3613	3615	3620	3629	3630	3658	3659	3661	3673	3674	3675	3684	3687	3688	3693	3695	3696	3726	6831	6942	6960
