2018-09-17 Mon	3636	7012	7101	7103	7136	8004	8063	8077	8204	8214	8217
2018-09-18 Tue	3601	3626	7016	7028	7112	7136	8035	8036	8043	8053	8057	8059	8060	8064	8073	8080	8207	8225	8239	8250	8252
2018-09-19 Wed	3601	3631	7016	7025	7028	7129	8006	8012	8023	8031	8038	8059	8062	8063	8075	8078	8200	8213	8214	8218	8234	8236	8253
2018-09-20 Thu	3641	7028	7102	7130	7133	8004	8010	8024	8025	8026	8044	8047	8058	8203	8205	8208	8213	8234	8241	8252	8253	8257
2018-09-21 Fri	3654	7017	7127	7128	7129	7134	8007	8010	8016	8021	8023	8026	8045	8056	8062	8077	8083	8204	8229	8238	8239	8247
2018-09-24 Mon	3603	3645	3647	7102	7131	7161	8006	8013	8026	8042	8067	8076	8217	8232	8240	8247	8256
2018-09-25 Tue	3627	3637	7028	7127	7128	7131	8010	8011	8014	8031	8041	8063	8064	8072	8203	8206	8209	8211	8212	8219	8235	8241
2018-09-26 Wed	3634	3642	3646	7016	7017	7125	8010	8014	8027	8040	8041	8042	8045	8053	8055	8065	8069	8207	8219	8232	8242	8244
2018-09-27 Thu	3639	3645	3653	3655	7017	7101	8001	8007	8008	8023	8043	8052	8053	8069	8208	8215	8216	8232	8245	8252	8257	8258
2018-09-28 Fri	3631	3649	7019	7101	7131	8010	8033	8034	8047	8065	8074	8084	8200	8205	8210	8215	8219	8228	8232	8246
2018-09-29 Sat	7016	7027	8024	8032	8072	8074	8209	8231	8238	8249	8251
2018-09-30 Sun	3626	3627	3655	7016	7027	7132
2018-10-01 Mon	3602	3634	3637	3652	7018	7025	8002	8029	8043	8048	8056	8059	8063	8066	8068	8071	8201	8216	8218	8222	8227	8234	8256
2018-10-02 Tue	3628	3654	3656	7019	7101	7130	8013	8014	8017	8021	8022	8023	8026	8031	8036	8045	8048	8059	8065	8206	8232	8252
2018-10-03 Wed	3635	3636	3640	3643	7027	7135	8033	8034	8048	8060	8206	8211	8228	8232	8245	8246	8250
