2018-09-17 Mon	3736	3737	3738	3739	3740	3742	3744	3745	3746
2018-09-18 Tue	3736	3737	3738	3739	3740	3741	3742	3744	3745	3746
2018-09-19 Wed	3678	3737	3738	3739	3740	3741	3742	3744	3745	3746
2018-09-20 Thu	3640	3736	3738	3739	3740	3741	3742	3744	3745	3746
2018-09-21 Fri	3736	3738	3739	3740	3741	3742	3743	3744	3745	3746
2018-09-22 Sat	3736	3738	3739	3740	3741	3743	3744	3745	3746
2018-09-23 Sun	3725	3736	3738	3739	3740	3741	3743	3744	3745	3746
2018-09-24 Mon	3725	3726	3736	3737	3738	3739	3740	3741	3742	3744	3745	3746
2018-09-25 Tue	3725	3726	3736	3737	3738	3739	3740	3741	3742	3744	3745	3746
2018-09-26 Wed	3620	3681	3725	3736	3737	3738	3739	3740	3741	3742	3744	3745	3746
2018-09-27 Thu	3725	3726	3736	3737	3738	3739	3740	3741	3742	3744	3745	3746	3747
2018-09-28 Fri	3725	3726	3737	3738	3739	3740	3741	3742	3743	3745	3746	3747	3748
2018-09-29 Sat	3725	3726	3736	3737	3739	3742	3743	3744	3748
2018-09-30 Sun	3726	3736	3737	3740	3742	3744	3746	3748
2018-10-01 Mon	3736	3737	3738	3739	3740	3741	3742	3743	3744	3745	3746	3747	3748
2018-10-02 Tue	3725	3726	3737	3738	3739	3741	3742	3743	3744	3745	3746	3748
2018-10-03 Wed	3725	3736	3737	3738	3739	3741	3743	3744	3745	3746	3747
2018-10-04 Thu	3725	3726	3736	3737	3738	3740	3741	3742	3743	3744	3746	3747	3748
2018-10-05 Fri	3607	3725	3726	3737	3738	3739	3740	3741	3743	3744	3746	3747	3748
2018-10-06 Sat	3726	3737	3740	3742	3743	3744	3746	3747	3748
2018-10-07 Sun	3737	3738	3739	3740	3741	3742	3744	3746	3747	3748
2018-10-08 Mon	3725	3737	3738	3739	3740	3741	3742	3743	3744	3745	3746	3747	3748
2018-10-09 Tue	3725	3726	3736	3737	3738	3739	3740	3741	3742	3743	3744	3746	3748
2018-10-10 Wed	3725	3726	3736	3738	3739	3740	3742	3743	3744	3745	3746	3747	3748
2018-10-11 Thu	3725	3726	3736	3737	3739	3740	3742	3743	3744	3745	3746	3747	3748
2018-10-12 Fri	3725	3726	3736	3737	3738	3740	3741	3743	3744	3745	3746	3747
2018-10-13 Sat	3725	3737	3738	3740	3741	3743	3744	3745
2018-10-14 Sun	3725	3726	3736	3737	3738	3740	3741	3743	3744	3745
2018-10-15 Mon	3725	3726	3736	3737	3738	3740	3741	3742	3743	3744	3745	3746	3747
2018-10-16 Tue	3687	3725	3726	3736	3737	3738	3740	3742	3743	3744	3745	3746	3747
2018-10-17 Wed	3725	3726	3736	3737	3739	3740	3741	3742	3743	3744	3745	3746	3747
2018-10-18 Thu	3726	3736	3737	3738	3739	3740	3741	3742	3743	3744	3745	3746	3747
2018-10-19 Fri	3725	3726	3736	3737	3738	3739	3740	3741	3742	3743	3745	3747
2018-10-20 Sat	3725	3726	3736	3737	3738	3740	3741	3742	3743	3747
2018-10-21 Sun	3725	3726	3737	3738	3740	3741	3742	3743	3747	3748
2018-10-22 Mon	3726	3736	3737	3738	3739	3740	3741	3742	3743	3744	3745	3746	3747
2018-10-23 Tue	3725	3726	3736	3737	3738	3739	3740	3742	3743	3744	3746	3747	3748
2018-10-24 Wed	3725	3726	3736	3737	3738	3739	3740	3741	3742	3743	3744	3747
2018-10-25 Thu	3725	3726	3736	3737	3738	3739	3741	3742	3743	3744	3745	3747	3748
2018-10-26 Fri	3725	3726	3736	3737	3738	3739	3740	3741	3742	3744	3745	3747
2018-10-27 Sat	3725	3726	3736	3737	3739	3741	3745	3746	3748
2018-10-28 Sun	3725	3726	3736	3737	3738	3740	3741	3742	3746	3748
2018-10-29 Mon	3725	3726	3736	3737	3738	3740	3741	3742	3743	3744	3745	3746	3747	3748
2018-10-30 Tue	3725	3726	3736	3737	3738	3739	3740	3741	3742	3743	3744	3745	3747	3748
2018-10-31 Wed	3725	3736	3737	3738	3739	3741	3742	3743	3744	3745	3746	3747
2018-11-01 Thu	3725	3726	3736	3737	3739	3740	3742	3743	3744	3745	3746	3747
2018-11-02 Fri	3725	3726	3736	3737	3738	3739	3740	3741	3742	3743	3744	3746	3747	3748
2018-11-03 Sat	3725	3726	3736	3740	3741	3742	3744	3747	3748
2018-11-04 Sun	3618	3668	3726	3737	3741	3742	3744	3745	3747	3748
2018-11-05 Mon	3725	3726	3736	3737	3738	3739	3740	3741	3742	3743	3745	3747	3748
2018-11-06 Tue	3725	3726	3736	3737	3738	3739	3741	3742	3743	3744	3745	3747
2018-11-07 Wed	3725	3736	3737	3738	3740	3741	3742	3743	3744	3745	3747	3748
2018-11-08 Thu	3725	3726	3736	3737	3738	3740	3741	3742	3743	3744	3745	3747	3748
2018-11-09 Fri	3725	3726	3736	3737	3738	3740	3741	3742	3743	3744	3745	3747	3748
2018-11-10 Sat	3726	3739	3740	3741	3743	3744	3745	3747	3748
2018-11-11 Sun	3726	3738	3739	3740	3741	3742	3743	3744	3745	3747	3748
2018-11-12 Mon	3725	3726	3737	3738	3739	3740	3741	3742	3743	3744	3745	3747	3748
2018-11-13 Tue	3725	3726	3737	3738	3739	3740	3741	3742	3743	3744	3745	3747	3748
2018-11-14 Wed	3725	3726	3736	3737	3738	3739	3740	3741	3743	3744	3745	3747	3748
2018-11-15 Thu	3725	3726	3737	3738	3739	3740	3741	3743	3744	3745	3747	3748
2018-11-16 Fri	3725	3726	3736	3737	3738	3739	3740	3741	3742	3744	3745	3747	3748
2018-11-17 Sat	3725	3726	3739	3741	3742	3744	3745	3747	3748
2018-11-18 Sun	3725	3726	3737	3738	3739	3741	3744	3745	3747	3748
2018-11-19 Mon	3725	3726	3736	3737	3738	3739	3741	3742	3743	3744	3745	3747	3748
2018-11-20 Tue	3725	3726	3736	3737	3738	3739	3740	3741	3742	3745	3747	3748
2018-11-21 Wed	3725	3726	3736	3738	3739	3740	3741	3742	3743	3744	3745	3747	3748
2018-11-22 Thu	3725	3738	3739	3740	3741	3742	3743	3744	3745	3747
