2018-09-17 Mon	3500	3609	3643
2018-09-18 Tue	2744	2746	3275	3337	3340	3639	3693	6877	7201
2018-09-19 Wed	3220	3333	3560	3646	3671	6922	6940	6942	7220
2018-09-20 Thu	3421	3530	3644	3645	6836	6843	6879	7207	7225
2018-09-21 Fri	2758	3514	3611	3658	6903	6960	7201	7208	7213
2018-09-24 Mon	3337	3530	3531	3618	3687	6873	6906	6912	7257
2018-09-25 Tue	3259	3357	3617	3675	6823	6898	6945	7232	7244
2018-09-26 Wed	2656	3259	3486	3660	3662	6916	7228	7250
2018-09-27 Thu	2664	3260	3508	3616	3683	6821	6873	7240	7241
2018-09-28 Fri	3220	3302	3672	3691	7215
2018-10-01 Mon	2658	2752	2782	3302	3671	3681	7205	7244	7250
2018-10-02 Tue	2777	3259	3421	3615	3736	6850	6964	7252	7257
2018-10-03 Wed	3260	3333	3659	3688
