2018-09-17 Mon	3616	3630	3637	3639	3644	3674	3696	3736
2018-09-18 Tue	3644	3658	3662	3667	3671	3672	3679	3684	3739
2018-09-19 Wed	3614	3616	3620	3630	3644	3692	3741	3746	6846
2018-09-20 Thu	3606	3618	3638	3670	3671	3673	3675	3680	3687	3691	3738	3739
2018-09-21 Fri	3614	3615	3663	3672	3675	3680	3686	3694	3744	3746
2018-09-22 Sat	3609	3612	3657	3660	3664	3678
2018-09-23 Sun	3725	3736	3738	3739	3740	3741	3743	3744	3745	3746
2018-09-24 Mon	3612	3620	3659	3664	3665	3681	3682	3725	3737
2018-09-25 Tue	3662	3671	3681	3683	3686	3687	3689	3740	3742
2018-09-26 Wed	3617	3630	3670	3671	3682	3686	3725	3739
2018-09-27 Thu	3608	3618	3658	3661	3672	3674	3739	3741	3744
2018-09-28 Fri	3613	3617	3620	3657	3670	3673	3678
2018-09-29 Sat	3612	3658	3659	3660	3666	3670
2018-09-30 Sun	3726	3736	3737	3739	3740	3741	3742	3744	3746	3748
2018-10-01 Mon	3609	3629	3676	3682	3685	3689	3741	3744	3745
2018-10-02 Tue	3609	3610	3613	3620	3661	3669	3696	3745	3746
2018-10-03 Wed	3629	3668	3669	3673	3691	3696	3744
