2018-09-17 Mon	3630	3637	3639	3644	3674	3696
2018-09-18 Tue	3644	3662	3667	3672	3679	3684
2018-09-19 Wed	3614	3616	3620	3630	3639	3644	6846
2018-09-20 Thu	3606	3618	3638	3671	3673	3675	3680	3687
2018-09-21 Fri	3614	3615	3663	3672	3675	3680
2018-09-22 Sat	3609	3612	3657	3660	3664	3678	3740	3743
2018-09-23 Sun	3725	3736	3738	3739	3740	3741	3743	3744	3745	3746
2018-09-24 Mon	3612	3620	3664	3665	3681	3682
2018-09-25 Tue	3662	3671	3681	3686	3687	3689
2018-09-26 Wed	3617	3630	3670	3671	3682	3686
2018-09-27 Thu	3608	3618	3658	3661	3672	3674
2018-09-28 Fri	3613	3617	3620	3657	3673	3678
2018-09-29 Sat	3612	3658	3659	3660	3666	3670	3725	3736
2018-09-30 Sun	3726	3736	3737	3739	3740	3741	3742	3744	3746	3748
2018-10-01 Mon	3609	3629	3676	3682	3685	3689
2018-10-02 Tue	3609	3610	3620	3661	3669	3696
2018-10-03 Wed	3629	3668	3669	3673	3691	3696
2018-10-04 Thu	3608	3617	3629	3659	3678	3691
2018-10-05 Fri	3660	3663	3674	3675	3676	3680
2018-10-06 Sat	3609	3612	3615	3665	3672	3677	3742	3746
2018-10-07 Sun	3737	3738	3739	3740	3741	3742	3744	3746	3747	3748
2018-10-08 Mon	3607	3618	3659	3677	3681	3683
2018-10-09 Tue	3610	3657	3658	3659	3664	3674	3678
2018-10-10 Wed	3606	3620	3659	3661	3669	3674	3684	3692
2018-10-11 Thu	3663	3664	3671	3676	3679	3689
2018-10-12 Fri	3606	3617	3620	3671	3672	3678
2018-10-13 Sat	3613	3676	3680	3684	3693	3695	3743
2018-10-14 Sun	3725	3726	3736	3737	3738	3740	3741	3743	3744	3745
2018-10-15 Mon	3608	3613	3629	3671	3680	3690
2018-10-16 Tue	3606	3618	3620	3657	3667	3668
2018-10-17 Wed	3658	3664	3666	3667	3670	3672
2018-10-18 Thu	3613	3657	3659	3661	3686	3693
2018-10-19 Fri	3608	3612	3619	3666	3667	3689
2018-10-20 Sat	3615	3618	3629	3674	3688	3689	3691	3737	3738
2018-10-21 Sun	3725	3726	3737	3738	3740	3741	3742	3743	3747	3748
2018-10-22 Mon	3608	3609	3618	3676	3681	3682
2018-10-23 Tue	3611	3617	3662	3663	3682	3687	3692
2018-10-24 Wed	3664	3667	3671	3673	3684	3689
2018-10-25 Thu	3612	3658	3672	3673	3684	3688
2018-10-26 Fri	3607	3620	3664	3678	3680	3682
2018-10-27 Sat	3612	3617	3660	3662	3670	3687	3725	3726
2018-10-28 Sun	3725	3726	3736	3737	3738	3740	3741	3742	3746	3748
2018-10-29 Mon	3610	3630	3665	3668	3678	3690	3692
2018-10-30 Tue	3614	3664	3677	3679	3692	3696
2018-10-31 Wed	3606	3613	3657	3673	3690	3695	3725
2018-11-01 Thu	3670	3673	3675	3680	3693	3695
2018-11-02 Fri	3605	3662	3676	3677	3684	3692
2018-11-03 Sat	3607	3610	3614	3616	3629	3686	3744	3747
2018-11-04 Sun	3618	3668	3726	3737	3741	3742	3744	3745	3747	3748
2018-11-05 Mon	3618	3629	3658	3673	3686	3692
2018-11-06 Tue	3620	3668	3672	3673	3683	3693
2018-11-07 Wed	3609	3611	3658	3664	3668	3680
2018-11-08 Thu	3619	3661	3666	3674	3679	3695
2018-11-09 Fri	3618	3629	3676	3686	3692	3696
2018-11-10 Sat	3609	3614	3667	3680	3690	3693	3726	3743
2018-11-11 Sun	3726	3738	3739	3740	3741	3742	3743	3744	3745	3747	3748
2018-11-12 Mon	3613	3630	3667	3673	3690	3697
2018-11-13 Tue	3611	3617	3658	3674	3680	3686
2018-11-14 Wed	3619	3620	3661	3662	3672	3677
2018-11-15 Thu	3606	3619	3662	3667	3684	3689
2018-11-16 Fri	3608	3617	3669	3674	3675	3678
2018-11-17 Sat	3620	3661	3667	3674	3677	3725	3736	3739
2018-11-18 Sun	3725	3726	3737	3738	3739	3741	3744	3745	3747	3748
2018-11-19 Mon	3609	3659	3661	3672	3678	3691
2018-11-20 Tue	3616	3666	3671	3677	3687	3693
2018-11-21 Wed	3610	3620	3659	3663	3666	3686
2018-11-22 Thu	3725	3738	3739	3740	3741	3742	3743	3744	3745	3747
2018-11-23 Fri	3606	3611	3620	3662	3673	3688
2018-11-24 Sat	3664	3668	3670	3676	3690	3693	3695	3726	3741
2018-11-25 Sun	3725	3726	3736	3737	3738	3739	3741	3742	3743	3747
2018-11-26 Mon	3613	3620	3660	3672	3684	3689	3739
2018-11-27 Tue	3609	3611	3669	3672	3675	3678
2018-11-28 Wed	3614	3619	3620	3660	3672	3676
2018-11-29 Thu	3605	3607	3671	3673	3677	3678
2018-11-30 Fri	3605	3607	3620	3677	3679	3697	6842
2018-12-01 Sat	3630	3674	3677	3683	3692	3697	3736	3738
2018-12-02 Sun	3725	3726	3736	3738	3739	3741	3742	3743	3747	3748
2018-12-03 Mon	3615	3630	3660	3665	3672	3684	3688
2018-12-04 Tue	3615	3616	3658	3665	3680	3687
2018-12-05 Wed	3605	3614	3665	3677	3678	3697
2018-12-06 Thu	3659	3671	3674	3675	3688	3697
2018-12-07 Fri	3658	3668	3674	3679	3683	3695
2018-12-08 Sat	3605	3609	3620	3661	3670	3671	3737	3741
2018-12-09 Sun	3663	3684	3685	3725	3736	3737	3740	3742	3743	3744	3748
2018-12-10 Mon	3664	3666	3678	3681	3684	3695
2018-12-11 Tue	3610	3618	3665	3672	3676	3680	3692	3738
2018-12-12 Wed	3617	3670	3671	3672	3680	3696
2018-12-13 Thu	3608	3615	3658	3671	3679
2018-12-14 Fri	3608	3613	3614	3680	3684	3697
2018-12-15 Sat	2620	3658	3662	3664	3678	3679	3683	3737	3743
2018-12-16 Sun	3680	3725	3736	3737	3739	3742	3743	3745	3747	3748
2018-12-17 Mon	3659	3660	3665	3674	3686	3697
2018-12-18 Tue	3616	3658	3664	3673	3678	3683	3697
2018-12-19 Wed	3616	3618	3660	3661	3687	3690
2018-12-20 Thu	3614	3616	3661	3672	3687	3690
2018-12-21 Fri	3608	3662	3663	3670	3678	3697
2018-12-22 Sat	3605	3619	3672	3684	3737	3742	6824	6827
2018-12-23 Sun	3661	3725	3726	3737	3738	3742	3745	3746	3747	3748
2018-12-24 Mon	3608	3630	3679	3685	3690	3693
2018-12-25 Tue	3725	3726	3737	3738	3743	3744	3745	3746	3747	3748
2018-12-26 Wed	3615	3619	3657	3679	3693	3695
2018-12-27 Thu	3660	3661	3663	3678	3679	3689
2018-12-28 Fri	3612	3662	3667	3675	3678	3685
2018-12-29 Sat	3608	3614	3619	3668	3678	3687	3726	3748
2018-12-30 Sun	3657	3725	3726	3737	3741	3742	3744	3746	3747	3748
2018-12-31 Mon	3613	3617	3630	3658	3670	3684	3685
2019-01-01 Tue	3686	3725	3726	3737	3738	3740	3741	3746	3747	3748
2019-01-02 Wed	3612	3617	3664	3667	3672	3687
2019-01-03 Thu	3606	3619	3657	3670	3673	3688
2019-01-04 Fri	3606	3615	3679	3681	3695	3697
2019-01-05 Sat	3608	3614	3664	3685	3686	3690	3725	3726
2019-01-06 Sun	3725	3726	3737	3738	3740	3741	3744	3746	3747	3748
2019-01-07 Mon	3616	3620	3663	3668	3669	3675	3688
2019-01-08 Tue	3610	3612	3615	3664	3668	3680
2019-01-09 Wed	3607	3608	3614	3673	3681	3686
2019-01-10 Thu	3618	3662	3670	3671	3687	3696	3697
2019-01-11 Fri	3657	3658	3659	3684	3689	3692	3697
2019-01-12 Sat	3612	3613	3618	3660	3681	3689	3692	3741	3742
2019-01-13 Sun	3726	3736	3738	3740	3741	3742	3744	3746	3747	3748
2019-01-14 Mon	3660	3663	3666	3667	3685	3689
