2018-09-17 Mon	3736	3737	3738	3742	3743	3744	3745	3746
2018-09-18 Tue	3736	3737	3738	3739	3740	3741	3742	3744	3745	3746
2018-09-19 Wed	3678	3737	3738	3739	3740	3741	3742	3744	3745	3746
2018-09-20 Thu	3640	3736	3738	3739	3740	3741	3742	3744	3745	3746
2018-09-21 Fri	3736	3738	3739	3740	3741	3742	3743	3744	3745	3746
2018-09-22 Sat	3612	3657	3678	3736	3738	3739	3740	3741	3743	3744	3745	3746
2018-09-23 Sun	3725	3726	3736	3738	3739	3740	3741	3743	3744	3745	3746
2018-09-24 Mon	3665	3725	3726	3736	3737	3738	3739	3741	3744	3745	3746
2018-09-25 Tue	3662	3726	3737	3738	3739	3740	3741	3742	3744	3745	3746
2018-09-26 Wed	3670	3681	3725	3736	3737	3738	3739	3741	3742	3744	3746
2018-09-27 Thu	3618	3725	3726	3736	3738	3739	3740	3741	3745	3746	3747
2018-09-28 Fri	3725	3737	3738	3740	3741	3742	3745	3746	3747	3748
2018-09-29 Sat	3658	3659	3666	3725	3726	3736	3737	3739	3742	3743	3744	3748
2018-09-30 Sun	3726	3736	3737	3739	3740	3742	3744	3746	3748
2018-10-01 Mon	3609	3736	3737	3738	3740	3742	3743	3744	3745	3746	3748
2018-10-02 Tue	3609	3725	3726	3737	3738	3739	3742	3743	3744	3745	3746	3747	3748
2018-10-03 Wed	3673	3725	3736	3738	3739	3741	3743	3744	3745	3746	3747
2018-10-04 Thu	3608	3725	3726	3736	3737	3738	3740	3741	3743	3744	3746	3748
2018-10-05 Fri	3607	3660	3725	3726	3737	3738	3739	3741	3744	3747	3748
2018-10-06 Sat	3615	3672	3677	3726	3737	3740	3742	3743	3744	3746	3747	3748
2018-10-07 Sun	3737	3738	3739	3740	3741	3742	3744	3746	3747	3748
2018-10-08 Mon	3659	3737	3738	3739	3740	3741	3744	3745	3746	3747	3748
2018-10-09 Tue	3610	3725	3726	3736	3738	3740	3741	3742	3744	3746	3748
2018-10-10 Wed	3620	3725	3726	3738	3739	3742	3743	3744	3745	3747	3748
2018-10-11 Thu	3663	3725	3726	3736	3737	3743	3744	3745	3746	3747	3748
2018-10-12 Fri	3617	3725	3726	3736	3737	3738	3740	3741	3743	3744	3746
2018-10-13 Sat	3676	3680	3693	3725	3737	3738	3740	3741	3743	3744	3745
2018-10-14 Sun	3725	3726	3736	3737	3738	3740	3741	3743	3744	3745
2018-10-15 Mon	3608	3726	3736	3737	3741	3742	3743	3744	3745	3746	3747
2018-10-16 Tue	3668	3725	3726	3736	3737	3738	3742	3743	3744	3745	3746	3747
2018-10-17 Wed	3670	3725	3726	3736	3737	3739	3741	3742	3743	3744	3745	3747
2018-10-18 Thu	3661	3726	3736	3737	3739	3740	3741	3742	3743	3746	3747
2018-10-19 Fri	3612	3725	3726	3736	3737	3738	3739	3741	3742	3745	3747
2018-10-20 Sat	3615	3618	3674	3725	3726	3736	3737	3738	3740	3741	3742	3743	3747
2018-10-21 Sun	3725	3726	3737	3738	3740	3741	3742	3743	3747	3748
2018-10-22 Mon	3676	3726	3736	3737	3738	3740	3742	3743	3744	3745	3746
2018-10-23 Tue	3611	3725	3726	3737	3738	3739	3740	3742	3743	3744	3746	3748
2018-10-24 Wed	3671	3725	3736	3737	3738	3740	3741	3742	3743	3744	3745	3747
2018-10-25 Thu	3684	3725	3726	3736	3737	3738	3739	3744	3745	3747	3748
2018-10-26 Fri	3620	3736	3737	3738	3739	3740	3741	3742	3743	3744	3745	3747
2018-10-27 Sat	3612	3617	3670	3725	3726	3736	3737	3739	3741	3745	3746	3748
2018-10-28 Sun	3725	3726	3736	3737	3738	3740	3741	3742	3746	3748
2018-10-29 Mon	3678	3726	3736	3737	3738	3740	3741	3742	3744	3745	3746	3748
2018-10-30 Tue	3677	3725	3726	3736	3737	3738	3739	3740	3741	3742	3747	3748
2018-10-31 Wed	3725	3736	3737	3738	3739	3743	3744	3745	3746	3747
2018-11-01 Thu	3695	3725	3736	3737	3739	3740	3742	3744	3745	3746	3747
2018-11-02 Fri	3605	3725	3736	3737	3738	3739	3742	3743	3744	3746	3747	3748
2018-11-03 Sat	3607	3616	3686	3725	3726	3736	3740	3741	3742	3744	3747	3748
2018-11-04 Sun	3618	3668	3726	3737	3741	3742	3744	3745	3747	3748
2018-11-05 Mon	3618	3725	3726	3737	3738	3739	3740	3742	3743	3745	3747	3748
2018-11-06 Tue	3673	3725	3726	3736	3737	3739	3742	3743	3744	3745	3747
2018-11-07 Wed	3664	3725	3736	3737	3738	3739	3740	3742	3743	3744	3745	3747	3748
2018-11-08 Thu	3666	3725	3726	3736	3737	3742	3743	3744	3745	3747	3748
2018-11-09 Fri	3696	3725	3726	3736	3738	3740	3743	3744	3745	3747	3748
2018-11-10 Sat	3614	3667	3690	3726	3739	3740	3741	3743	3744	3745	3747	3748
2018-11-11 Sun	3726	3738	3739	3740	3741	3742	3743	3744	3745	3747	3748
2018-11-12 Mon	3630	3725	3726	3737	3738	3741	3742	3744	3745	3747	3748
2018-11-13 Tue	3686	3726	3737	3738	3739	3741	3742	3743	3744	3745	3748
2018-11-14 Wed	3672	3725	3726	3736	3737	3738	3739	3740	3741	3744	3745	3747	3748
2018-11-15 Thu	3606	3725	3726	3737	3738	3740	3741	3743	3744	3747	3748
2018-11-16 Fri	3608	3725	3726	3738	3739	3740	3741	3742	3744	3747	3748
2018-11-17 Sat	3667	3674	3677	3725	3726	3739	3741	3742	3744	3745	3747	3748
2018-11-18 Sun	3725	3726	3737	3738	3739	3741	3744	3745	3747	3748
2018-11-19 Mon	3609	3725	3737	3738	3739	3741	3742	3743	3744	3745	3748
2018-11-20 Tue	3616	3725	3736	3737	3738	3739	3740	3741	3742	3747	3748
2018-11-21 Wed	3666	3725	3726	3736	3738	3742	3743	3744	3745	3747	3748
2018-11-22 Thu	3725	3738	3739	3740	3741	3742	3743	3744	3745	3747
2018-11-23 Fri	3662	3725	3726	3737	3738	3739	3740	3741	3742	3743	3747
2018-11-24 Sat	3664	3690	3695	3725	3726	3736	3739	3740	3741	3742	3744	3745
2018-11-25 Sun	3725	3726	3736	3737	3738	3739	3741	3742	3743	3747
2018-11-26 Mon	3660	3725	3726	3736	3737	3739	3740	3742	3743	3744	3745	3748
2018-11-27 Tue	3609	3726	3736	3737	3738	3739	3742	3743	3744	3745	3747
2018-11-28 Wed	3660	3725	3736	3737	3740	3741	3742	3743	3744	3745	3747
2018-11-29 Thu	3605	3725	3726	3737	3738	3739	3740	3741	3742	3744	3747
2018-11-30 Fri	3677	3725	3726	3736	3737	3738	3739	3740	3741	3742	3744
2018-12-01 Sat	3630	3677	3697	3725	3726	3736	3737	3738	3739	3741	3742	3743	3747
2018-12-02 Sun	3725	3726	3736	3738	3739	3741	3742	3743	3747	3748
2018-12-03 Mon	3660	3725	3726	3736	3737	3739	3740	3741	3742	3744	3747
2018-12-04 Tue	3616	3725	3726	3736	3737	3738	3739	3742	3743	3744	3747
2018-12-05 Wed	3697	3726	3736	3737	3738	3739	3741	3742	3743	3744	3747
2018-12-06 Thu	3659	3725	3726	3736	3737	3739	3740	3742	3743	3744	3745
2018-12-07 Fri	3695	3736	3737	3738	3739	3740	3741	3742	3743	3744	3747	3748
2018-12-08 Sat	3605	3609	3670	3691	3725	3736	3737	3740	3741	3742	3743	3744	3748
2018-12-09 Sun	3663	3685	3725	3736	3737	3740	3742	3743	3744	3748
2018-12-10 Mon	3678	3736	3737	3738	3740	3741	3743	3744	3745	3747	3748
2018-12-11 Tue	3616	3618	3675	3683	3736	3737	3741	3742	3743	3744	3745	3748
2018-12-12 Wed	3617	3725	3726	3736	3737	3738	3739	3740	3742	3743	3745	3748
2018-12-13 Thu	3671	3725	3726	3736	3737	3739	3740	3743	3745	3747	3748
2018-12-14 Fri	3697	3725	3726	3737	3739	3740	3741	3742	3743	3745	3747
2018-12-15 Sat	3662	3664	3679	3725	3736	3737	3739	3742	3743	3745	3747	3748
2018-12-16 Sun	3680	3725	3736	3737	3739	3742	3743	3745	3747	3748
2018-12-17 Mon	3674	3725	3736	3737	3739	3741	3742	3743	3745	3746	3747
2018-12-18 Tue	3683	3725	3726	3736	3739	3741	3742	3745	3746	3747	3748
2018-12-19 Wed	3661	3725	3726	3736	3740	3742	3743	3744	3745	3746	3747	3748
2018-12-20 Thu	3616	3659	3725	3726	3736	3738	3739	3742	3744	3745	3746	3747	3748
2018-12-21 Fri	3668	3670	3725	3737	3738	3740	3743	3744	3745	3746	3747	3748
2018-12-22 Sat	3619	3657	3658	3672	3725	3737	3738	3742	3745	3746	3747	3748	6827
2018-12-23 Sun	3661	3725	3726	3737	3738	3742	3745	3746	3747	3748
2018-12-24 Mon	3685	3725	3737	3738	3740	3741	3742	3743	3746	3747	3748
2018-12-25 Tue	3725	3726	3737	3738	3743	3744	3745	3746	3747	3748
2018-12-26 Wed	3657	3669	3686	3725	3726	3737	3738	3741	3742	3743	3745	3746	3747
2018-12-27 Thu	3660	3725	3737	3738	3740	3741	3744	3745	3746	3747	3748
2018-12-28 Fri	3630	3675	3725	3726	3737	3741	3742	3744	3745	3746	3747	3748
2018-12-29 Sat	3605	3614	3668	3678	3725	3726	3737	3741	3742	3744	3746	3748
2018-12-30 Sun	3657	3725	3726	3737	3741	3742	3744	3746	3747	3748
2018-12-31 Mon	3610	3684	3725	3726	3737	3738	3740	3741	3742	3746	3747
2019-01-01 Tue	3686	3725	3726	3737	3738	3740	3741	3746	3747	3748
2019-01-02 Wed	3687	3725	3726	3737	3738	3740	3741	3744	3746	3747	3748
2019-01-03 Thu	3606	3726	3737	3738	3740	3741	3744	3745	3746	3747	3748
2019-01-04 Fri	3615	3725	3726	3737	3738	3740	3741	3744	3745	3746	3747	3748
2019-01-05 Sat	3608	3685	3686	3725	3726	3737	3738	3740	3741	3746	3747	3748
2019-01-06 Sun	3725	3726	3737	3738	3740	3741	3744	3746	3747	3748
2019-01-07 Mon	3616	3725	3726	3738	3740	3741	3743	3744	3746	3747	3748
2019-01-08 Tue	3615	3725	3726	3738	3740	3741	3743	3744	3746	3747	3748
2019-01-09 Wed	3607	3725	3726	3738	3740	3741	3743	3744	3746	3747	3748
2019-01-10 Thu	3671	3725	3726	3738	3740	3741	3743	3744	3746	3747	3748
2019-01-11 Fri	3692	3725	3726	3738	3740	3741	3742	3744	3746	3747	3748
2019-01-12 Sat	3612	3613	3618	3725	3726	3738	3740	3741	3742	3744	3746	3747	3748
2019-01-13 Sun	3726	3736	3738	3740	3741	3742	3744	3746	3747	3748
2019-01-14 Mon	3660	3737	3738	3740	3741	3742	3743	3744	3746	3747	3748
