2018-09-17 Mon	2669	2671	2673	2676	2794	7086	7126
2018-09-18 Tue	2604	2649	2673	2681	2691	2702	2708	2734	2738	2765	2791	2807	7077	7082	7110	8274
2018-09-19 Wed	2613	2630	2651	2702	2710	2770	2789	2790	2791	2794	2798	7088	7096	7114	8265
2018-09-20 Thu	2618	2628	2645	2674	2691	2711	2762	2770	2776	2779	2794	7032	7077	7123	8265	8290
2018-09-21 Fri	2614	2651	2675	2676	2683	2708	2734	2764	2767	2791	2805	6906	7005	7030	7114
2018-09-24 Mon	2633	2658	2682	2750	3661	3670	3678	6833	6836	6842	6850	6900	6914
2018-09-25 Tue	2621	2633	2658	2687	2759	3664	3692	3725	6820	6843	6854	6906
2018-09-26 Wed	2621	2662	2742	2777	3669	3673	3740	3745	6838	6840	6888	6936	6946
2018-09-27 Thu	2664	2733	2753	3609	3660	3685	6819	6831	6843	6910	6935	6946
2018-09-28 Fri	2744	2753	2796	3664	3669	3743	6822	6851	6873	6875	6914	6965
2018-10-01 Mon	2619	2697	2732	2760	2774	2788	3670	3672	3673	6838	6851	6877	6901
2018-10-02 Tue	2658	2660	2753	2782	2795	3668	3675	3680	6852	6879	6897	6936
2018-10-03 Wed	2657	2731	3611	3617	3726	6911
2018-10-04 Thu	2656	2682	2783	3660	3681	3739	3747	6821	6879	6912	6942	6943	6962
2018-10-05 Fri	2656	2750	2756	2760	2777	3657	3673	3743	6827	6900	6903	6935
2018-10-08 Mon	2656	2659	2662	2697	2777	3663	3680	3725	3726	6851	6897	6905	6962
2018-10-09 Tue	2621	2666	2742	2743	3606	3743	3747	6835	6847	6898	6916	6962
2018-10-10 Wed	2743	2777	2788	2795	3609	3613	3737	3746	6828	6850	6851	6854	6873
2018-10-11 Thu	2656	2697	2742	2750	2759	2777	3610	3613	3657	3742	6846	6851	6897
2018-10-12 Fri	2666	2759	3607	3610	3657	6821	6835	6837	6842	6843	6846	6903	6961
2018-10-15 Mon	2623	2656	2662	2733	2788	3663	3672	3677	3686	3740	6842	6844	6943
2018-10-16 Tue	2697	2745	2752	3607	3672	3673	3687	3742	6822	6837	6876	6935	6946
2018-10-17 Wed	2619	2744	2750	2754	2756	2759	3618	3662	3674	3687	6839	6900	6913
2018-10-18 Thu	2621	2656	2777	2788	3662	3671	3745	6820	6909	6910	6922	6940	6961
2018-10-19 Fri	2623	2733	2742	2744	2774	2783	3664	3671	3679	6822	6842	6853	6911
2018-10-22 Mon	2619	2622	2623	2730	2760	3615	3616	3687	6834	6898	6910	6916	6942
2018-10-23 Tue	2659	2732	2733	2745	2750	2756	2788	3605	3607	3661	3688	6908	6937
2018-10-24 Wed	2622	2733	2752	2782	2783	3614	3618	3630	6823	6840	6912	6916	6964
2018-10-25 Thu	2662	2685	2742	2745	3667	3687	3740	6844	6850	6873	6934	6935	6946
2018-10-26 Fri	2621	2660	2664	2744	2777	3667	3686	3688	3748	6823	6906	6915	6943
2018-10-29 Mon	2622	2788	3619	3676	3686	3747	6826	6840	6852	6888	6909	6912	6937
2018-10-30 Tue	2633	2744	2759	2796	3610	3743	3745	6833	6851	6906	6909	6913	6941
2018-10-31 Wed	2656	2657	2750	2754	2796	3607	3726	3742	6911	6935	6961
2018-11-01 Thu	2623	2659	2697	2744	2750	2756	3667	3738	3743	6836	6887	6910	6922
2018-11-02 Fri	2774	2777	3618	3660	3726	6821	6834	6847	6849	6851	6911	6941	6945
2018-11-05 Mon	2657	2730	2731	2752	3619	3682	3736	3744	6826	6906	6934	6946	6966
2018-11-06 Tue	2666	2732	2760	3619	3740	3748	6821	6832	6844	6845	6920	6960
2018-11-07 Wed	2621	2659	2744	2753	3613	3660	3677	3741	6821	6834	6901	6964
2018-11-08 Thu	2623	2666	2777	2796	3657	3663	3669	3740	6819	6895	6910	6961	6965
2018-11-09 Fri	2620	2621	2623	2743	2744	2777	3613	3616	3673	3737	6825	6911	6965
2018-11-13 Tue	2732	2782	3614	3671	3676	3725	3736	6847	6848	6897	6922	6937
2018-11-14 Wed	2662	2733	2754	2758	3617	3696	3697	3726	6823	6827	6834	6903	6920
2018-11-15 Thu	2662	2744	2745	3608	3610	3663	3739	6820	6825	6826	6840	6867	6937
2018-11-16 Fri	2685	2697	2731	2753	2759	3630	3663	3736	6833	6836	6913
2018-11-19 Mon	2621	2623	2664	2732	2751	3629	3662	3681	3726	6825	6827	6847	6946
2018-11-20 Tue	2633	2751	2777	3612	3670	3726	3743	6839	6904	6914	6945	6946
2018-11-21 Wed	2656	2682	2757	3618	3672	3693	3741	6898	6915	6916	6935	6944	6961
2018-11-26 Mon	2656	2659	2664	2730	2731	2753	3619	3630	3661	3691	6835	6916
2018-11-27 Tue	2664	2730	2731	2733	2750	2758	2759	3657	3660	3663	3740	6831	6915
2018-11-28 Wed	2662	2730	2774	2783	3667	3726	3748	6823	6827	6873	6875	6934	6963
2018-11-29 Thu	2621	2666	2730	2759	2774	3606	3686	6826	6832	6845	6846	6849	6944
2018-11-30 Fri	2660	2745	3612	3662	3686	3745	6842	6845	6866	6935	6940	6941	6960
2018-12-03 Mon	2621	2656	2657	2732	2743	2758	2760	2777	3689	3691	3743	6887	6946
2018-12-04 Tue	2752	2760	2796	3610	3674	3693	3741	6834	6900	6901	6904	6906	6910
2018-12-05 Wed	2659	2744	2760	3662	3663	3696	3745	6838	6842	6873	6897	6904	6913
2018-12-06 Thu	2666	2756	3658	3661	3747	6821	6839	6840	6848	6887	6936	6942	6946
2018-12-07 Fri	2730	3688	3689	3725	6838	6876	6877	6888	6898	6903	6909	6934	6936
2018-12-10 Mon	2659	2758	3618	3685	3689	6820	6825	6831	6849	6873	6912	6944	6946
2018-12-11 Tue	2662	2682	2745	2796	3668	3740	3742	6821	6822	6895	6902	6912
2018-12-12 Wed	2743	2750	2751	2758	2788	3614	3616	3741	6838	6873	6902
2018-12-13 Thu	2621	3676	3695	6825	6837	6838	6876	6895	6913	6935	6936	6944	6945
2018-12-14 Fri	2657	2752	3695	3744	3748	6824	6835	6851	6853	6876	6935	6943	6960
2018-12-17 Mon	2622	2686	2744	2752	2756	3605	3608	3695	6819	6825	6831	6935	6937
2018-12-18 Tue	2657	2659	2751	2752	3685	3693	3740	6826	6835	6840	6841	6843	6913
2018-12-19 Wed	2633	2686	3671	3679	3738	3739	6820	6822	6826	6840	6841	6900	6902
2018-12-20 Thu	2755	2756	2774	2777	3666	3676	6832	6836	6875	6944	6965
2018-12-21 Fri	2664	2686	2752	2755	2760	2777	3614	3665	3695	6838	6850	6877
2019-01-02 Wed	2657	2662	2733	2758	2759	3659	3671	3742	6820	6840	6876	6911	6944
2019-01-03 Thu	2664	2757	3616	3742	3743	6827	6887	6895	6897	6911	6935	6940	6945
2019-01-04 Fri	2656	2666	2731	2743	2756	2759	3664	3668	3684	6828	6831	6913	6937
2019-01-07 Mon	2666	2685	3607	3666	3737	6819	6822	6843	6903	6908	6922	6941	6946
2019-01-08 Tue	2657	2666	2697	2728	3618	3672	3684	6832	6852	6853	6876	6908	6910
2019-01-09 Wed	2730	2732	2750	2752	2758	2760	2774	3618	3737	3742	6819	6850	6964
2019-01-10 Thu	2621	2666	2728	2774	2777	2788	3617	3620	3629	3678	6850	6936	6962
2019-01-11 Fri	2656	2682	2687	2719	3605	3611	6836	6845	6852	6910	6912	6934	6946
2019-01-14 Mon	2666	2730	2743	3605	3611	3745	6822	6827	6905	6910	6913	6941	6964
