2018-09-17 Mon	4310	4311	4315	4316	4321	4322	4323	4327	4329	4334	4340	4346	4349	4356	4357	4359	4368	4370	4382	4386	4389	4403	4501	4552
2018-09-18 Tue	4301	4305	4320	4322	4323	4327	4329	4330	4334	4337	4338	4345	4346	4353	4357	4362	4370	4387	4389	4393	4400	4409	4530	4554	4558
2018-09-19 Wed	4302	4314	4320	4324	4328	4330	4331	4339	4340	4344	4347	4355	4369	4370	4374	4379	4380	4381	4385	4389	4390	4400	4405	4408	4409	4502	4504
2018-09-20 Thu	4303	4320	4323	4324	4332	4336	4340	4342	4355	4359	4363	4364	4371	4385	4386	4389	4391	4394	4402	4404	4405	4500	4525	4538	4551
2018-09-21 Fri	4305	4311	4316	4320	4332	4339	4347	4351	4352	4353	4358	4363	4364	4370	4372	4373	4376	4388	4389	4391	4398	4399	4404	4526	4538	4552
2018-09-24 Mon	4301	4304	4308	4309	4317	4321	4322	4324	4332	4334	4336	4341	4346	4355	4358	4363	4364	4376	4385	4391	4392	4393	4394	4398	4406
2018-09-25 Tue	4307	4312	4316	4321	4328	4329	4330	4334	4338	4342	4344	4345	4351	4352	4356	4357	4360	4366	4367	4372	4379	4381	4392	4397	4398	4406	4409	4521
2018-09-26 Wed	4311	4330	4333	4346	4347	4349	4352	4353	4355	4356	4357	4358	4359	4363	4367	4374	4381	4385	4387	4388	4390	4393	4400	4404	4406	4408	4516
2018-09-27 Thu	4315	4320	4322	4331	4332	4333	4339	4344	4347	4348	4349	4352	4356	4361	4377	4379	4381	4384	4389	4391	4392	4394	4396	4403	4406	4519	4524
2018-09-28 Fri	4301	4303	4304	4305	4310	4319	4331	4338	4344	4348	4351	4357	4362	4364	4367	4370	4373	4382	4384	4387	4391	4399	4518	4547	4551
2018-09-29 Sat	2677	2696	2701	2704	2705	2708	2709	2711	2712	2747	2803	2812	3600
2018-09-30 Sun	2645	2667	2693	2786	7028	7036	7114	7128	7129	7135
2018-10-01 Mon	4309	4312	4316	4320	4323	4324	4331	4333	4344	4348	4364	4366	4369	4370	4371	4379	4382	4383	4385	4390	4391	4400	4401	4405	4409	4560	4563
2018-10-02 Tue	4304	4308	4309	4315	4329	4340	4346	4352	4353	4356	4360	4361	4369	4376	4377	4381	4382	4389	4392	4400	4401	4405	4408	4409	4507	4537	4545
2018-10-03 Wed	4307	4310	4312	4315	4316	4320	4322	4326	4330	4344	4352	4372	4373	4377	4381	4382	4385	4392	4393	4397	4400	4408	4556
