2018-09-17 Mon	3604	3626	3697	8044
2018-09-18 Tue	3622	3631	3633	3652	3656	7131	8007	8225
2018-09-19 Wed	3604	3626	3628	3650	3655	7135	8062	8064
2018-09-20 Thu	3621	3624	3628	3633	7012	8009	8208
2018-09-21 Fri	3626	3633	3634	3652	3653	7132	8010	8075
2018-09-24 Mon	3638	3650	3697	8002
2018-09-25 Tue	3601	3604	3640	3641	3656	8031	8204
2018-09-26 Wed	3604	3627	3639	3644	3648	3652	8041	8071
2018-09-27 Thu	3623	3627	3649	3651	3656	3698	8043	8047
2018-09-28 Fri	3638	3642	3651	3652	3699	8047
2018-10-01 Mon	3600	3601	3602	3622	3624	3653	8048	8081
2018-10-02 Tue	3602	3636	3637	3643	3648	3650	8021	8055
2018-10-03 Wed	3644	3655	3698	8065
2018-10-04 Thu	3621	3637	3640	3642	3649	3654	8034	8038
2018-10-05 Fri	3600	3604	3628	3642	3646	3697	8024	8211
2018-10-08 Mon	3600	3602	3634	3698	3699	7134	8028	8045
2018-10-09 Tue	3634	3643	3651	3697	3698	7131	8044	8244
2018-10-10 Wed	3623	3637	3646	3652	3654	8031	8209	8239
2018-10-11 Thu	3633	3642	3649	3652	3654	3699	8000	8256
2018-10-12 Fri	3633	3636	3644	3647	3649	3652	8010	8052
2018-10-15 Mon	3601	3645	3648	3656	3698	8047	8201
2018-10-16 Tue	3601	3632	3634	3648	3652	3656	8207	8251
2018-10-17 Wed	3601	3621	3622	3646	3650	3656	8038	8078
2018-10-18 Thu	3623	3641	3647	3648	3649	3698	8035	8230	8254
2018-10-19 Fri	3604	3624	3632	3642	3645	3646	8219	8224
2018-10-22 Mon	3602	3627	3631	3633	3635	3645	8009	8211
2018-10-23 Tue	3600	3623	3634	3639	8050	8233
2018-10-24 Wed	3603	3627	3633	3638	3641	8026	8057
2018-10-25 Thu	3634	3638	3642	3646	3699	8012	8215
2018-10-26 Fri	3603	3623	3627	3628	3637	3654	8028	8039
2018-10-29 Mon	3604	3638	3652	3655	3656	8047	8060	8083
2018-10-30 Tue	3624	3626	3627	3631	3645	3653	8214	8246
2018-10-31 Wed	3621	3626	3631	3639	3647	8071	8239
2018-11-01 Thu	3632	3633	3639	3645	3651	7025	8034	8081
2018-11-02 Fri	3604	3624	3633	3637	3648	3651	8042	8256
2018-11-05 Mon	3604	3625	3627	3637	3654	8007	8049	8207
2018-11-06 Tue	3604	3631	3637	3642	3643	8024	8072	8240
2018-11-07 Wed	3621	3623	3631	7018	7023	8005	8025	8206
2018-11-08 Thu	3601	3642	3650	7027	7028	8005	8059	8259
2018-11-09 Fri	3603	3621	3634	3649	7137	8222	8233	8253
2018-11-12 Mon	3621	3626	3635	3643	3648	8011	8207	8226
2018-11-13 Tue	3633	3636	3650	3656	8225	8234	8240
2018-11-14 Wed	3603	3621	3633	3650	7027	8002	8208	8247
2018-11-15 Thu	3602	3628	3646	3656	8004	8202	8210
2018-11-16 Fri	3601	3621	3637	3647	3653	8000	8058	8080
2018-11-19 Mon	3636	3647	3649	3699	7135	8008	8239	8242
2018-11-20 Tue	3601	3631	3655	3656	7019	8065	8215	8229
2018-11-21 Wed	3622	3627	3636	3656	7135	8250	8252	8257
2018-11-23 Fri	3600	3635	3642	3655	8080	8214	8239
2018-11-26 Mon	3621	3631	3649	7113	8201	8222	8241
2018-11-27 Tue	3624	3646	3651	3652	7132	8000	8002	8003
2018-11-28 Wed	3631	3634	3645	3651	3699	8010	8248	8250
2018-11-29 Thu	3601	3628	3642	3656	7137	8040	8042	8052
2018-11-30 Fri	3624	3633	3645	3649	3654	8211	8223	8259
2018-12-03 Mon	3604	3637	3649	3699	7017	8005	8210	8233
2018-12-04 Tue	3634	3639	3645	3651	3652	8205	8234	8251
2018-12-05 Wed	3634	3641	3646	3649	7101	8048	8051	8081
2018-12-06 Thu	3604	3622	3640	3649	3698	8065	8081	8218
2018-12-07 Fri	3627	3632	3634	3650	3651	8006	8064	8243
2018-12-10 Mon	3628	3632	3637	3638	3655	8007	8063	8250
2018-12-11 Tue	3600	3632	3651	3655	3656	8014	8232
2018-12-12 Wed	3600	3604	3632	3639	3645	8002	8011	8229
2018-12-13 Thu	3622	3623	3639	3641	3654	8025	8080	8240
2018-12-14 Fri	3602	3627	3639	3641	7116	8209	8238	8248
2018-12-17 Mon	3602	3643	3645	3649	3654	8050	8211	8251
2018-12-18 Tue	3602	3633	3648	3651	3654	8081	8202	8252
2018-12-19 Wed	3637	3638	3649	3656	8018	8057	8082
2018-12-20 Thu	3628	3631	3635	3641	7025	8006	8213	8253
2018-12-21 Fri	3624	3628	3635	3638	3649	8022	8240	8252
2018-12-24 Mon	3604	3624	3637	3638	7137	8040	8073	8235
2018-12-26 Wed	3649	3656	3698	3699	7127	8013	8021	8210
2018-12-27 Thu	3622	3623	3645	3654	8000	8055	8237
2018-12-28 Fri	3603	3635	3637	3654	3699	8082	8210	8217
2018-12-31 Mon	3622	3636	3641	3645	3646	8065	8071	8244
2019-01-02 Wed	3602	3603	3636	3639	3642	8006	8080	8250
2019-01-03 Thu	3624	3625	3656	3698	8058	8066	8255
2019-01-04 Fri	3636	3643	3647	3650	3653	8009	8057	8082
2019-01-07 Mon	3626	3627	3637	3642	3647	8009	8044	8050
2019-01-08 Tue	3636	3640	3646	3653	3654	8036	8038	8251
2019-01-09 Wed	3621	3634	3638	3639	3648	8028	8037	8244
2019-01-10 Thu	3601	3628	3642	3650	3652	8010	8253	8262
2019-01-11 Fri	3600	3604	3648	3650	8015	8023	8213
2019-01-14 Mon	3627	3633	3637	3646	3652	8054	8216	8227
