2018-09-17 Mon	2659	2666	2744	2745	2750	2774	2796	3691	6824	6834	6838	6839	6849	6851	6852	6854	6908	6944	6960
2018-09-18 Tue	2621	2657	2658	2659	2682	2687	2745	2746	2755	2759	2774	2788	3680	6833	6835	6836	6879	6908	6922	6934	6940	6942	6946	6964	6965
2018-09-19 Wed	2662	2685	2733	2742	2744	3670	3675	3685	6820	6821	6831	6838	6841	6844	6867	6875	6879	6887	6900	6903	6937	6940	6941	6965
2018-09-20 Thu	2657	2659	2662	2682	2687	2695	2728	2732	2733	2743	2745	2746	2760	3607	6832	6835	6836	6843	6866	6887	6888	6897	6906	6934
2018-09-21 Fri	2664	2682	2747	2751	2754	2758	2759	2788	3684	6820	6834	6838	6849	6866	6875	6888	6900	6902	6903	6934	6945	6961	6962
2018-09-22 Sat	3611	3658	3675	3684	3689	3690
2018-09-23 Sun	3612	3613	3661	3670
2018-09-24 Mon	2622	2660	2662	2682	2686	2687	2730	2742	2743	2750	2751	2783	2795	3676	3677	6819	6840	6847	6866	6873	6876	6877	6904	6911	6912	6942	6960	6961	6964
2018-09-25 Tue	2656	2660	2682	2685	2686	2731	2732	2751	2755	2759	3608	3661	6824	6832	6838	6843	6846	6851	6867	6875	6876	6877	6879	6897	6900	6902	6906	6908	6945	6946	6960
2018-09-26 Wed	2656	2666	2697	2731	2751	2754	2759	2777	2782	2783	2788	2795	3607	6827	6837	6847	6852	6854	6895	6900	6901	6902	6904	6905	6911	6922	6934	6936	6937	6942
2018-09-27 Thu	2622	2657	2658	2660	2731	2733	2751	2754	2756	2758	2774	3611	6821	6822	6823	6827	6831	6837	6838	6844	6851	6853	6876	6888	6897	6911	6934	6937	6961
2018-09-28 Fri	2619	2657	2687	2744	2751	2754	2756	2760	2774	2782	3696	3739	3744	6819	6842	6843	6844	6853	6876	6879	6897	6900	6904	6905	6909	6912	6934	6936	6937	6965
2018-09-29 Sat	3609	3668	3671	3672	3695	3741
2018-09-30 Sun	3618	3671	3672	3673
2018-10-01 Mon	2621	2622	2657	2662	2682	2686	2730	2732	2751	2752	2759	2774	2782	2796	3616	3657	6820	6841	6843	6867	6887	6895	6903	6905	6934	6935	6936	6941	6960	6965
2018-10-02 Tue	2621	2633	2657	2687	2697	2732	2751	2758	2760	2783	2796	3695	6820	6823	6834	6835	6839	6840	6843	6876	6887	6904	6905	6922	6935	6941	6945	6961	6964
2018-10-03 Wed	2657	2659	2697	2756	2774	2783	3617	3663	6823	6827	6832	6839	6843	6847	6851	6867	6887	6895	6898	6901	6914	6936	6965
2018-10-04 Thu	2619	2659	2660	2666	2697	2742	2743	2744	2751	2756	2760	2783	3605	6819	6820	6823	6825	6827	6844	6847	6849	6866	6898	6900	6905	6913	6936	6946	6965	6966
2018-10-05 Fri	2657	2660	2662	2687	2742	2752	2783	3673	3685	6824	6832	6835	6838	6842	6843	6847	6849	6851	6866	6867	6887	6911	6912	6913	6914	6934	6936	6940	6942	6964	6965
2018-10-06 Sat	3611	3620	3657	3658	3666	3670
2018-10-07 Sun	3610	3617	3618	3665
2018-10-08 Mon	2656	2657	2662	2666	2682	2731	2752	2777	2795	2796	3629	3695	6819	6821	6824	6827	6833	6839	6842	6852	6876	6887	6898	6900	6903	6912	6922	6941	6960	6966
2018-10-09 Tue	2619	2656	2662	2686	2743	2744	2756	2760	2795	2796	3677	6819	6823	6832	6838	6851	6879	6887	6895	6897	6902	6903	6908	6910	6940	6941	6945	6946	6964
2018-10-10 Wed	2622	2658	2686	2697	2742	2743	2753	2756	3612	3677	3681	6819	6823	6833	6837	6853	6879	6888	6898	6900	6905	6912	6935	6937	6941	6942	6943	6945	6960	6966
2018-10-11 Thu	2657	2685	2742	2743	2752	2758	2777	2795	3692	3696	6821	6833	6840	6847	6854	6867	6873	6875	6895	6906	6912	6913	6922	6937	6940	6941	6946	6961	6962
2018-10-12 Fri	2621	2662	2687	2730	2731	2733	2742	2743	2754	2758	2774	3657	3663	3679	6820	6838	6840	6876	6879	6900	6902	6906	6911	6913	6922	6934	6942	6960	6962
2018-10-13 Sat	3663	3664	3666	3689	3690	3691	3697
2018-10-14 Sun	3607	3666	3676	3678
2018-10-15 Mon	2619	2656	2660	2750	2752	2760	2774	2782	2796	3674	3691	6819	6823	6825	6828	6835	6838	6851	6854	6867	6876	6898	6901	6902	6914	6922	6934	6937	6960
2018-10-16 Tue	2619	2621	2633	2660	2666	2742	2745	2752	2753	2756	2757	2759	2777	2782	3611	3664	6821	6843	6847	6852	6866	6873	6897	6902	6906	6909	6911	6912	6945	6962
2018-10-17 Wed	2619	2622	2659	2730	2733	2754	2758	2759	2774	2777	2788	2796	3669	3675	6820	6822	6833	6840	6842	6843	6844	6848	6867	6898	6903	6904	6914	6922	6942	6962
2018-10-18 Thu	2619	2622	2623	2662	2664	2666	2732	2754	2760	2788	2796	3607	3725	6823	6826	6828	6835	6840	6845	6847	6848	6850	6852	6866	6876	6877	6898	6902	6903	6934	6965
2018-10-19 Fri	2623	2633	2662	2664	2697	2733	2752	2757	2759	2777	3679	6822	6825	6846	6850	6852	6876	6887	6900	6901	6903	6913	6937	6945	6946	6960	6962	6964	6965
2018-10-20 Sat	3605	3611	3613	3664	3685	3697
2018-10-21 Sun	3612	3614	3630	3662	3692
2018-10-22 Mon	2619	2633	2666	2682	2685	2730	2731	2732	2751	2759	2777	2796	3688	6820	6828	6843	6844	6847	6853	6854	6901	6909	6914	6922	6934	6937	6940	6943
2018-10-23 Tue	2659	2660	2682	2732	2733	2751	2752	2753	2756	2760	2783	3691	6821	6839	6842	6844	6847	6873	6877	6904	6922	6934	6937	6942	6946	6960	6961	6963
2018-10-24 Wed	2633	2659	2664	2697	2732	2754	2757	2759	2783	2788	3613	3686	6819	6825	6835	6840	6843	6846	6847	6851	6852	6854	6877	6901	6903	6906	6915	6942	6943	6966
2018-10-25 Thu	2622	2656	2682	2742	2758	2777	2783	3690	6822	6826	6835	6838	6846	6848	6850	6873	6887	6888	6906	6913	6914	6916	6922	6937	6940	6941	6943	6946	6962
2018-10-26 Fri	2621	2656	2659	2662	2730	2744	2752	2754	2756	2774	2782	3615	6816	6826	6838	6841	6843	6844	6846	6850	6853	6873	6877	6900	6902	6905	6914	6935	6941	6960	6962
2018-10-27 Sat	3608	3615	3630	3663	3672	3681
2018-10-28 Sun	3605	3662	3668	3670
2018-10-29 Mon	2682	2697	2733	2751	2752	2756	2757	2758	3680	6819	6821	6828	6833	6842	6844	6846	6849	6867	6887	6897	6900	6901	6906	6913	6922	6940	6943	6945	6962	6966
