2018-09-17 Mon	2695	2758	3671	6840	6876	6897	6966
2018-09-18 Tue	2666	2720	2721	2731	2746	3617	3691	6819	6821	6897	6934	6962
2018-09-19 Wed	2685	2731	2746	2755	3646	3683	6819	6822	6827	6904	6906	6966
2018-09-20 Thu	2619	2730	2758	2777	3644	3689	6819	6876	6903	6909	6940
2018-09-21 Fri	2619	2662	2687	2695	2744	2750	3658	3660	6846	6879	6936	6962
2018-09-24 Mon	2662	2666	2687	2697	2733	3608	3666	3670	3673	3685	6867	6913	6961	6962
2018-09-25 Tue	2619	2656	2730	2745	3607	3608	3675	3680	3692	6821	6887	6903	6910	6911	6962
2018-09-26 Wed	2686	2742	2750	2755	2756	3605	3606	3611	3667	3696	6835	6837	6900	6935	6941
2018-09-27 Thu	2621	2622	2752	2760	2788	3609	3610	3620	3660	3691	3694	6849	6876	6962	6966
2018-09-28 Fri	2659	2660	2686	2745	2752	3608	3609	3658	3666	3672	6831	6867	6875	6888
2018-10-01 Mon	2621	2633	2657	2659	3607	3612	3618	3669	3672	6847	6873	6910	6942	6962	6964
2018-10-02 Tue	2621	2685	2687	2759	2774	3605	3608	3613	3614	3668	6826	6846	6875	6901
2018-10-03 Wed	2619	2730	2744	2750	3607	3608	3609	3611	6838	6922	6934
2018-10-04 Thu	2664	2731	2732	2743	2744	2777	3613	3614	3619	3620	3666	6839	6875	6898	6945
2018-10-05 Fri	2660	2686	2731	2783	2788	2796	3612	3614	3615	3618	6821	6825	6827	6833
2018-10-08 Mon	2685	2697	2742	2751	3605	3619	3685	3690	6819	6828	6840	6849	6946	6960
2018-10-09 Tue	2621	2750	2756	3608	3629	3668	3669	3681	3682	6837	6838	6877	6897	6900	6942
2018-10-10 Wed	2657	2660	2685	2733	2756	2759	3615	3629	3669	3696	6834	6867	6909	6937
2018-10-11 Thu	2731	2754	2783	3612	3619	3667	3675	3677	3692	6828	6833	6852	6887	6904
2018-10-12 Fri	2658	2753	2795	3619	3674	3677	3687	3747	6824	6826	6842	6876	6903	6910	6940
2018-10-15 Mon	2685	2744	2754	2783	3615	3657	3658	3662	3664	3675	6821	6834	6835	6879	6910
2018-10-16 Tue	2623	2759	2788	3611	3629	3659	3669	3686	3696	3740	6819	6846	6854	6877	6904
2018-10-17 Wed	2656	2662	2744	2796	3609	3661	3665	3675	3676	3684	6820	6834	6838	6906	6946
2018-10-18 Thu	2730	2744	2751	2753	2796	3616	3666	3677	3678	6839	6866	6888	6935
2018-10-19 Fri	2697	2750	2752	2783	3629	3659	3685	3691	3743	6848	6854	6877	6902	6961
2018-10-22 Mon	2633	2657	2659	2733	2788	3610	3612	3613	3615	3669	3689	3741	6897	6906	6941
2018-10-23 Tue	2731	2745	2752	2788	3608	3614	3679	3690	3697	6845	6853	6906	6911	6945
2018-10-24 Wed	2622	2660	2662	2731	2750	3617	3620	3675	3685	3687	6850	6902	6910
2018-10-25 Thu	2619	2697	2745	2796	3605	3614	3618	3663	3664	3667	6823	6828	6845	6853	6906
2018-10-26 Fri	2623	2660	2750	2752	2757	3605	3609	3615	3665	3667	3668	6825	6833	6879	6887
2018-10-29 Mon	2622	2732	2744	2759	2783	2796	3608	3611	3617	3665	3697	6911	6914	6942
2018-10-30 Tue	2657	2750	2751	2752	2754	2758	3611	3660	3663	3673	3686	6821	6849	6851	6916
2018-10-31 Wed	2622	2664	2731	3658	3662	3667	3672	3691	3740	6832	6873	6879	6910	6935	6962
2018-11-01 Thu	2660	2662	2733	2751	2752	2757	2759	3615	3630	3665	6820	6850	6900
2018-11-02 Fri	2733	2752	2782	3613	3661	3663	3672	6850	6851	6853	6897	6898	6937	6940
2018-11-05 Mon	2733	2754	2755	2756	3619	3630	3661	3668	3677	3682	6853	6912	6914	6920	6942	6965
2018-11-06 Tue	2660	2731	2777	3615	3657	3665	3680	6821	6836	6839	6846	6848	6852	6966
2018-11-07 Wed	2620	2662	2664	2758	3616	3629	3667	3693	6823	6834	6844	6911	6916	6922
2018-11-08 Thu	2620	2659	2742	3606	3609	3672	3696	6816	6822	6826	6828	6843	6867	6877
2018-11-09 Fri	2620	2657	2745	2774	2777	3606	3619	3662	3693	6846	6876	6941	6946
2018-11-12 Mon	2621	2623	2633	2730	2753	2757	3612	3664	3675	3677	3695	6826	6839	6846	6847
2018-11-13 Tue	2697	2732	2750	3612	3657	3662	3663	3669	6827	6836	6849	6877	6908	6945	6961
2018-11-14 Wed	2621	2662	2752	2753	2760	2782	3612	3614	3657	3684	3687	6828	6835	6942	6943
2018-11-15 Thu	2621	2732	2752	2777	2783	3657	3663	3664	3685	3695	6845	6873	6875	6898	6944
2018-11-16 Fri	2657	2682	2732	2751	3606	3629	3662	3681	6833	6834	6849	6904	6905
2018-11-19 Mon	2621	2657	2664	2753	2758	2796	3629	3658	3680	3681	3696	3736	6843	6920	6945
2018-11-20 Tue	2633	2685	2743	2744	2782	3663	3664	3668	3674	3743	3745	6819	6848	6922	6940
2018-11-21 Wed	2621	2659	2732	2752	2753	2760	3605	3609	3670	3678	3681	3685	6848	6897	6963
