2018-09-17 Mon	4300	4304	4314	4324	4338	4342	4345	4352	4363	4365	4370	4379	4386	4389	4393	4394	7096	7106
2018-09-18 Tue	4305	4310	4316	4321	4336	4337	4349	4360	4363	4367	4369	4374	4379	4380	4385	4388	4397	4401	4405	4409	7039	7080
2018-09-19 Wed	4305	4312	4317	4323	4324	4328	4331	4332	4344	4345	4358	4360	4361	4375	4376	4388	4397	4403	4406	7087	7094
2018-09-20 Thu	4302	4304	4305	4311	4314	4328	4330	4334	4347	4348	4353	4355	4358	4366	4370	4379	4383	4390	4398	4402	7007	7091
2018-09-21 Fri	4308	4321	4330	4340	4345	4346	4347	4349	4351	4355	4357	4370	4374	4382	4386	4388	4394	4396	4400	4403	4405	7008	7080
2018-09-24 Mon	4302	4314	4322	4325	4328	4336	4349	4351	4353	4356	4357	4367	4369	4373	4376	4382	4399	4406	4409	7092	7118
2018-09-25 Tue	4307	4309	4310	4311	4323	4326	4331	4340	4341	4342	4346	4356	4360	4362	4363	4369	4380	4387	4393	4405	4408	7100	7120
2018-09-26 Wed	4309	4317	4324	4326	4328	4341	4345	4346	4347	4351	4352	4360	4362	4366	4368	4373	4382	4385	4389	4392	4405	7108	7119
2018-09-27 Thu	4304	4308	4323	4324	4326	4329	4336	4346	4352	4353	4361	4375	4379	4380	4386	4388	4391	4393	4394	4400	4405	7037	7105
2018-09-28 Fri	4311	4316	4320	4324	4347	4353	4357	4369	4372	4375	4379	4380	4385	4386	4392	4394	4404	4408	7032	7114	7121
2018-09-29 Sat	3635	3639	3643	7036	7101	7105	7113	7120	7124	7131	7137
2018-09-30 Sun	3634	3635	3639	3643	3650	7037	7102	7113	7131
2018-10-01 Mon	4304	4315	4325	4329	4339	4341	4346	4348	4351	4352	4362	4367	4377	4381	4390	4391	4393	4396	4398	4399	4409	7002	7008
2018-10-02 Tue	4314	4319	4323	4328	4332	4355	4357	4362	4364	4365	4368	4370	4372	4376	4385	4386	4389	4394	4397	4408	7066	7082	7121
2018-10-03 Wed	4301	4307	4311	4317	4319	4330	4332	4333	4359	4369	4375	4382	4384	4389	4390	4391	4394	4405	7080	7105	7111
2018-10-04 Thu	4303	4310	4317	4325	4327	4329	4331	4333	4340	4346	4348	4351	4361	4366	4372	4386	4388	4399	4400	4401	4405	7075	7092
2018-10-05 Fri	4303	4307	4312	4315	4316	4324	4329	4339	4340	4355	4357	4362	4370	4373	4376	4379	4381	4387	4394	4396	4403	4405	7069	7093	7126
2018-10-06 Sat	3625	3640	7032	7076	7091	7093	7101	7108	7126	7131	7134
2018-10-07 Sun	3645	7017	7065	7078	7091	7105	7113	7122	7128	7134
2018-10-08 Mon	4301	4307	4309	4314	4316	4319	4329	4342	4344	4346	4352	4356	4376	4383	4389	4391	4394	4399	4401	4406	7067	7074
2018-10-09 Tue	4301	4302	4305	4307	4309	4314	4321	4326	4330	4332	4346	4348	4349	4358	4362	4366	4370	4371	4372	4374	4380	4385	4389	7097	7117
2018-10-10 Wed	4301	4311	4315	4325	4331	4332	4337	4346	4347	4351	4356	4367	4385	4386	4390	4391	4400	4404	4405	4409	7036	7103
2018-10-11 Thu	4308	4310	4312	4325	4330	4331	4333	4336	4338	4340	4348	4349	4351	4352	4362	4372	4380	4383	4387	4399	4409	7063	7088	7094
2018-10-12 Fri	4302	4306	4310	4312	4316	4319	4323	4326	4329	4336	4338	4352	4358	4360	4362	4364	4367	4385	4386	4388	4403	7029	7107	7110	7115
2018-10-13 Sat	3648	7012	7025	7028	7072	7094	7107	7119	7124	7127
2018-10-14 Sun	3623	3625	3632	3636	3650	7012	7017	7027	7032	7094	7132
2018-10-15 Mon	4305	4307	4308	4317	4326	4333	4338	4346	4351	4353	4356	4358	4361	4366	4370	4372	4385	4391	4392	7001	7068
2018-10-16 Tue	4302	4305	4321	4324	4326	4332	4333	4353	4355	4365	4372	4376	4377	4385	4386	4391	4397	4404	4405	4406	7119	7158
2018-10-17 Wed	4304	4306	4313	4316	4317	4321	4326	4330	4331	4352	4353	4356	4361	4364	4367	4369	4370	4375	4380	4384	4406	4409	7098	7118	7119
2018-10-18 Thu	4306	4308	4309	4311	4315	4323	4342	4348	4356	4360	4362	4363	4373	4386	4390	4398	4399	4402	4404	7082	7099
2018-10-19 Fri	4302	4304	4305	4317	4320	4323	4329	4337	4357	4361	4371	4379	4384	4386	4388	4391	4398	4399	4408	4409	7032	7071	7105
2018-10-20 Sat	3624	3627	3649	3653	3655	7064	7065	7066	7105	7112	7118	7121
2018-10-21 Sun	3625	3627	3639	3646	3649	3650	3655	7064	7065	7112	7121
2018-10-22 Mon	4304	4306	4311	4330	4331	4334	4345	4356	4359	4365	4369	4373	4374	4389	4391	4398	4399	4405	4406	4408	7077	7095
2018-10-23 Tue	4310	4321	4329	4330	4333	4339	4347	4352	4360	4362	4368	4369	4371	4373	4375	4379	4382	4386	4389	4392	4397	4400	4405	7090	7103
2018-10-24 Wed	4305	4309	4313	4315	4327	4329	4342	4347	4348	4351	4356	4365	4366	4367	4374	4375	4376	4390	4399	4403	7032	7111
2018-10-25 Thu	4315	4316	4319	4324	4325	4329	4338	4364	4365	4368	4376	4380	4381	4387	4388	4390	4393	4405	4406	4409	7001	7063
2018-10-26 Fri	4308	4314	4317	4320	4326	4336	4337	4339	4346	4347	4358	4360	4361	4365	4367	4370	4371	4379	4391	4392	4398	4409	7095	7111	7126
2018-10-27 Sat	3600	3604	3699	7081	7092	7101	7103	7111	7137	7159
2018-10-28 Sun	3625	3628	3635	3650	3651	7087	7092	7101	7128	7129	7159
2018-10-29 Mon	4302	4318	4320	4328	4337	4338	4343	4344	4346	4357	4362	4364	4375	4378	4381	4382	4384	4391	4395	4403	4405	7064	7080
2018-10-30 Tue	4313	4320	4325	4330	4331	4332	4340	4347	4353	4358	4361	4368	4371	4377	4380	4382	4384	4387	4392	4394	4398	4409	7071	7086
2018-10-31 Wed	4312	4314	4321	4325	4330	4331	4351	4357	4358	4363	4367	4377	4378	4380	4389	4391	4402	4404	4406	4409	7066	7069
2018-11-01 Thu	4303	4307	4308	4309	4314	4320	4322	4342	4346	4350	4353	4358	4359	4361	4364	4365	4390	4393	4402	4408	7123	7158
2018-11-02 Fri	4304	4309	4322	4325	4326	4331	4348	4357	4359	4360	4365	4366	4369	4381	4386	4391	4392	4408	4409	7038	7074	7090
2018-11-03 Sat	3601	3631	7038	7075	7091	7101	7104	7132	7136	7159
2018-11-04 Sun	3601	3634	3647	7005	7084	7098	7101	7116	7131	7132
2018-11-05 Mon	4300	4302	4309	4312	4316	4322	4327	4331	4332	4335	4338	4359	4372	4374	4375	4384	4388	4394	4401	4405	7001	7033
2018-11-06 Tue	4301	4304	4313	4318	4320	4322	4323	4325	4334	4340	4356	4357	4374	4375	4380	4383	4388	4389	4397	4402	4409	7068	7159
2018-11-07 Wed	4301	4306	4323	4330	4333	4334	4339	4342	4366	4367	4368	4373	4375	4379	4382	4383	4384	4387	4399	4400	4405	7079	7110
2018-11-08 Thu	4302	4303	4304	4312	4313	4314	4320	4322	4327	4347	4359	4364	4368	4370	4374	4387	4389	4390	4391	4394	7006	7068
2018-11-09 Fri	4301	4302	4303	4305	4312	4314	4322	4328	4329	4332	4344	4364	4369	4372	4380	4381	4383	4384	4386	4400	7037	7063	7068
2018-11-10 Sat	7002	7012	7033	7036	7066	7068	7081	7084	7088	7106	7136
2018-11-11 Sun	3623	3633	3649	3651	7011	7085	7103	7105	7136	7160
2018-11-12 Mon	4303	4309	4319	4326	4329	4343	4344	4348	4349	4351	4357	4364	4372	4374	4375	4380	4383	4400	4404	4405	7005	7108	7110
2018-11-13 Tue	4301	4309	4328	4329	4336	4339	4340	4344	4347	4353	4357	4359	4361	4370	4378	4383	4387	4390	4403	4404	4406	4407	7038	7039	7076
2018-11-14 Wed	4308	4312	4313	4320	4332	4333	4334	4337	4343	4353	4356	4362	4372	4375	4378	4386	4391	4394	4401	4404	7079	7123
2018-11-15 Thu	4302	4312	4314	4317	4321	4326	4329	4331	4345	4353	4354	4356	4357	4360	4366	4377	4383	4387	4390	4392	4400	4406	7063	7083
2018-11-16 Fri	4302	4309	4317	4321	4324	4325	4329	4334	4343	4353	4356	4360	4368	4371	4377	4383	4386	4390	4396	4399	7039	7084
2018-11-17 Sat	3603	3604	3625	3637	3640	3644	3646	3654	7011	7065	7087	7112
2018-11-18 Sun	3601	3625	3631	3633	3635	3644	3650	3652	3698	7096	7112
2018-11-19 Mon	4304	4326	4328	4331	4332	4335	4336	4351	4356	4358	4368	4375	4382	4388	4390	4396	4399	4403	4404	4405	4406	7105	7122
2018-11-20 Tue	4300	4309	4314	4315	4317	4324	4333	4335	4349	4351	4353	4361	4362	4365	4373	4375	4382	4384	4394	4401	4403	7071	7078
2018-11-21 Wed	4308	4318	4319	4320	4325	4331	4343	4345	4347	4350	4360	4363	4365	4377	4378	4382	4386	4395	4396	4399	4404	4405	7089	7115
2018-11-22 Thu	4331	7005	7066	7072	7080	7087	7089	7112	7115	7118	7158
2018-11-23 Fri	4302	4303	4304	4314	4318	4339	4349	4358	4361	4367	4369	4371	4372	4374	4378	4382	4385	4389	4390	4406	4407	7063	7064	7097
2018-11-24 Sat	3640	3649	3655	7023	7027	7063	7091	7133	7134	7137
2018-11-25 Sun	3640	3645	3647	3651	7005	7027	7111	7118	7134	7137
2018-11-26 Mon	4301	4307	4316	4320	4329	4332	4335	4336	4339	4343	4346	4355	4356	4357	4360	4370	4383	4389	4392	4401	4407	7064	7105
2018-11-27 Tue	4303	4321	4333	4349	4351	4354	4363	4364	4366	4367	4372	4375	4383	4385	4387	4397	4401	4402	4403	4404	4409	7002	7074
2018-11-28 Wed	4300	4305	4308	4323	4329	4332	4333	4338	4346	4347	4348	4353	4355	4364	4371	4372	4376	4382	4388	4395	4397	4408	4409	7076	7097
2018-11-29 Thu	4302	4306	4307	4313	4314	4331	4334	4335	4351	4353	4359	4360	4363	4367	4373	4390	4394	4400	4403	4405	7075	7078
2018-11-30 Fri	4304	4309	4328	4329	4332	4341	4351	4361	4368	4369	4370	4373	4374	4379	4388	4389	4390	4400	4402	4406	7071	7078	7125
2018-12-01 Sat	3635	3641	3644	7006	7008	7027	7028	7125	7127	7130	7134
2018-12-02 Sun	3633	3641	3644	7006	7018	7023	7028	7065	7111	7113	7127
2018-12-03 Mon	4300	4307	4325	4327	4332	4337	4347	4350	4353	4364	4365	4366	4368	4370	4371	4379	4382	4384	4385	4387	4392	4405	7030	7097
2018-12-04 Tue	4302	4303	4304	4312	4313	4326	4330	4338	4344	4347	4348	4357	4362	4378	4384	4387	4394	4405	7105	7120
2018-12-05 Wed	4306	4308	4312	4329	4331	4334	4338	4348	4357	4362	4368	4372	4374	4375	4376	4390	4391	4395	4399	4407	7064	7104	7110
2018-12-06 Thu	4304	4305	4307	4320	4322	4323	4328	4330	4334	4350	4353	4354	4359	4365	4368	4370	4379	4381	4384	4389	4405	7033	7068	7122
2018-12-07 Fri	4305	4332	4334	4336	4338	4343	4354	4359	4361	4362	4366	4367	4371	4376	4377	4386	4387	4395	4403	4405	7037	7088
2018-12-08 Sat	3600	3601	3603	3621	3628	3634	7005	7079	7093	7114
2018-12-09 Sun	3604	3628	3642	3654	7063	7072	7073	7087	7092	7093	7099
2018-12-10 Mon	4302	4324	4325	4330	4332	4345	4354	4357	4358	4359	4363	4366	4368	4372	4375	4378	4384	4394	4399	4401	4403	7070	7082
2018-12-11 Tue	4302	4305	4308	4312	4315	4320	4333	4338	4339	4341	4344	4345	4351	4354	4360	4372	4376	4377	4391	4401	7039	7123
2018-12-12 Wed	4313	4315	4316	4319	4321	4322	4323	4330	4332	4339	4354	4364	4366	4378	4397	4400	4402	4408	4409	7038	7073
2018-12-13 Thu	4322	4327	4333	4337	4339	4342	4344	4346	4355	4358	4360	4362	4364	4376	4381	4382	4394	4396	4404	7064	7158
2018-12-14 Fri	4306	4313	4315	4323	4326	4328	4336	4344	4347	4360	4361	4367	4371	4372	4375	4376	4382	4403	4408	4409	7036	7099	7118
2018-12-15 Sat	3601	3602	3631	3635	3637	3652	7036	7065	7066	7087	7095	7123	7158
2018-12-16 Sun	3602	3648	3652	7018	7065	7087	7091	7095	7105	7112	7124
2018-12-17 Mon	4312	4319	4325	4326	4331	4332	4334	4336	4347	4358	4360	4368	4370	4371	4374	4376	4385	4403	4404	4408	7081	7098
2018-12-18 Tue	4300	4308	4319	4326	4334	4337	4338	4347	4351	4357	4377	4378	4380	4382	4385	4396	4399	4402	4404	4406	4408	7086	7104
2018-12-19 Wed	4309	4316	4319	4323	4326	4327	4351	4355	4362	4363	4364	4372	4373	4375	4376	4377	4386	4393	4405	4409	7081	7159
2018-12-20 Thu	4310	4312	4325	4331	4341	4346	4347	4349	4350	4355	4357	4364	4370	4372	4377	4381	4387	4394	4397	4398	7008	7081
2018-12-21 Fri	4312	4315	4320	4328	4333	4336	4342	4343	4351	4357	4361	4366	4371	4372	4375	4379	4382	4385	4398	4403	7078	7103
2018-12-22 Sat	4382	4393	7007	7063	7075	7085	7086	7088	7090	7091	7117	7121
2018-12-23 Sun	4393	7063	7067	7068	7072	7080	7110	7111	7115	7121
2018-12-24 Mon	4306	4310	4315	4324	4328	4332	4360	4361	4364	4371	4373	4384	4385	4394	4395	4399	4400	4404	4405	4406	7077	7079	7123
2018-12-25 Tue	7005	7032	7033	7063	7064	7066	7077	7079	7118	7119
2018-12-26 Wed	4300	4306	4315	4318	4323	4330	4333	4341	4342	4346	4351	4358	4371	4375	4376	4378	4383	4385	4390	4400	7006	7030
2018-12-27 Thu	4304	4305	4308	4315	4319	4325	4333	4342	4346	4349	4359	4360	4361	4366	4367	4373	4385	4387	4390	4394	4395	7039	7120
2018-12-28 Fri	4304	4310	4312	4316	4318	4327	4341	4348	4349	4363	4364	4366	4378	4384	4385	4391	4395	4400	4408	7070	7099
2018-12-29 Sat	3645	3698	3699	7063	7082	7095	7098	7104	7107	7118	7120
2018-12-30 Sun	3603	3637	3645	3698	7037	7082	7087	7098	7099	7126
2018-12-31 Mon	4304	4310	4311	4313	4316	4318	4326	4328	4337	4338	4343	4347	4352	4362	4372	4376	4391	4396	4398	4403	4406	7033	7075	7122
2019-01-01 Tue	7006	7038	7075	7080	7084	7091	7104	7106	7110	7122	7158
2019-01-02 Wed	4303	4304	4306	4307	4310	4311	4312	4316	4321	4328	4329	4335	4343	4361	4362	4370	4383	4385	4394	4399	4402	7007	7039	7096
2019-01-03 Thu	4312	4332	4337	4338	4351	4355	4358	4362	4364	4371	4376	4381	4382	4385	4391	4393	4397	4398	4399	4402	4405	7063	7071
2019-01-04 Fri	4307	4311	4315	4317	4322	4323	4324	4334	4338	4342	4344	4348	4358	4362	4367	4370	4373	4377	4390	4397	4398	4409	7075	7105	7111
2019-01-05 Sat	3600	3622	3631	3638	3649	3654	7001	7030	7075	7086	7091
2019-01-06 Sun	3600	3604	3622	3624	3639	3647	3654	7039	7064	7071	7075
2019-01-07 Mon	4309	4315	4320	4322	4330	4333	4339	4351	4361	4365	4366	4370	4373	4375	4378	4380	4381	4391	4392	4397	4408	7035	7071
2019-01-08 Tue	4311	4313	4316	4319	4321	4326	4327	4333	4339	4347	4354	4359	4361	4379	4382	4383	4390	4397	4400	4408	4409	7115	7120
2019-01-09 Wed	4311	4313	4321	4328	4329	4336	4338	4342	4343	4345	4348	4353	4354	4360	4361	4384	4391	4402	4404	4408	7080	7118
2019-01-10 Thu	4313	4318	4321	4333	4344	4353	4361	4362	4364	4366	4367	4372	4378	4390	4392	4398	4399	4402	4405	4408	4409	7008	7087	7098
2019-01-11 Fri	4322	4327	4328	4332	4334	4336	4338	4339	4343	4345	4351	4358	4362	4380	4382	4383	4395	4396	4400	4401	4404	7038	7080
2019-01-12 Sat	3625	3640	3653	7003	7012	7023	7032	7039	7115	7121
2019-01-13 Sun	3600	3602	3639	3640	3645	7032	7082	7098	7103	7160
2019-01-14 Mon	4308	4310	4312	4327	4340	4344	4349	4367	4372	4373	4375	4377	4378	4386	4387	4393	4396	4397	4402	4403	4408	4409	7076	7122
