2018-09-17 Mon	2604	2606	2613	2630	2638	2639	2674	2681	2683	2700	2708	2711	2763	2765	2766	2791	2800	7002	7006	7029	7084	8254	8259	8260	8261	8263	8264	8270	8281	8291	8294
2018-09-18 Tue	2600	2604	2606	2612	2628	2629	2631	2638	2639	2644	2651	2669	2676	2698	2700	2703	2705	2711	2734	2736	2737	2762	2766	2767	2770	2779	2786	2787	2798	2807	7033	7067	7069	8262	8264	8268	8271	8274	8278	8279	8284	8285	8289	8291	8293
2018-09-19 Wed	2612	2637	2638	2639	2672	2681	2683	2689	2690	2691	2701	2711	2739	2765	2766	2776	2786	2787	2789	2802	2806	2810	7002	7029	7078	8261	8262	8263	8267	8268	8270	8273	8275	8278	8279	8280	8282	8283	8284	8287	8288	8293	8296
2018-09-20 Thu	2601	2604	2628	2629	2631	2637	2642	2647	2649	2651	2677	2681	2684	2705	2710	2736	2738	2739	2761	2762	2763	2766	2773	2786	2797	2800	7004	7037	7068	7124	8260	8263	8265	8268	8271	8272	8275	8280	8282	8283	8284	8285	8288	8293	8294	8296	8297
2018-09-21 Fri	2606	2613	2614	2629	2631	2634	2639	2647	2668	2669	2670	2674	2677	2678	2689	2700	2706	2765	2766	2773	2776	2779	2786	2807	2810	7006	7066	7072	7078	8260	8261	8267	8278	8280	8282	8283	8289	8291	8292	8294	8296
2018-09-24 Mon	2617	2631	2637	2668	2735	2761	2766	2773	2797	7006	7029	7033	7036	7065	7072	7073	7086	7110	8261	8264	8267	8270	8271	8278	8279	8282	8290	8291	8293	8295	8297
2018-09-25 Tue	2601	2604	2617	2634	2642	2647	2648	2651	2652	2670	2671	2673	2736	2739	2786	2789	2797	2799	2802	2805	7003	7008	7030	7035	7036	7038	7063	7081	7091	7112	7124	7126	8261	8265	8267	8269	8272	8278	8283	8285	8289	8290	8291	8293	8295
2018-09-26 Wed	2600	2604	2615	2628	2639	2642	2644	2652	2675	2681	2691	2706	2734	2738	2765	2766	2767	2776	2791	2800	2805	7006	7033	7035	7036	7093	7104	7105	7114	7126	8260	8261	8262	8263	8266	8267	8268	8274	8278	8279	8281	8290	8291	8294	8296	8297
2018-09-27 Thu	2604	2606	2612	2631	2644	2645	2648	2649	2651	2669	2673	2683	2689	2701	2766	2786	2797	2801	2807	7032	7036	7038	7063	7064	7069	7073	7088	7093	7103	7110	7118	7122	8262	8263	8264	8265	8268	8271	8274	8280	8282	8283	8290	8291	8295	8296
2018-09-28 Fri	2604	2612	2615	2628	2637	2642	2644	2671	2675	2676	2677	2689	2703	2705	2762	2771	2780	2786	2789	2791	2798	2802	2809	7065	7069	7086	7094	7099	7104	7118	7124	8260	8263	8265	8269	8271	8274	8277	8278	8279	8281	8282	8283	8285	8296
2018-09-29 Sat	2606	2618	2631	2642	2668	2681	2734	2737	2738	2739	2762	2771	2773	2791	2799	2805	2809	8274	8277	8282
2018-09-30 Sun	2614	2740	2779	2787	2798	8266	8267	8269	8270	8272	8278	8282	8289	8290	8292	8293	8294
2018-10-01 Mon	2604	2651	2669	2670	2673	2675	2676	2677	2683	2698	2735	2736	2737	2762	2764	2776	2779	2786	2790	2791	2794	2797	2798	2801	2805	2807	7004	7030	7070	7073	7104	7106	7108	7117	7120	7126	7160	8261	8263	8264	8265	8268	8269	8270	8277	8284	8285	8292	8293	8295
2018-10-02 Tue	2606	2612	2613	2630	2634	2637	2647	2651	2670	2671	2678	2698	2701	2706	2707	2734	2740	2764	2767	2770	2787	2797	2805	7001	7007	7033	7066	7073	7096	7103	7106	7107	7122	7126	8271	8278	8281	8283	8284	8289	8290	8291	8292	8295	8296	8297	8298
2018-10-03 Wed	2616	2669	2670	2672	2675	2681	2684	2689	2763	2766	2770	2791	7001	7068	7078	7084	7092	7100	7104	7105	7107	7108	7112	7115	8254	8263	8266	8271	8275	8281	8283	8288	8291	8293	8296	8298
