2018-09-17 Mon	2697	2746	2756	6819	6821	6827	6832	6833	6837	6844	6846	6866	6867	6875	6877	6895	6898	6900	6904	6909	6937	6941	6942	6945	6961	6964
2018-09-18 Tue	2660	2682	2685	2686	2695	2730	2751	2754	2758	2796	6824	6832	6834	6835	6836	6838	6839	6841	6842	6846	6851	6852	6853	6866	6867	6869	6876	6877	6887	6888	6895	6897	6901	6902	6903	6904	6906	6935	6937	6944	6945	6960	6961
2018-09-19 Wed	2660	2664	2682	2730	2733	2743	2745	2753	2759	2783	2788	6821	6824	6827	6832	6833	6835	6836	6837	6838	6841	6845	6847	6850	6852	6854	6866	6873	6875	6876	6888	6897	6898	6901	6903	6909	6922	6935	6936	6940	6944	6960	6961	6962
2018-09-20 Thu	2656	2658	2687	2720	2731	2742	2751	2755	2759	2788	6820	6824	6831	6832	6833	6834	6835	6836	6837	6838	6845	6846	6850	6852	6854	6873	6875	6895	6898	6901	6904	6908	6937	6941	6945	6961	6962	6965	6966
2018-09-21 Fri	2633	2656	2659	2686	2728	2755	2774	2783	2796	6821	6822	6827	6832	6833	6835	6837	6840	6841	6843	6844	6846	6847	6849	6851	6852	6853	6854	6867	6873	6877	6895	6897	6904	6906	6908	6909	6934	6935	6941	6944	6946	6966
2018-09-22 Sat	2659	6833	6838	6840	6852	6866	6903	6908	6937	6962	6966
2018-09-23 Sun	2658	2659	2682	6840	6850	6852	6873	6902	6903	6913	6914	6945	6962
2018-09-24 Mon	2685	2733	2742	2754	2755	2758	2774	2777	6832	6835	6837	6838	6840	6842	6845	6852	6853	6854	6867	6875	6879	6888	6895	6897	6900	6901	6903	6908	6910	6914	6934	6936	6937	6941	6945	6946	6960	6965	6966
2018-09-25 Tue	2657	2659	2660	2662	2666	2697	2733	2742	2743	2758	2777	6823	6827	6837	6838	6839	6845	6849	6853	6854	6867	6873	6898	6901	6905	6909	6910	6911	6912	6913	6914	6916	6934	6936	6937	6942	6944	6945	6961	6962	6966
2018-09-26 Wed	2658	2660	2743	2744	2745	2758	2760	2774	6819	6820	6821	6823	6824	6833	6838	6840	6841	6843	6844	6845	6849	6850	6851	6873	6875	6887	6888	6897	6905	6908	6910	6912	6914	6916	6935	6960	6962	6964	6966
2018-09-27 Thu	2633	2666	2682	2685	2742	2744	2759	2774	2788	2796	6821	6823	6832	6841	6842	6845	6850	6851	6852	6853	6867	6875	6877	6887	6895	6897	6900	6901	6902	6903	6906	6913	6935	6936	6945	6946	6960	6965
2018-09-28 Fri	2621	2633	2664	2687	2731	2733	2750	2774	2783	6822	6823	6824	6832	6835	6837	6838	6840	6841	6844	6846	6847	6850	6854	6873	6887	6895	6900	6901	6902	6904	6905	6906	6908	6910	6914	6916	6922	6941	6960	6961	6964
2018-09-29 Sat	2656	2657	2687	2730	2731	2756	6822	6827	6835	6844	6912	6913	6942	6966
2018-09-30 Sun	2687	2730	2731	2759	6833	6852	6898	6912	6913	6922	6964	6965	6966
2018-10-01 Mon	2656	2664	2685	2687	2745	2750	2753	2756	2777	6819	6821	6827	6832	6835	6842	6849	6850	6851	6875	6876	6877	6879	6888	6898	6901	6905	6906	6909	6911	6912	6913	6914	6916	6940	6941	6942	6946	6961	6965	6966
2018-10-02 Tue	2656	2659	2731	2732	2733	2752	2756	2759	2777	2788	6819	6820	6821	6826	6828	6833	6837	6842	6844	6847	6850	6851	6852	6853	6866	6873	6875	6877	6879	6895	6897	6903	6904	6909	6910	6911	6913	6937	6940
2018-10-03 Wed	2660	2731	2743	2751	2752	2759	2760	2796	6824	6828	6834	6838	6840	6844	6846	6852	6853	6866	6873	6876	6887	6897	6900	6904	6909	6916	6935	6941	6961	6962	6966
2018-10-04 Thu	2658	2686	2687	2731	2753	2758	2795	6819	6821	6824	6825	6828	6832	6837	6838	6842	6845	6847	6849	6850	6851	6852	6853	6867	6873	6875	6876	6877	6879	6888	6897	6903	6910	6911	6914	6922	6935	6942	6964
2018-10-05 Fri	2633	2659	2664	2682	2685	2686	2732	2758	2759	6828	6834	6840	6841	6842	6843	6845	6846	6849	6852	6854	6867	6875	6898	6900	6901	6905	6911	6914	6916	6922	6934	6935	6941	6942	6945	6946	6961	6964	6966
2018-10-06 Sat	2633	2687	2744	2783	2796	6824	6827	6853	6935	6941	6942	6965
2018-10-07 Sun	2633	2687	2744	2752	2760	2783	6819	6823	6824	6827	6851	6965	6966
2018-10-08 Mon	2621	2744	2756	2758	2782	6820	6834	6835	6838	6840	6843	6845	6847	6854	6866	6873	6875	6877	6879	6887	6895	6897	6900	6904	6905	6908	6909	6911	6914	6916	6934	6940	6945	6960	6961	6962	6964	6965
2018-10-09 Tue	2660	2664	2682	2687	2730	2752	2753	2759	2777	6819	6820	6821	6824	6834	6839	6840	6843	6846	6849	6853	6854	6867	6876	6879	6888	6898	6901	6904	6905	6909	6911	6913	6914	6922	6935	6937	6942	6943	6961	6965	6966
2018-10-10 Wed	2656	2662	2682	2687	2744	2760	2783	2795	6821	6824	6827	6828	6832	6833	6838	6839	6843	6846	6847	6850	6852	6854	6867	6873	6876	6877	6888	6895	6897	6898	6901	6902	6903	6908	6911	6913	6914	6922	6934	6940	6942
2018-10-11 Thu	2621	2658	2697	2751	2782	2783	2788	6819	6824	6837	6838	6839	6843	6845	6846	6847	6853	6867	6877	6888	6897	6898	6901	6902	6903	6904	6908	6911	6914	6934	6935	6937	6942	6961	6965	6966
2018-10-12 Fri	2619	2657	2674	2685	2742	2744	2783	2788	6823	6824	6825	6833	6837	6840	6847	6848	6850	6873	6877	6887	6888	6895	6897	6898	6900	6901	6904	6905	6908	6909	6911	6912	6941	6943	6945	6946	6961	6962	6964
2018-10-13 Sat	2664	2730	2750	2788	6828	6834	6844	6852	6854	6935	6964
2018-10-14 Sun	2664	2730	2758	2788	6819	6848	6852	6873	6910	6935	6940	6942
2018-10-15 Mon	2621	2662	2697	2730	2751	2753	2759	6819	6820	6822	6825	6828	6834	6837	6838	6840	6842	6843	6847	6848	6867	6873	6879	6887	6895	6902	6904	6906	6910	6911	6916	6934	6941	6943	6945	6946	6964	6965
2018-10-16 Tue	2682	2685	2697	2731	2732	2750	2751	2777	2782	6819	6820	6823	6826	6828	6835	6840	6850	6853	6877	6887	6888	6898	6903	6905	6909	6910	6912	6914	6916	6922	6934	6935	6937	6941	6943	6946	6960	6964	6965	6966
2018-10-17 Wed	2622	2732	2745	2751	2760	2783	3619	6819	6822	6834	6838	6839	6842	6846	6850	6853	6867	6876	6877	6879	6887	6888	6897	6898	6900	6903	6905	6906	6911	6913	6922	6934	6935	6940	6942	6943	6960	6964	6966
2018-10-18 Thu	2659	2682	2697	2731	2733	2750	2757	2758	6819	6822	6823	6825	6828	6833	6834	6838	6840	6843	6844	6848	6850	6853	6854	6873	6887	6888	6895	6901	6902	6904	6906	6909	6913	6922	6937	6940	6942	6943	6960	6961	6966
2018-10-19 Fri	2619	2633	2657	2660	2685	2732	2751	2760	6819	6823	6828	6839	6840	6842	6843	6845	6847	6853	6854	6866	6879	6888	6895	6898	6901	6904	6905	6908	6909	6910	6937	6940	6941	6943	6945	6946	6965	6966
2018-10-20 Sat	2662	2754	2757	6823	6826	6835	6844	6848	6866	6909	6964
2018-10-21 Sun	2633	6823	6844	6852	6879	6895	6909	6911	6913	6916	6941	6943
2018-10-22 Mon	2621	2664	2666	2742	2744	2753	2760	2774	6825	6826	6834	6839	6843	6845	6846	6848	6850	6852	6866	6877	6879	6888	6898	6900	6905	6906	6908	6911	6913	6916	6934	6935	6942	6945	6960	6961	6965	6966
2018-10-23 Tue	2662	2666	2730	2744	6820	6823	6825	6828	6834	6835	6840	6843	6846	6848	6850	6852	6854	6866	6873	6876	6887	6895	6897	6898	6900	6905	6908	6909	6910	6912	6913	6914	6915	6916	6940	6960	6961	6963	6964	6965	6966
2018-10-24 Wed	2619	2623	2656	2660	2666	2685	2730	2744	2754	2760	6822	6823	6833	6842	6844	6846	6852	6853	6877	6888	6895	6897	6903	6904	6908	6909	6914	6916	6934	6935	6936	6937	6940	6945	6946	6962	6963	6964	6965
2018-10-25 Thu	2623	2657	2659	2664	2744	2757	2760	2774	2777	2788	6820	6823	6831	6833	6839	6840	6841	6843	6844	6849	6851	6853	6876	6877	6879	6887	6900	6902	6910	6915	6934	6935	6936	6941	6943	6960	6961	6964	6966
2018-10-26 Fri	2622	2656	2657	2662	2742	2759	2760	6819	6822	6823	6832	6838	6840	6842	6845	6848	6849	6853	6888	6895	6898	6901	6905	6906	6908	6909	6912	6913	6914	6922	6934	6936	6940	6942	6943	6964	6966	8035	8063
2018-10-27 Sat	2662	6828	6841	6843	6903	6909	6910	6916	6934	6940	6941
2018-10-28 Sun	2662	2777	6828	6841	6843	6903	6905	6916	6934	6940	6941	6963	6966
2018-10-29 Mon	2623	2660	2662	2731	2733	2742	2774	2777	6825	6828	6834	6835	6842	6843	6847	6850	6851	6853	6873	6876	6877	6879	6888	6895	6898	6900	6908	6909	6912	6915	6916	6935	6936	6937	6941	6943	6946	6960	6961	6963	6966
2018-10-30 Tue	2662	2664	2697	2745	2755	2760	2774	2796	6823	6834	6835	6839	6840	6842	6843	6844	6850	6873	6876	6887	6900	6903	6905	6906	6910	6911	6912	6914	6934	6935	6936	6940	6941	6942	6944	6961	6963	6965
2018-10-31 Wed	2657	2682	2733	2755	2759	2774	6820	6821	6822	6834	6838	6842	6845	6847	6848	6849	6850	6851	6853	6867	6876	6877	6887	6895	6900	6901	6902	6903	6905	6909	6910	6912	6914	6915	6922	6934	6937	6945	6965
2018-11-01 Thu	2657	2666	2751	2755	2774	2783	2788	6819	6820	6822	6833	6838	6839	6842	6844	6845	6850	6876	6877	6879	6887	6898	6900	6903	6905	6909	6911	6912	6914	6915	6916	6922	6935	6936	6940	6946	6960	6961
2018-11-02 Fri	2619	2666	2682	2697	2732	2744	2745	2753	2788	6821	6827	6828	6832	6833	6834	6836	6839	6840	6843	6849	6852	6853	6877	6879	6895	6897	6901	6902	6903	6909	6913	6914	6920	6934	6935	6936	6944	6960	6961	6965
2018-11-03 Sat	2666	2682	2744	6823	6826	6877	6900	6905	6915	6944	6965
2018-11-04 Sun	2666	2751	2758	2782	6823	6828	6833	6852	6877	6915	6937	6965	6966
2018-11-05 Mon	2621	2757	2759	2774	2782	2783	6816	6820	6821	6822	6825	6832	6833	6840	6843	6844	6845	6846	6848	6849	6852	6867	6877	6879	6895	6900	6901	6903	6906	6910	6911	6912	6914	6916	6934	6935	6940	6945	6960	6961	6964
2018-11-06 Tue	2619	2666	2682	2697	2733	2743	2750	2751	2752	2757	2783	2788	2796	6819	6822	6826	6828	6833	6836	6841	6843	6845	6850	6851	6877	6879	6898	6900	6901	6903	6906	6911	6912	6915	6934	6944	6960	6964
2018-11-07 Wed	2730	2732	2750	2757	2759	2760	2774	3612	6816	6819	6820	6826	6828	6832	6836	6841	6842	6846	6849	6851	6867	6873	6876	6877	6879	6895	6900	6903	6905	6908	6912	6915	6920	6935	6942	6943	6945	6946	6960
2018-11-08 Thu	2621	2666	2697	2731	2743	2744	2751	2754	2760	6819	6820	6821	6823	6825	6828	6832	6834	6836	6841	6842	6845	6848	6852	6897	6898	6904	6909	6911	6914	6915	6941	6943	6944	6945	6946	6960	6961	6964
2018-11-09 Fri	2622	2656	2697	2750	2754	2788	6820	6822	6823	6826	6828	6832	6833	6834	6839	6840	6841	6842	6843	6847	6849	6850	6851	6852	6867	6877	6898	6904	6915	6920	6922	6935	6940	6943	6944	6945
2018-11-10 Sat	2619	2622	2662	2697	2731	2796	6816	6819	6854	6916	6944	6961
2018-11-11 Sun	2685	2750	2810	6816	6822	6832	6847	6877	6901	6904	6941	6942	6943	6964
2018-11-12 Mon	2619	2620	2657	2685	2697	2733	2743	2750	2753	2754	2759	2760	2783	2788	6819	6823	6827	6828	6832	6836	6840	6841	6851	6852	6887	6895	6897	6898	6905	6906	6909	6910	6922	6934	6937	6941	6942	6965
2018-11-13 Tue	2620	2656	2660	2664	2666	2682	2744	2750	2751	2756	2760	2777	6819	6828	6832	6833	6835	6839	6840	6841	6846	6847	6851	6867	6875	6879	6895	6897	6905	6911	6912	6920	6922	6934	6936	6940	6941	6946	6964
2018-11-14 Wed	2656	2660	2685	2697	2756	2796	6822	6825	6828	6833	6838	6839	6840	6841	6846	6849	6850	6851	6852	6866	6879	6887	6898	6900	6903	6906	6908	6909	6911	6915	6920	6922	6935	6936	6940	6945	6946	6964	6965
