2018-09-17 Mon	2669	2693	2723	2793	4505	4512	4515	4523	4534	4535	4536	4538	4540	4543	4557	4558	4563	7086
2018-09-18 Tue	2604	2608	2717	2719	2763	2780	2787	2792	2812	4503	4505	4510	4527	4533	4536	4539	4541	4542	4546	4548	4552	4553	4555	4561	7077
2018-09-19 Wed	2606	2626	2693	2700	2725	2749	2789	2806	4505	4506	4507	4512	4514	4515	4529	4531	4535	4536	4540	4541	4542	4545	4550	4557	4559	7088
2018-09-20 Thu	2613	2674	2680	2683	2688	2703	2717	2808	2811	4502	4505	4506	4509	4510	4515	4516	4521	4523	4533	4537	4540	4545	4546	4547	4557	7077
2018-09-21 Fri	2600	2609	2653	2705	2712	2735	2767	2784	2793	4324	4500	4504	4510	4514	4525	4529	4536	4539	4544	4546	4547	4548	4550	4551	4553	4559	7030
2018-09-24 Mon	2693	2704	2711	2728	4379	4500	4502	4503	4524	4526	4536	4543	4544	4546	4548	4550	4557
2018-09-25 Tue	2605	2608	2610	2706	2720	2728	2746	2811	4338	4501	4502	4506	4519	4523	4537	4538	4540	4543	4547	4553	4555	4556	4557	4560	4561	8262	8285
2018-09-26 Wed	2625	2710	2721	2747	2749	2764	2793	2812	4500	4503	4511	4514	4520	4521	4524	4526	4533	4534	4537	4542	4543	4553	4558	8264	8289
2018-09-27 Thu	2610	2624	2653	2680	2696	2708	2710	2720	2797	4501	4508	4515	4521	4525	4527	4540	4542	4544	4548	4554	4558	4560	4561	4563	8260	8295
2018-09-28 Fri	2610	2653	2693	2714	2718	2721	2728	2812	4501	4502	4504	4508	4513	4514	4525	4539	4540	4552	4554	4555
2018-09-29 Sat	2636	2667	2674	2689	2718	2748	2786	2792	2802
2018-09-30 Sun	2634	2637	2674	2680	2747	2793	2811
2018-10-01 Mon	2618	2653	2667	2680	2695	2708	2808	2812	4501	4504	4507	4508	4509	4513	4516	4523	4537	4541	4542	4546	4547	4550	4552	4559	4561	4563	8283	8285
2018-10-02 Tue	2607	2636	2695	2728	2736	2746	2747	2749	4506	4511	4514	4523	4526	4533	4540	4542	4543	4544	4546	4547	4551	4552	4554	4558	4560	8278	8296
2018-10-03 Wed	2609	2625	2749	2812	4500	4502	4504	4506	4508	4513	4530	4538	4541	4551	4553	4554	4560	4561
