2018-09-17 Mon	2693	4505	4512	4515	4523	4534	4535	4536	4538	4540	4543	4557	4558	4563	7029	8270
2018-09-18 Tue	2608	2719	2763	2780	2787	2792	2812	4503	4505	4510	4533	4536	4539	4541	4542	4546	4548	4552	4553	4555	4561	7029	7033	8279
2018-09-19 Wed	2606	2626	2693	2700	2725	2749	2806	4505	4506	4507	4512	4514	4515	4529	4535	4536	4540	4541	4542	4545	4550	4557	4559	7029	7033	8296
2018-09-20 Thu	2613	2680	2688	2703	2717	2808	4505	4506	4509	4510	4515	4516	4521	4523	4533	4537	4540	4545	4546	4547	4557	7029	7068	8280
2018-09-21 Fri	2600	2609	2653	2705	2712	2735	2784	4324	4500	4504	4510	4514	4525	4529	4536	4539	4544	4546	4547	4548	4550	4553	4559	7066	7068	8296
2018-09-22 Sat	7066
2018-09-24 Mon	2728	4379	4500	4502	4503	4524	4526	4536	4543	4544	4546	4548	4550	4557	7036	8271
2018-09-25 Tue	2610	2706	2728	2746	2811	4338	4501	4506	4519	4523	4537	4538	4540	4543	4547	4553	4555	4556	4557	4560	4561	7036	7091	8262	8267	8285
2018-09-26 Wed	2625	2721	2749	2764	2793	4500	4503	4511	4514	4520	4521	4524	4526	4533	4534	4537	4542	4543	4553	4558	7035	7091	8264	8282	8289
2018-09-27 Thu	2624	2680	2696	2720	2797	4501	4508	4515	4521	4525	4527	4540	4542	4544	4548	4554	4558	4560	4561	4563	7035	7073	8260	8283	8295
2018-09-28 Fri	2714	2721	2728	4501	4502	4504	4508	4513	4514	4520	4525	4531	4539	4540	4541	4552	4554	4555	7065	8269
2018-09-29 Sat	2636	2667	2674	2689	2718	2748	2786	2792	2802	7065	8277	8288
2018-09-30 Sun	2634	2637	2674	2680	2747	2793	2811	7118	8292
2018-10-01 Mon	2618	2653	2667	2808	2812	4501	4504	4508	4509	4513	4516	4523	4537	4541	4542	4546	4547	4550	4552	4559	4561	4563	7070	7118	8263	8283	8285
2018-10-02 Tue	2728	2736	2746	2747	4506	4511	4514	4523	4526	4533	4540	4542	4543	4544	4546	4547	4551	4552	4554	4558	4560	7070	7126	8278	8291	8296
2018-10-03 Wed	2625	4500	4502	4504	4506	4508	4513	4530	4538	4541	4553	4554	4555	4560	4561	7078	8271
2018-10-04 Thu	2607	2725	2734	2746	2803	4501	4505	4524	4525	4526	4529	4530	4538	4543	4545	4546	4548	4550	4553	4560	7030	7078	8263	8265	8272
2018-10-05 Fri	2610	2626	2653	2718	2736	4502	4513	4515	4516	4518	4523	4529	4531	4536	4537	4540	4545	4551	4553	4556	4560	4562	7030	7037	8275	8281	8283
2018-10-06 Sat	2606	2611	2649	2652	2653	2667	2672	2681	2693	2703	2715	7037	8261
2018-10-07 Sun	2652	2668	2681	2695	2718	2761	2804	2806	7075	8265
2018-10-08 Mon	2636	2704	2719	2720	2749	2805	4401	4500	4502	4503	4510	4522	4524	4526	4527	4532	4537	4539	4541	4552	4554	4557	7075	7076	8261	8272	8285
2018-10-09 Tue	2715	2728	2747	2790	4500	4501	4505	4508	4514	4518	4519	4527	4531	4536	4540	4542	4547	4548	4550	4561	7076	7110	8263	8269	8298
2018-10-10 Wed	2704	2726	2746	2761	2812	4500	4509	4511	4512	4513	4515	4521	4532	4538	4544	4548	4550	4555	4556	4563	7071	7110	8273	8281
2018-10-11 Thu	2613	2719	2723	2747	4373	4501	4502	4505	4507	4513	4514	4515	4521	4526	4527	4529	4547	4551	4553	4556	7071	7112	8267	8270	8275
2018-10-12 Fri	2636	2691	2714	2715	2747	2792	4501	4507	4513	4514	4519	4521	4522	4535	4544	4554	4556	4557	4559	4560	4562	7032	7112	8261	8265	8284
2018-10-13 Sat	2625	2631	2639	2642	2693	2711	2747	2770	2811	7032	8281	8291
2018-10-14 Sun	2612	2617	2618	2693	2695	2715	2717	2790	2803	7103	8272	8291
2018-10-15 Mon	2625	2658	2708	2715	2717	4500	4501	4504	4507	4508	4509	4510	4511	4518	4519	4524	4525	4534	4548	4551	4559	4561	7039	7103	8266	8275	8292
2018-10-16 Tue	2609	2624	2714	2729	2802	4503	4507	4511	4521	4522	4532	4535	4537	4539	4543	4544	4546	4551	4557	4558	7039	7111	8268	8270	8291
2018-10-17 Wed	2610	2653	2712	2747	2761	4501	4503	4506	4510	4513	4518	4519	4522	4530	4532	4535	4548	4550	4562	4563	7072	7111	8272	8283	8289
2018-10-18 Thu	2616	2688	2712	2720	2811	4500	4504	4506	4523	4533	4535	4539	4541	4547	4553	4554	4555	4556	4561	4563	7072	7122	8266	8272	8282
2018-10-19 Fri	2709	2714	2715	2720	2780	4500	4503	4505	4508	4519	4526	4530	4531	4534	4539	4546	4548	4556	4562	4563	7098	7122	8271	8282	8295
2018-10-20 Sat	2605	2611	2618	2624	2639	2648	2707	2719	2766	7098	8285	8294
2018-10-21 Sun	2626	2696	2709	2719	2720	2766	2800	2808	7030	8285
2018-10-22 Mon	2624	2706	2720	2721	2726	4503	4509	4513	4519	4523	4524	4528	4531	4532	4538	4539	4541	4542	4543	4553	4560	7030	7032	8263	8285	8298
2018-10-23 Tue	2625	2636	2696	2711	2794	4500	4511	4512	4518	4520	4526	4527	4531	4534	4543	4548	4551	4553	4560	4563	7032	7121	8272	8273
2018-10-24 Wed	2605	2712	2718	2773	2812	4500	4505	4509	4511	4514	4523	4528	4529	4541	4543	4544	4547	4548	4553	4554	4555	4558	7085	7121	8263	8264	8267
2018-10-25 Thu	2610	2667	2688	2764	2780	2808	2812	4503	4519	4520	4522	4527	4529	4530	4534	4540	4547	4550	4552	4555	4557	4562	7085	7100	8270	8287	8295
2018-10-26 Fri	2653	2688	2696	2714	2719	2748	2809	4502	4507	4509	4512	4516	4518	4530	4532	4537	4538	4539	4547	4548	4557	7064	7100	8260	8263	8298
2018-10-27 Sat	2626	2680	2709	2725	2726	2747	2761	2789	2808	7064	8274	8293
2018-10-28 Sun	2680	2718	2725	2737	2748	2808	2811	7038	8275	8293
2018-10-29 Mon	2606	2653	2710	2717	2749	2762	2792	4501	4512	4515	4516	4527	4530	4532	4534	4539	4548	4551	4555	4560	4561	4563	7038	7158	8260	8263
2018-10-30 Tue	2693	2710	2711	2739	2747	4500	4505	4506	4510	4516	4522	4523	4532	4536	4537	4538	4545	4547	4553	7105	7158	8268	8274	8277
2018-10-31 Wed	2605	2607	2721	2748	2786	4500	4506	4510	4515	4523	4526	4527	4529	4532	4537	4538	4541	4548	4553	4554	4556	4562	7105	8282	8287	8296
2018-11-01 Thu	2637	2695	2726	2748	2808	2811	4502	4511	4515	4516	4518	4524	4530	4533	4534	4537	4540	4542	4551	4552	4557	4560	4563	7030	8270	8280	8285	8296
2018-11-02 Fri	2608	2614	2636	2726	4503	4506	4508	4509	4521	4526	4528	4530	4542	4547	4550	4551	4554	4555	4559	4562	7030	7085	8278	8282	8289
2018-11-03 Sat	2600	2608	2625	2637	2708	2718	2739	2749	2800	7085	8263	8267
2018-11-04 Sun	2610	2693	2715	2749	2792	2808	2809	7124	8267	8282
2018-11-05 Mon	2689	2693	2712	2726	2792	4500	4501	4502	4503	4507	4510	4518	4529	4531	4537	4539	4544	4548	4563	7030	7124	8274	8279	8284
2018-11-06 Tue	2607	2609	2718	2790	2792	4502	4515	4524	4525	4530	4534	4540	4542	4543	4548	4552	4554	4555	4559	4562	7030	7097	8260	8269	8296
2018-11-07 Wed	2710	2718	2719	2721	2779	4501	4505	4509	4511	4518	4524	4526	4528	4529	4541	4542	4554	4556	4560	4563	7032	7097	8260	8263	8289
2018-11-08 Thu	2709	2728	2748	2776	2811	4503	4514	4521	4522	4531	4533	4534	4538	4542	4544	4545	4556	4557	4560	4561	7003	7032	7090	8287	8297	8298
2018-11-09 Fri	2689	2695	2710	2714	2792	4507	4510	4518	4519	4523	4524	4525	4532	4550	4551	4552	4560	4562	4563	7003	7005	8278	8287	8296
2018-11-10 Sat	2688	2718	2738	2740	2748	2797	2806	2808	2810	7005	8274	8299
2018-11-11 Sun	2608	2625	2696	2706	2729	2779	2808	7115	8271	8274
2018-11-12 Mon	2625	2667	2773	2784	2803	4503	4504	4515	4520	4521	4523	4524	4531	4534	4539	4540	4547	4548	4557	4563	7087	7115	8269	8273	8297
2018-11-13 Tue	2608	2613	2712	2719	2803	4507	4508	4513	4518	4527	4528	4534	4535	4539	4543	4546	4548	4553	4556	4557	7035	7087	8273	8280	8291
2018-11-14 Wed	2607	2688	2776	2803	2808	4501	4503	4506	4516	4524	4525	4537	4538	4539	4540	4543	4544	4545	4559	4561	7035	7065	8274	8280	8297
2018-11-15 Thu	2696	2710	2714	2784	2791	4505	4506	4516	4519	4522	4524	4528	4531	4535	4538	4542	4544	4546	4550	4554	4562	7065	7098	8264	8279	8282
2018-11-16 Fri	2653	2667	2719	2748	2776	4506	4507	4508	4510	4515	4523	4524	4529	4531	4533	4542	4554	4558	4559	7098	7115	8260	8264	8268
2018-11-17 Sat	2605	2609	2626	2667	2693	2709	2726	2735	2738	2792	7115	8263	8269
2018-11-18 Sun	2605	2608	2609	2653	2693	2729	2747	2748	7100	8263	8280
2018-11-19 Mon	2695	2709	2738	2747	2803	4504	4512	4522	4524	4525	4530	4532	4542	4544	4545	4547	4550	4552	4554	4561	7095	7100	8279	8294	8296
2018-11-20 Tue	2605	2608	2610	2653	2723	2741	4501	4505	4506	4518	4519	4524	4526	4536	4539	4541	4546	4547	4554	4561	7086	7095	8269	8272	8287
2018-11-21 Wed	2610	2647	2653	2680	2811	4372	4509	4510	4519	4520	4527	4529	4530	4531	4537	4540	4543	4547	4559	7036	7086	8264	8279	8294
2018-11-22 Thu	2689	4304	4314	4329	4343	4347	4365	4392	7036	7088
2018-11-23 Fri	2636	2638	2704	2719	2726	4502	4505	4510	4516	4529	4532	4539	4543	4544	4547	4550	4552	4553	4554	4555	4561	4562	7068	7088	8264	8282	8297
2018-11-24 Sat	2608	2618	2683	2700	2720	2726	2748	2763	2767	2812	7068	8266	8275
2018-11-25 Sun	2693	2721	2723	2735	2792	2810	2811	7121	8275	8291
2018-11-26 Mon	2610	2696	2707	2725	2748	4504	4510	4511	4519	4521	4523	4524	4534	4540	4542	4544	4546	4550	4551	4552	4563	7071	7121	8265	8283	8296
2018-11-27 Tue	2626	2681	2709	2712	2748	4501	4503	4506	4518	4519	4522	4524	4532	4536	4537	4545	4546	4554	4555	4556	4563	7071	7084	8277	8278	8287
2018-11-28 Wed	2610	2637	2704	2726	4502	4504	4513	4516	4519	4522	4524	4527	4530	4531	4532	4541	4543	4544	4546	4553	7084	7087	8264	8278	8297
2018-11-29 Thu	2670	2693	2696	2728	2764	2808	4504	4508	4509	4510	4514	4518	4522	4527	4529	4536	4537	4538	4539	4543	4547	4550	7087	7121	8271	8291
2018-11-30 Fri	2608	2626	2678	2680	2747	4509	4510	4513	4514	4526	4529	4531	4532	4536	4537	4543	4550	4552	4553	4560	4562	7119	7121	8270	8280	8294
2018-12-01 Sat	2601	2608	2626	2629	2640	2707	2709	2720	2747	2761	2789	7119	8282
2018-12-02 Sun	2624	2626	2640	2653	2711	2720	2721	7118	8271	8282
2018-12-03 Mon	2625	2644	2719	2723	2726	4509	4511	4519	4525	4526	4533	4535	4536	4539	4541	4553	4555	4556	4557	4562	7032	7118	8263	8278	8297
2018-12-04 Tue	2609	2626	2631	2804	2808	4505	4508	4510	4513	4520	4524	4527	4529	4533	4538	4542	4547	4550	4551	7032	7097	8263	8283
2018-12-05 Wed	2607	2626	2628	2726	2808	4346	4502	4504	4508	4511	4519	4523	4535	4536	4538	4539	4547	4552	4554	4556	7087	7097	8260	8273	8291
2018-12-06 Thu	2625	2626	2667	2720	2761	2811	4330	4509	4510	4511	4514	4518	4519	4527	4529	4531	4536	4543	4544	4546	4560	7071	7087	8260	8271	8296
2018-12-07 Fri	2695	2704	2709	2805	2812	4363	4369	4508	4527	4530	4531	4532	4533	4535	4544	4547	4553	4554	4555	4562	7071	7076	8260	8268
2018-12-08 Sat	2610	2658	2668	2671	2693	2704	2726	2803	2812	3649	7076	8279	8283
2018-12-09 Sun	2609	2615	2667	2688	2695	2723	2811	7106	8283	8292
2018-12-10 Mon	2600	2653	2680	2711	2746	4502	4505	4510	4512	4513	4519	4523	4529	4530	4543	4544	4547	4552	4556	4560	7064	7106	8261	8276	8298
2018-12-11 Tue	2604	2610	2636	2712	2803	4502	4503	4515	4522	4524	4529	4531	4533	4537	4541	4543	4547	4548	4552	4554	4555	7064	7098	8265	8296	8299
2018-12-12 Wed	2636	2653	2720	2721	2779	4505	4508	4512	4516	4520	4524	4529	4530	4532	4537	4540	4541	4543	4551	4561	7092	7098	8269	8276	8278
2018-12-13 Thu	2626	2629	2658	2696	2721	2811	4326	4505	4509	4518	4521	4523	4528	4529	4539	4540	4546	4552	4557	4563	7092	7117	8276	8283
2018-12-14 Fri	2607	2609	2643	2728	2747	4379	4380	4501	4505	4510	4513	4515	4523	4528	4530	4541	4545	4554	4559	4562	4563	7068	7117	8261	8262	8266
2018-12-15 Sat	2607	2610	2638	2712	2717	2725	2740	2746	2765	7068	8275	8298
2018-12-16 Sun	2626	2640	2690	2696	2725	2765	2790	2792	2808	7092	8275
2018-12-17 Mon	2688	2700	2721	2726	2803	4359	4384	4515	4521	4523	4526	4528	4529	4533	4535	4544	4551	4552	4553	4554	7092	7117	8272	8277	8291
2018-12-18 Tue	2688	2691	2723	2729	2784	4310	4364	4502	4510	4515	4518	4520	4528	4530	4545	4547	4552	4553	4557	4561	7117	7120	8271	8281	8298
2018-12-19 Wed	2624	2719	2761	2784	2792	2803	4508	4513	4521	4523	4525	4531	4532	4536	4541	4543	4550	4551	4559	4562	7108	7120	8272	8275	8280
2018-12-20 Thu	2695	2711	2729	2797	2812	4321	4385	4408	4502	4503	4509	4513	4521	4522	4528	4530	4539	4546	4551	4555	4556	7108	7126	8262	8276	8291
2018-12-21 Fri	2609	2636	2704	2723	2787	2803	2811	4400	4503	4505	4510	4518	4520	4531	4533	4535	4536	4538	4545	4546	4551	4563	7119	7126	8266	8278	8299
2018-12-22 Sat	4312	4321	4337	4355	4366	4371	4381	4383	4386	7119	8268	8269
2018-12-23 Sun	2690	4309	4310	4336	4361	4382	4384	4394	7090	8269
2018-12-24 Mon	2610	2717	2780	2811	2812	3383	4311	4506	4513	4525	4529	4530	4531	4535	4536	4545	4551	4552	4554	4557	4562	7090	7160	8262	8289	8295
2018-12-25 Tue	4321	4336	4348	4359	4386	4393	4408	7158	7160	8278
2018-12-26 Wed	2625	2628	2634	2688	2696	2710	4500	4509	4512	4520	4524	4527	4529	4531	4536	4542	4546	4547	4552	4559	4563	7104	7158	8262	8265
2018-12-27 Thu	2626	2675	2680	2784	2803	4508	4510	4512	4515	4524	4531	4534	4539	4540	4541	4543	4550	4555	4561	7068	7104	8264	8274	8285
2018-12-28 Fri	2613	2667	2721	2726	2747	4373	4503	4506	4507	4510	4516	4521	4527	4539	4540	4542	4548	4551	4553	4560	4562	7037	7068	8271	8280	8285
2018-12-29 Sat	2608	2610	2653	2693	2695	2711	2720	2747	2784	7037	8261	8280
2018-12-30 Sun	2608	2610	2704	2709	2720	2746	2784	7091	8262	8280
2018-12-31 Mon	2610	2634	2653	2688	2704	2811	4371	4505	4506	4513	4516	4520	4521	4528	4533	4546	4551	4552	4559	4562	7005	7091	8270	8273	8285
2019-01-01 Tue	4325	4342	4363	4377	4383	4404	4409	7005	7119	8279
2019-01-02 Wed	2610	2624	2667	2695	2801	2812	4331	4360	4370	4514	4516	4527	4529	4539	4540	4543	4545	4549	4552	4558	4559	7074	7119	8273	8282	8285
2019-01-03 Thu	2601	2624	2636	2717	2721	2747	4360	4503	4507	4508	4522	4525	4529	4530	4531	4543	4545	4549	4553	4557	4561	6222	7074	7076	8260	8274	8275
2019-01-04 Fri	2624	2626	2710	2729	2749	2801	2808	4505	4510	4512	4514	4522	4525	4534	4538	4546	4547	4552	4556	4558	4563	7076	8275	8285	8295
2019-01-05 Sat	2612	2624	2628	2703	2704	2747	2763	2795	2811	7076	8274	8275
2019-01-06 Sun	2618	2630	2769	3623	3656	7073	7111	7122	8275	8298
2019-01-07 Mon	2710	2720	2726	2749	2786	4503	4507	4508	4509	4510	4516	4520	4524	4530	4534	4535	4536	4538	4545	4548	4549	4559	7084	7111	8269	8274	8284
2019-01-08 Tue	2609	2626	2696	2709	2798	4506	4510	4511	4512	4523	4526	4535	4536	4538	4540	4543	4546	4558	4560	4562	4563	7035	7084	8272	8276	8279
2019-01-09 Wed	2608	2705	2723	2746	2792	4503	4510	4514	4516	4520	4524	4525	4527	4531	4534	4544	4547	4548	4549	4551	4553	4559	7035	7110	8274	8277	8289
2019-01-10 Thu	2606	2626	2704	2804	2811	4506	4512	4515	4519	4521	4528	4529	4534	4539	4542	4550	4558	4559	4562	7110	7120	8269	8271	8288
2019-01-11 Fri	2624	2681	2696	2746	2811	4506	4509	4512	4514	4521	4525	4526	4527	4528	4537	4542	4546	4553	4561	4563	7120	7124	8271	8273	8287
2019-01-12 Sat	2608	2629	2634	2678	2702	2715	2740	2764	2811	7124	8264	8275
2019-01-13 Sun	2624	2639	2710	2711	2741	2776	2786	2811	2812	7011	7023	8241	8264
2019-01-14 Mon	2711	2746	2795	2802	2803	4511	4520	4526	4528	4531	4532	4533	4536	4537	4545	4549	4551	4557	4558	4559	4560	7011	7065	8285	8295	8299
