2018-09-17 Mon	3622	7017	7113	8000	8018	8020	8024	8047	8067	8074	8203	8210	8227	8252	8258
2018-09-18 Tue	3656	7017	7018	7023	7113	7129	8001	8007	8017	8027	8050	8063	8067	8074	8077	8210	8223	8232	8239	8253	8258
2018-09-19 Wed	3628	3699	7019	7104	7132	8004	8007	8017	8035	8036	8044	8057	8074	8203	8204	8222	8228	8242	8247	8258
2018-09-20 Thu	3655	7125	7128	7130	7131	7132	8006	8008	8011	8046	8061	8079	8201	8211	8222	8226	8236	8239	8245	8250
2018-09-21 Fri	3636	3698	7019	7023	7113	7135	8009	8011	8032	8033	8037	8040	8043	8050	8072	8209	8210	8224	8227	8235	8253
2018-09-24 Mon	3652	7136	8010	8016	8033	8034	8044	8084	8200	8204	8207	8214	8226	8234	8245	8257
2018-09-25 Tue	3604	3645	7025	7027	7028	7136	8020	8050	8055	8059	8075	8076	8207	8215	8217	8226	8231	8240	8247	8248	8256
2018-09-26 Wed	3641	3642	7130	7131	7137	7161	8010	8013	8043	8057	8059	8078	8079	8080	8084	8202	8205	8209	8212	8221	8241	8247
2018-09-27 Thu	3638	7018	7028	7131	7137	8010	8013	8016	8062	8063	8069	8081	8083	8203	8204	8210	8212	8219	8227	8244	8256
2018-09-28 Fri	3603	3648	7016	7025	7128	7161	8036	8040	8048	8049	8050	8067	8070	8072	8078	8202	8211	8221	8223	8242	8257
2018-09-29 Sat	8009	8077	8084	8202	8204	8219	8236	8253
2018-09-30 Sun	8001	8020	8033	8053	8075	8216	8238	8248
2018-10-01 Mon	3649	7025	7101	7133	7135	7137	8001	8005	8011	8021	8025	8036	8064	8075	8079	8210	8211	8217	8225	8246	8252
2018-10-02 Tue	3601	3645	7016	7025	7113	7133	8004	8016	8058	8071	8076	8078	8202	8207	8218	8223	8228	8239	8241	8245	8257
2018-10-03 Wed	3602	3653	7016	7136	8037	8040	8043	8059	8080	8215	8216	8217	8227	8230	8233	8247	8249
