2018-09-17 Mon	3603	7018	7029	7112	7129	8003	8011	8017	8027	8038	8053	8058	8080	8201	8235	8241	8243	8270
2018-09-18 Tue	3627	3649	7025	7029	7033	7116	7132	8003	8033	8046	8047	8052	8075	8076	8208	8234	8242	8247	8255	8256	8279
2018-09-19 Wed	3600	3697	7029	7033	7100	7112	7131	8026	8030	8045	8048	8050	8058	8072	8073	8081	8210	8219	8223	8240	8255	8256	8296
2018-09-20 Thu	3622	3653	3654	3698	6816	7017	7029	7068	7104	8013	8017	8035	8040	8041	8050	8056	8064	8078	8083	8207	8232	8243	8280
2018-09-21 Fri	3621	3628	3648	7066	7068	7112	7132	8012	8025	8034	8041	8061	8063	8065	8071	8078	8200	8226	8234	8243	8256	8296
2018-09-22 Sat	7066
2018-09-24 Mon	3604	3634	7028	7036	8000	8015	8035	8037	8048	8059	8065	8073	8074	8083	8205	8209	8210	8225	8228	8253	8271
2018-09-25 Tue	3638	3644	3649	7012	7036	7091	7129	8004	8005	8032	8040	8053	8057	8083	8084	8208	8221	8223	8243	8252	8257	8267
2018-09-26 Wed	3631	3651	3654	7035	7091	7130	7134	8009	8031	8058	8063	8081	8222	8224	8225	8235	8238	8249	8252	8253	8256	8282
2018-09-27 Thu	3602	3643	7035	7073	7132	7161	8014	8024	8033	8045	8049	8059	8064	8065	8067	8205	8206	8225	8227	8239	8246	8283
2018-09-28 Fri	3624	3635	3653	7065	7129	8004	8016	8031	8060	8068	8069	8076	8209	8212	8214	8235	8241	8243	8247	8253	8269
2018-09-29 Sat	7065	8005	8013	8029	8034	8047	8049	8050	8067	8208	8214	8246	8257	8277	8288
2018-09-30 Sun	7118	8004	8032	8040	8066	8077	8214	8239	8247	8292
2018-10-01 Mon	3644	3650	3651	7070	7102	7118	7134	8009	8013	8016	8042	8076	8083	8204	8208	8209	8219	8230	8235	8244	8258	8263
2018-10-02 Tue	3634	3635	3651	7028	7070	7126	7161	8002	8032	8063	8064	8083	8205	8208	8214	8217	8227	8235	8238	8256	8258	8291
2018-10-03 Wed	3623	3648	7078	7129	7134	8008	8017	8024	8044	8055	8072	8078	8083	8208	8218	8223	8239	8244	8271
2018-10-04 Thu	3602	3634	3698	7030	7078	7127	8001	8006	8013	8016	8034	8066	8067	8070	8202	8205	8222	8231	8247	8251	8257	8263
2018-10-05 Fri	3626	3639	3640	7027	7030	7037	8006	8014	8020	8048	8050	8057	8062	8218	8221	8222	8240	8241	8248	8249	8257	8281
2018-10-06 Sat	2681	7037	8002	8008	8020	8036	8038	8084	8206	8207	8221	8234	8252	8261
2018-10-07 Sun	2681	7075	8005	8033	8036	8045	8051	8203	8221	8255	8265
2018-10-08 Mon	3602	3603	3643	3652	3654	7075	7076	8002	8011	8029	8032	8038	8052	8074	8075	8208	8210	8219	8222	8237	8251	8285
2018-10-09 Tue	3600	3623	3626	3628	3631	3656	7076	7110	8016	8017	8039	8051	8057	8062	8202	8208	8215	8216	8227	8229	8253	8269
2018-10-10 Wed	3604	3628	3634	3636	3655	7071	7110	8000	8010	8014	8028	8057	8084	8201	8208	8210	8214	8223	8225	8228	8251	8253	8273
2018-10-11 Thu	3603	3626	3628	3641	3697	7071	7112	8029	8049	8059	8060	8066	8202	8208	8210	8214	8234	8243	8247	8258	8267
2018-10-12 Fri	3601	3640	3641	3645	3654	7025	7032	7112	8006	8011	8025	8036	8040	8043	8059	8060	8203	8210	8218	8227	8238	8242	8265
2018-10-13 Sat	7032	8025	8050	8070	8075	8206	8207	8217	8234	8246	8256	8257	8281	8291
2018-10-14 Sun	7103	8077	8204	8212	8237	8238	8240	8258	8272	8291
2018-10-15 Mon	3600	3631	3633	3647	3650	3655	7039	7103	8001	8020	8035	8049	8056	8074	8220	8224	8231	8234	8237	8240	8251	8259	8292
2018-10-16 Tue	3602	3642	3643	3655	3699	7039	7111	8006	8010	8020	8031	8040	8047	8051	8053	8058	8070	8079	8200	8211	8256	8270
2018-10-17 Wed	3627	3637	3641	3650	7072	7111	7127	8000	8013	8026	8034	8035	8055	8075	8203	8209	8212	8215	8228	8230	8239	8283
2018-10-18 Thu	3627	3650	3651	3652	3653	7027	7072	7122	8001	8005	8029	8049	8050	8053	8083	8206	8207	8208	8231	8238	8246	8282
2018-10-19 Fri	3626	3631	3639	3656	7098	7102	7122	8022	8024	8034	8038	8043	8048	8051	8057	8058	8072	8084	8226	8228	8247	8249	8258	8282
2018-10-20 Sat	7098	8038	8049	8062	8063	8064	8207	8228	8238	8241	8242	8245	8285	8294
2018-10-21 Sun	2800	7030	8077	8207	8213	8220	8239	8241	8258	8285
2018-10-22 Mon	3623	3624	3628	3641	3698	7030	7032	7130	8002	8049	8060	8084	8206	8218	8225	8228	8234	8236	8237	8247	8250	8256	8263
2018-10-23 Tue	3603	3638	3639	3646	3699	7016	7032	7121	8031	8035	8037	8044	8058	8084	8207	8224	8234	8244	8255	8256	8259	8272
2018-10-24 Wed	3622	3634	3647	3648	3652	7012	7085	7121	8009	8019	8039	8084	8201	8205	8210	8213	8224	8228	8229	8242	8247	8267
2018-10-25 Thu	2780	3628	3633	3637	3647	3698	7012	7085	7100	8026	8043	8047	8061	8076	8201	8210	8223	8236	8242	8244	8253
2018-10-26 Fri	3634	3636	3639	3652	3698	7064	7100	7131	8005	8012	8025	8032	8047	8054	8064	8068	8074	8210	8216	8239	8250	8298
2018-10-27 Sat	7064	8034	8039	8040	8044	8053	8059	8060	8079	8203	8223	8235	8244	8274	8293
2018-10-28 Sun	7038	8007	8067	8071	8200	8208	8217	8233	8275	8293
2018-10-29 Mon	3621	3639	3650	3651	7038	7137	7158	8008	8033	8043	8064	8069	8205	8215	8217	8230	8237	8243	8246	8252	8256	8263
2018-10-30 Tue	3621	3622	3644	3646	7019	7105	7137	7158	8003	8007	8022	8028	8032	8048	8070	8071	8080	8210	8230	8234	8253	8256	8277
2018-10-31 Wed	3624	3646	3647	3650	3651	7105	7127	8037	8040	8050	8053	8056	8077	8084	8214	8228	8236	8244	8245	8246	8287	8296
2018-11-01 Thu	3634	3652	3653	3655	7030	7127	8017	8021	8025	8042	8059	8061	8068	8074	8203	8204	8213	8220	8225	8250	8270	8296
2018-11-02 Fri	3626	3634	3641	3644	3647	7023	7030	7085	8021	8039	8040	8043	8048	8064	8075	8203	8205	8208	8215	8224	8225	8229	8278
2018-11-03 Sat	7085	8001	8021	8025	8028	8043	8204	8208	8220	8233	8236	8248	8263	8267
2018-11-04 Sun	7124	8035	8042	8043	8084	8212	8248	8254	8267	8282
2018-11-05 Mon	3631	3632	3633	3648	3698	7030	7124	8026	8044	8054	8063	8065	8075	8083	8202	8203	8217	8224	8238	8247	8248	8279
2018-11-06 Tue	3601	3633	3640	3644	3652	7030	7097	8003	8006	8016	8028	8035	8043	8049	8060	8080	8083	8200	8222	8239	8245	8269
2018-11-07 Wed	3634	3640	3643	3698	7032	7097	8000	8012	8019	8037	8044	8064	8070	8080	8205	8223	8229	8233	8236	8248	8250	8263
2018-11-08 Thu	3604	3635	3653	3654	7003	7090	8001	8022	8028	8035	8049	8052	8064	8075	8217	8220	8226	8228	8236	8248	8249	8298
2018-11-09 Fri	3603	3643	3651	3653	7003	7005	8008	8011	8013	8015	8057	8069	8072	8206	8209	8215	8218	8219	8225	8227	8235	8247	8252	8296
2018-11-10 Sat	7005	8019	8034	8038	8039	8052	8056	8058	8227	8228	8231	8233	8249	8274	8299
2018-11-11 Sun	7115	8008	8009	8014	8060	8062	8084	8209	8271	8274
2018-11-12 Mon	3602	3633	3637	3654	7087	7115	8007	8009	8012	8014	8024	8036	8051	8060	8065	8067	8079	8237	8252	8257	8269
2018-11-13 Tue	3601	3628	3634	3698	7035	7087	8021	8025	8049	8057	8073	8074	8206	8212	8227	8232	8235	8241	8242	8250	8252	8256	8291
2018-11-14 Wed	3626	3627	3635	3637	7035	7065	8009	8015	8021	8026	8029	8037	8041	8057	8065	8074	8075	8202	8216	8232	8241	8249	8280
2018-11-15 Thu	3604	3628	3649	3650	3652	7065	7098	8006	8011	8021	8033	8039	8068	8069	8078	8203	8219	8232	8233	8238	8253	8282
2018-11-16 Fri	3633	3646	3648	3654	3699	7098	7115	8006	8013	8014	8039	8044	8053	8059	8066	8078	8215	8223	8231	8239	8248	8253	8258	8260
2018-11-17 Sat	7115	8001	8009	8013	8051	8073	8077	8078	8080	8201	8214	8231	8240	8263	8269
2018-11-18 Sun	7100	8003	8067	8068	8203	8209	8219	8228	8248	8263	8280
2018-11-19 Mon	2644	3600	3602	3622	3645	7095	7100	8033	8059	8062	8065	8067	8070	8205	8209	8217	8225	8228	8238	8246	8254	8294
2018-11-20 Tue	3637	3639	3646	3648	3655	7086	7095	8009	8011	8019	8022	8026	8029	8048	8200	8201	8206	8209	8221	8224	8225	8226	8253	8287
2018-11-21 Wed	3601	3635	3640	3698	7036	7086	8011	8014	8020	8032	8036	8038	8043	8054	8062	8063	8067	8078	8200	8210	8222	8231	8294
2018-11-22 Thu	2689	7036	7088	8009	8040	8055	8207	8225	8226	8236
2018-11-23 Fri	3601	3604	3641	3649	7068	7088	8010	8013	8020	8034	8035	8052	8056	8068	8074	8201	8218	8233	8242	8243	8249	8264
2018-11-24 Sat	7068	8038	8040	8066	8067	8069	8079	8221	8222	8232	8239	8248	8266	8275
2018-11-25 Sun	7121	8059	8064	8066	8210	8223	8250	8253	8275	8291
2018-11-26 Mon	3600	3624	3637	3642	3646	7071	7121	8021	8034	8039	8049	8066	8075	8081	8220	8224	8235	8242	8243	8246	8248	8258	8296
2018-11-27 Tue	3631	3632	3633	3653	7071	7084	8001	8010	8019	8034	8056	8075	8076	8203	8206	8220	8231	8238	8244	8250	8254	8258	8287
2018-11-28 Wed	3621	3632	3633	3642	7084	7087	7102	7132	8006	8011	8014	8040	8043	8047	8051	8062	8208	8211	8217	8219	8225	8227	8278
2018-11-29 Thu	2764	3631	3645	3646	3647	3699	7087	7121	8000	8008	8034	8060	8062	8203	8211	8214	8215	8225	8227	8241	8248	8254
2018-11-30 Fri	3601	3603	3604	3650	7119	7121	7134	8000	8001	8053	8058	8060	8062	8063	8065	8069	8071	8226	8242	8244	8248	8280
2018-12-01 Sat	2761	7119	8015	8025	8032	8061	8065	8084	8206	8209	8234	8252	8258	8282
2018-12-02 Sun	7118	8052	8083	8225	8230	8233	8236	8242	8271	8282
2018-12-03 Mon	3623	3641	3647	3651	7018	7032	7118	8010	8019	8025	8031	8068	8069	8071	8075	8079	8083	8203	8204	8254	8259	8297
2018-12-04 Tue	3604	3633	3640	3646	7027	7032	7097	8005	8010	8011	8013	8043	8054	8202	8207	8210	8221	8223	8225	8237	8245	8283
2018-12-05 Wed	3601	3623	3646	3651	3655	7087	7097	8002	8004	8023	8026	8056	8057	8059	8069	8076	8077	8203	8206	8207	8230	8232	8252	8273
2018-12-06 Thu	3600	3602	3621	3634	3640	3646	7071	7087	8002	8050	8054	8061	8083	8204	8208	8211	8215	8236	8241	8250	8251	8259	8271
2018-12-07 Fri	3602	3622	3641	3648	7071	7076	8004	8008	8050	8051	8056	8059	8062	8069	8073	8209	8217	8220	8231	8239	8244	8268
2018-12-08 Sat	7076	8010	8013	8024	8028	8034	8037	8048	8080	8205	8225	8244	8245	8279	8283
2018-12-09 Sun	7106	8031	8047	8051	8066	8080	8216	8244	8283	8292
2018-12-10 Mon	3600	3627	3632	3650	3652	7064	7106	8003	8010	8013	8015	8016	8019	8039	8042	8071	8076	8213	8225	8226	8245	8259	8276
2018-12-11 Tue	3625	3627	3648	3652	3653	7064	7098	8000	8007	8032	8033	8066	8071	8076	8211	8219	8224	8230	8231	8241	8242	8251	8296
2018-12-12 Wed	3628	3643	3647	3649	3653	7092	7098	8004	8020	8022	8023	8025	8033	8046	8064	8072	8078	8203	8228	8235	8269
2018-12-13 Thu	2658	3604	3625	3628	3636	3640	3653	7092	7117	8001	8029	8041	8049	8084	8203	8207	8210	8217	8239	8250	8253	8257	8259
2018-12-14 Fri	3603	3625	3642	3648	7068	7117	8001	8003	8026	8034	8039	8043	8056	8061	8067	8203	8212	8215	8224	8227	8242	8244	8246	8262
2018-12-15 Sat	7068	8011	8024	8046	8050	8073	8080	8210	8219	8225	8251	8257	8275	8298
2018-12-16 Sun	2690	7092	8029	8043	8069	8082	8233	8234	8250	8251	8275
2018-12-17 Mon	3631	3634	3655	3656	7092	7101	7117	8011	8044	8055	8060	8065	8072	8078	8206	8207	8220	8238	8241	8244	8254	8272
2018-12-18 Tue	3604	3642	3645	3647	3698	7117	7120	8007	8017	8026	8034	8037	8050	8053	8061	8075	8079	8201	8202	8204	8217	8229	8248	8258	8271
2018-12-19 Wed	3625	3632	3698	3699	7108	7120	7131	8017	8018	8025	8031	8036	8044	8076	8080	8210	8231	8235	8237	8238	8242	8246	8275
2018-12-20 Thu	3602	3635	3638	3639	3650	7108	7126	8004	8017	8031	8056	8076	8213	8221	8226	8240	8242	8243	8251	8258	8259	8291
2018-12-21 Fri	3602	3639	3647	3649	7113	7119	7126	8002	8017	8029	8031	8060	8063	8072	8202	8213	8215	8219	8234	8238	8243	8246	8299
2018-12-22 Sat	7119	8014	8021	8039	8046	8047	8050	8057	8201	8210	8235	8244	8268	8269
2018-12-23 Sun	2690	7090	8073	8077	8080	8209	8215	8235	8242	8269
2018-12-24 Mon	3601	3622	3635	3698	7018	7090	7160	8028	8029	8039	8058	8061	8066	8068	8073	8215	8228	8234	8242	8253	8255	8258	8262
2018-12-25 Tue	7158	7160	8063	8203	8216	8230	8237	8243	8244	8278
2018-12-26 Wed	2628	3601	3625	3641	3642	3647	7104	7158	8020	8035	8047	8061	8064	8082	8083	8205	8231	8234	8242	8250	8254	8257
2018-12-27 Thu	3635	3638	3647	3648	3650	7068	7104	8005	8006	8010	8024	8039	8049	8206	8210	8228	8242	8246	8252	8258	8259	8264
2018-12-28 Fri	3623	3624	3638	3645	3655	7037	7068	8001	8006	8011	8021	8024	8047	8069	8073	8201	8204	8212	8219	8226	8244	8254	8285
2018-12-29 Sat	7037	8028	8043	8048	8073	8075	8082	8200	8213	8220	8222	8226	8257	8261	8280
2018-12-30 Sun	7091	8016	8027	8060	8220	8230	8237	8258	8262	8280
2018-12-31 Mon	3623	3639	3641	3647	3655	7005	7091	8001	8015	8018	8020	8031	8032	8033	8050	8075	8205	8216	8231	8248	8254	8270
2019-01-01 Tue	7005	7119	8016	8048	8052	8063	8069	8213	8230	8246	8279
2019-01-02 Wed	3627	3635	3646	3699	7074	7119	7125	8023	8024	8040	8041	8053	8068	8202	8229	8244	8246	8247	8248	8258	8282
2019-01-03 Thu	3603	3636	3647	3699	7023	7074	7076	7133	8000	8010	8024	8025	8044	8063	8068	8080	8206	8215	8221	8223	8230	8239	8251	8260
2019-01-04 Fri	3627	3647	3648	3651	7076	7130	8013	8032	8035	8039	8043	8054	8055	8065	8205	8208	8218	8224	8236	8248	8285
2019-01-05 Sat	7076	8014	8069	8200	8217	8230	8234	8237	8238	8247	8251	8252	8254	8274	8275
2019-01-06 Sun	7111	8054	8062	8200	8222	8247	8252	8254	8275	8298
2019-01-07 Mon	3603	3621	3635	3645	3653	7084	7111	8010	8013	8015	8021	8039	8040	8047	8062	8065	8068	8231	8237	8248	8250	8284
2019-01-08 Tue	3603	3627	3632	3648	3651	7035	7084	8001	8004	8015	8021	8055	8063	8065	8069	8201	8208	8214	8233	8235	8247	8276
2019-01-09 Wed	3600	3626	3698	3699	7012	7035	7110	8002	8050	8053	8055	8071	8074	8216	8217	8223	8227	8246	8253	8259	8277
2019-01-10 Thu	3621	3628	3632	3638	7017	7110	7120	8015	8024	8025	8067	8076	8208	8209	8212	8221	8226	8231	8248	8252	8255	8269
2019-01-11 Fri	3627	3633	3637	3642	7019	7120	7124	8005	8011	8016	8028	8036	8040	8041	8047	8060	8069	8074	8231	8236	8273	8296
2019-01-12 Sat	7124	8009	8021	8036	8043	8057	8067	8076	8209	8210	8238	8264	8275	8291
2019-01-13 Sun	2786	7011	8009	8051	8079	8201	8223	8225	8246	8264
2019-01-14 Mon	3600	3631	3648	3649	3652	7011	7065	8001	8015	8017	8035	8048	8062	8076	8084	8203	8205	8207	8225	8229	8258	8299
