2018-09-17 Mon	4305	4328	4369	4409	4500	4506	4507	4511	4513	4514	4518	4521	4525	4529	4532	4533	4547	4548	4552	4554	4556	4561
2018-09-18 Tue	4303	4311	4331	4358	4402	4500	4501	4502	4507	4511	4514	4515	4516	4518	4520	4532	4537	4540	4543	4544	4550	4557	4563
2018-09-19 Wed	4311	4327	4336	4366	4386	4501	4510	4514	4516	4525	4526	4529	4533	4534	4537	4540	4546	4547	4551	4552	4554	4556	4558	4562
2018-09-20 Thu	4325	4351	4359	4381	4500	4504	4508	4512	4513	4519	4524	4527	4529	4533	4536	4541	4544	4547	4548	4550	4552	4555	4558
2018-09-21 Fri	2607	2688	4301	4304	4327	4385	4508	4515	4516	4519	4523	4524	4527	4531	4532	4533	4537	4541	4546	4556	4557	4563
2018-09-22 Sat	2607
2018-09-24 Mon	4303	4312	4326	4397	4404	4506	4508	4511	4521	4525	4527	4529	4532	4538	4540	4541	4554	4558	4559	4563
2018-09-25 Tue	4310	4320	4327	4374	4383	4505	4509	4510	4511	4514	4520	4524	4525	4526	4527	4533	4540	4541	4546	4550	4562	4563
2018-09-26 Wed	4322	4323	4332	4375	4379	4383	4403	4502	4504	4505	4513	4520	4523	4525	4535	4538	4539	4544	4547	4550	4561	4563
2018-09-27 Thu	4317	4368	4370	4385	4406	4500	4503	4504	4507	4510	4513	4516	4519	4520	4525	4529	4531	4533	4535	4536	4540	4541	4547	4550	4559
2018-09-28 Fri	2803	2808	4325	4333	4334	4349	4381	4509	4516	4524	4529	4548	4557	4559	4560	4561
2018-09-29 Sat	2600	2610	2626	2648	2670	2673	2683	2715	2717	2720	2736	2749	2764	2807	2808
2018-09-30 Sun	2610	2678	2683	2695	2701	2708	2711	2719	2720	2725	2728	2748	2749	2784	2790	2792
2018-10-01 Mon	2711	2812	4347	4365	4373	4389	4394	4514	4515	4518	4519	4522	4523	4524	4533	4535	4538	4540	4544	4554	4557	4558
2018-10-02 Tue	2812	4302	4305	4326	4388	4393	4501	4502	4503	4509	4516	4519	4527	4529	4536	4548	4550	4552	4553	4556	4557	4559	4562
2018-10-03 Wed	4329	4338	4341	4360	4365	4399	4501	4503	4504	4505	4507	4509	4510	4514	4524	4527	4529	4531	4543	4550	4558	4562	4563
2018-10-04 Thu	4319	4320	4323	4368	4389	4501	4502	4508	4511	4513	4515	4519	4522	4523	4537	4539	4544	4547	4548	4554	4555	4556	4559	4563
2018-10-05 Fri	2653	2667	4328	4346	4358	4384	4399	4500	4504	4511	4513	4515	4519	4525	4526	4527	4535	4541	4544	4546	4559	4561	4562
2018-10-06 Sat	2605	2636	2637	2644	2653	2671	2674	2689	2703	2707	2718	2746	2762	2766	2780	2787
2018-10-07 Sun	2609	2616	2618	2625	2636	2653	2705	2708	2715	2721	2728	2737	2764	2792	2797	2811	2812
2018-10-08 Mon	2811	4317	4326	4327	4337	4351	4396	4409	4504	4507	4508	4509	4513	4519	4531	4538	4540	4546	4551	4556	4559	4561	4563
2018-10-09 Tue	4303	4317	4336	4353	4368	4507	4509	4511	4513	4516	4524	4526	4527	4537	4538	4544	4546	4552	4556	4557	4559	4560	4562
2018-10-10 Wed	4309	4353	4368	4373	4502	4507	4508	4514	4516	4523	4529	4533	4535	4542	4547	4551	4554	4556	4557	4559	4560	4561	4562
2018-10-11 Thu	4339	4366	4374	4376	4398	4501	4507	4510	4511	4516	4518	4519	4522	4530	4535	4537	4538	4539	4542	4550	4556	4557	4559
2018-10-12 Fri	2609	2667	2695	2710	2711	2719	2720	2726	2728	2789	2811	4303	4317	4355	4383	4400	4505	4506	4511	4525	4527	4531	4532	4537	4538	4539	4543	4547
2018-10-13 Sat	2624	2638	2678	2688	2714	2715	2717	2720	2721	2723	2725	2765	2770	2786	2812
2018-10-14 Sun	2606	2609	2612	2636	2638	2667	2688	2709	2711	2714	2723	2764	2776	2792	2804	2808
2018-10-15 Mon	2711	4339	4355	4357	4368	4384	4500	4505	4506	4508	4513	4522	4530	4532	4535	4539	4543	4544	4546	4550	4555	4556	4561	4562
2018-10-16 Tue	4303	4369	4392	4398	4500	4502	4503	4505	4513	4516	4524	4525	4538	4540	4541	4545	4553	4554	4556	4559	4561	4562	4563
2018-10-17 Wed	4339	4344	4379	4388	4390	4502	4504	4511	4514	4521	4523	4533	4538	4540	4545	4547	4552	4554	4555	4556	4557	4560
2018-10-18 Thu	4303	4310	4351	4367	4383	4392	4397	4502	4503	4505	4508	4512	4518	4519	4521	4522	4526	4527	4531	4545	4548	4550	4554
2018-10-19 Fri	2667	2726	4329	4334	4339	4340	4392	4504	4505	4508	4512	4514	4515	4518	4521	4523	4538	4540	4543	4546	4550	4552	4554	4558
2018-10-20 Sat	2608	2616	2625	2636	2667	2672	2675	2680	2696	2718	2720	2728	2729	2735	2762	2794	2808
2018-10-21 Sun	2605	2607	2608	2611	2624	2636	2667	2710	2712	2718	2720	2726	2728	2729	2780	2792	2812
2018-10-22 Mon	2729	4314	4337	4362	4377	4388	4500	4501	4504	4508	4518	4522	4526	4530	4532	4537	4540	4546	4547	4554	4556	4557	4561	4563
2018-10-23 Tue	4313	4390	4398	4403	4501	4502	4503	4505	4508	4509	4520	4521	4522	4523	4526	4528	4529	4533	4535	4554	4556	4558	4561
2018-10-24 Wed	4326	4328	4334	4338	4346	4409	4504	4506	4507	4514	4519	4521	4524	4529	4533	4537	4538	4539	4540	4545	4553	4554	4556	4557	4562
2018-10-25 Thu	4313	4343	4346	4351	4371	4383	4503	4508	4509	4512	4519	4521	4525	4528	4533	4535	4538	4542	4543	4544	4545	4553	4556	4560	4561
2018-10-26 Fri	2746	2747	4334	4357	4386	4403	4504	4505	4506	4511	4515	4519	4525	4528	4533	4534	4536	4541	4544	4550	4551	4560	4562
2018-10-27 Sat	2604	2607	2609	2625	2640	2649	2691	2709	2712	2723	2740	2746	2748	2776	2798	2802	2807	2811
2018-10-28 Sun	2602	2608	2618	2624	2630	2636	2640	2644	2653	2695	2696	2709	2711	2712	2715	2721
2018-10-29 Mon	2608	2811	4304	4340	4345	4361	4369	4504	4506	4507	4519	4522	4526	4536	4542	4543	4553	4554	4556	4557	4558	4559	4562
2018-10-30 Tue	4301	4343	4346	4356	4379	4406	4502	4503	4507	4508	4514	4518	4520	4523	4526	4527	4531	4534	4541	4543	4548	4550	4553	4560
2018-10-31 Wed	2715	4315	4320	4395	4407	4501	4504	4505	4506	4508	4509	4518	4519	4524	4526	4528	4542	4543	4550	4551	4554	4557	4559	4563
2018-11-01 Thu	4305	4339	4387	4401	4501	4503	4504	4510	4519	4523	4526	4527	4536	4539	4543	4545	4553	4554	4555	4557	4558	4559
2018-11-02 Fri	2607	2746	4317	4329	4340	4352	4363	4374	4377	4501	4502	4507	4514	4515	4524	4526	4527	4531	4532	4534	4537	4538	4548	4554	4558	4561
2018-11-03 Sat	2604	2614	2634	2649	2668	2674	2683	2693	2703	2710	2711	2717	2736	2746	2766	2794	2803	2811
2018-11-04 Sun	2607	2608	2625	2626	2630	2637	2680	2708	2709	2714	2717	2719	2747	2748	2780
2018-11-05 Mon	2717	4320	4346	4403	4409	4508	4509	4515	4520	4521	4523	4524	4529	4530	4535	4540	4541	4543	4552	4555	4556	4557	4558	4561
2018-11-06 Tue	4300	4307	4309	4368	4396	4503	4504	4506	4507	4511	4514	4518	4527	4529	4530	4535	4536	4537	4541	4545	4552	4553	4560
2018-11-07 Wed	4302	4304	4310	4315	4358	4506	4507	4508	4510	4515	4519	4523	4534	4539	4541	4547	4548	4552	4557	4559	4561	4562
2018-11-08 Thu	2610	4328	4332	4338	4382	4396	4501	4505	4506	4507	4508	4510	4518	4519	4524	4528	4535	4537	4540	4550	4552	4558	4559	4561	7117
2018-11-09 Fri	2625	2747	4331	4337	4356	4358	4374	4376	4503	4514	4518	4521	4522	4526	4528	4530	4531	4536	4539	4545	4556	4557	4561
2018-11-10 Sat	2600	2625	2644	2649	2651	2658	2693	2702	2710	2712	2719	2720	2721	2737	2794
2018-11-11 Sun	2644	2674	2702	2711	2712	2715	2719	2721	2725	2740	2747	2748	2780	2784	2792
2018-11-12 Mon	2719	4323	4370	4394	4406	4408	4501	4507	4510	4513	4514	4516	4518	4524	4525	4530	4536	4537	4538	4542	4544	4545	4552	4559
2018-11-13 Tue	4310	4318	4327	4363	4501	4505	4507	4519	4522	4523	4524	4525	4530	4533	4536	4542	4545	4547	4550	4555	4557	4560	4562
2018-11-14 Wed	4322	4347	4357	4388	4405	4504	4508	4509	4512	4514	4515	4518	4520	4523	4531	4536	4541	4542	4548	4550	4557	4562
2018-11-15 Thu	4318	4343	4374	4386	4404	4503	4507	4508	4510	4512	4515	4529	4532	4534	4536	4537	4543	4555	4557	4558	4559
2018-11-16 Fri	2609	2784	4303	4340	4389	4391	4397	4501	4503	4508	4509	4515	4516	4518	4522	4525	4539	4540	4548	4552	4553	4562	4563
2018-11-17 Sat	2609	2647	2658	2674	2696	2704	2710	2712	2720	2721	2728	2729	2803	2809	2812
2018-11-18 Sun	2607	2625	2626	2673	2695	2696	2709	2710	2712	2719	2720	2726	2728	2766	2769	2803
2018-11-19 Mon	2728	4349	4350	4372	4380	4381	4503	4505	4511	4519	4520	4523	4531	4535	4536	4537	4540	4543	4548	4550	4551	4558	4560
2018-11-20 Tue	4306	4310	4348	4383	4392	4503	4509	4511	4513	4514	4520	4531	4533	4534	4537	4542	4548	4553	4555	4556	4562
2018-11-21 Wed	4303	4312	4327	4387	4407	4503	4504	4507	4509	4511	4516	4518	4521	4522	4523	4535	4543	4544	4551	4554	4555	4556
2018-11-22 Thu	4503	4504	4507	4510	4524	4532	4539	4544	4546	4548	4551	4554	4560	4562	4563
2018-11-23 Fri	2729	2792	4300	4321	4355	4397	4398	4501	4511	4518	4519	4520	4522	4523	4527	4530	4533	4537	4540	4541	4545	4551	4559	4562
2018-11-24 Sat	2631	2636	2640	2672	2674	2693	2703	2707	2715	2723	2729	2747	2780	2784	2789	2792	2797
2018-11-25 Sun	2606	2625	2636	2667	2674	2688	2700	2711	2720	2725	2726	2728	2803	2806	2812
2018-11-26 Mon	2812	4321	4362	4371	4381	4406	4500	4501	4513	4514	4518	4533	4535	4536	4537	4538	4548	4553	4554	4555	4557	4559	4562
2018-11-27 Tue	4306	4322	4326	4381	4389	4500	4501	4511	4513	4522	4526	4529	4531	4537	4539	4542	4543	4547	4550	4551	4558	4559	4560
2018-11-28 Wed	4323	4334	4335	4361	4377	4500	4501	4513	4520	4521	4523	4529	4532	4536	4539	4547	4552	4556	4557	4559	4561	4563
2018-11-29 Thu	4332	4337	4368	4375	4402	4503	4505	4513	4516	4520	4521	4522	4523	4531	4536	4545	4551	4554	4558	4559	4562	4563
2018-11-30 Fri	2688	2812	4303	4340	4383	4405	4409	4504	4505	4507	4508	4518	4520	4522	4523	4531	4536	4541	4542	4548	4555	4557	4561
2018-12-01 Sat	2615	2625	2669	2681	2693	2714	2721	2725	2726	2729	2773	2786	2811	2812
2018-12-02 Sun	2608	2609	2610	2638	2669	2680	2693	2704	2725	2726	2747	2784	2808	2809
2018-12-03 Mon	2609	4303	4320	4330	4388	4393	4501	4502	4505	4510	4518	4519	4520	4524	4529	4531	4537	4538	4540	4542	4546	4547	4550	4552
2018-12-04 Tue	4319	4349	4358	4361	4375	4392	4397	4503	4507	4508	4509	4512	4514	4519	4530	4535	4536	4541	4543	4548	4550	4555	4558	4561
2018-12-05 Wed	4321	4333	4337	4350	4409	4501	4502	4509	4513	4514	4530	4540	4542	4543	4546	4547	4550	4553	4555	4556	4558	4560	4561
2018-12-06 Thu	4321	4348	4355	4383	4408	4501	4502	4508	4520	4526	4528	4533	4536	4538	4547	4548	4550	4553	4554	4556	4557	4559	4561
2018-12-07 Fri	2803	4324	4350	4364	4372	4401	4407	4505	4509	4518	4520	4522	4523	4529	4537	4540	4541	4550	4552	4554	4559	4563
2018-12-08 Sat	2629	2636	2639	2644	2653	2678	2690	2718	2719	2723	2725	2762	2792	2795	2803
2018-12-09 Sun	2605	2607	2608	2638	2640	2678	2689	2690	2704	2715	2718	2725	2726	2728	2746	2749
2018-12-10 Mon	2605	4312	4314	4315	4385	4387	4503	4508	4514	4516	4520	4521	4522	4524	4526	4529	4533	4540	4545	4555	4559	4562	4563
2018-12-11 Tue	4304	4319	4381	4384	4387	4501	4505	4507	4510	4512	4514	4518	4520	4521	4525	4535	4538	4541	4545	4546	4556	4557
2018-12-12 Wed	4331	4338	4343	4347	4371	4501	4503	4509	4510	4514	4515	4522	4525	4533	4535	4539	4541	4546	4550	4552	4554	4563
2018-12-13 Thu	4321	4349	4361	4400	4403	4507	4510	4513	4522	4526	4530	4537	4539	4541	4545	4548	4551	4553	4556	4559	4561	4562
2018-12-14 Fri	2704	2808	4310	4322	4332	4340	4351	4501	4505	4509	4513	4520	4521	4522	4524	4533	4537	4539	4543	4544	4547	4552	4556	4557
2018-12-15 Sat	2609	2636	2670	2680	2688	2690	2702	2704	2747	2749	2764	2776	2798	2803	2808	2812
2018-12-16 Sun	2609	2610	2636	2680	2683	2704	2710	2711	2717	2718	2719	2728	2747	2812
2018-12-17 Mon	2710	4328	4343	4346	4350	4400	4502	4508	4510	4512	4513	4514	4516	4518	4520	4524	4525	4532	4535	4545	4547	4550	4561
2018-12-18 Tue	2792	4362	4363	4374	4387	4393	4501	4503	4505	4509	4521	4522	4527	4528	4532	4535	4544	4547	4550	4554	4562	4563
2018-12-19 Wed	2636	2680	4320	4329	4338	4359	4397	4502	4505	4509	4510	4514	4520	4524	4527	4528	4533	4537	4538	4546	4548	4562
2018-12-20 Thu	2636	2729	4320	4324	4359	4363	4376	4501	4508	4510	4516	4518	4527	4532	4533	4538	4541	4545	4547	4548	4563
2018-12-21 Fri	2608	2729	2784	4330	4346	4348	4364	4382	4395	4501	4506	4510	4513	4522	4527	4529	4530	4532	4541	4543	4544	4559	4561
2018-12-22 Sat	2784	4505	4522	4527	4530	4536	4539	4541	4548	4551	4552	4556	4559	4562	4563
2018-12-23 Sun	4509	4515	4516	4518	4522	4523	4533	4535	4538	4543	4548	4551	4557	4560	4561
2018-12-24 Mon	4307	4342	4367	4398	4403	4500	4501	4503	4509	4514	4515	4520	4524	4527	4528	4533	4539	4543	4544	4545	4548	4554	4555	4558	4563
2018-12-25 Tue	4377	4399	4500	4505	4508	4516	4520	4525	4531	4532	4535	4536	4541	4543	4545	4546	4547
2018-12-26 Wed	4312	4313	4326	4328	4373	4508	4513	4514	4515	4525	4528	4536	4537	4538	4540	4541	4548	4550	4554	4555	4557	4558	4562
2018-12-27 Thu	4300	4312	4345	4350	4391	4501	4505	4507	4509	4521	4525	4527	4535	4538	4540	4544	4547	4548	4553	4556	4558	4560	4563
2018-12-28 Fri	2636	2808	4320	4340	4359	4367	4405	4505	4506	4507	4508	4509	4512	4522	4525	4527	4528	4543	4545	4549	4550	4554	4556	4557	4559	4561
2018-12-29 Sat	2808	4516	4518	4520	4528	4532	4540	4541	4542	4549	4550	4555	4558	4559	4560
2018-12-30 Sun	4505	4512	4515	4516	4518	4520	4521	4535	4540	4541	4542	4548	4549	4555	4558
2018-12-31 Mon	2696	4308	4315	4355	4368	4395	4507	4514	4516	4522	4525	4529	4535	4539	4540	4541	4543	4544	4549	4551	4553	4557	4561
2019-01-01 Tue	4503	4505	4506	4524	4525	4527	4529	4533	4535	4544	4549	4551	4554	4561	4563
2019-01-02 Wed	4300	4352	4368	4375	4384	4503	4508	4512	4513	4515	4518	4520	4521	4524	4525	4528	4532	4540	4541	4544	4546	4560	4562
2019-01-03 Thu	4309	4372	4383	4406	4408	4515	4516	4520	4525	4531	4532	4534	4535	4537	4538	4539	4542	4544	4548	4554	4558	4560
2019-01-04 Fri	2626	2717	4352	4371	4380	4392	4405	4503	4511	4513	4518	4523	4527	4528	4537	4538	4540	4541	4542	4544	4545	4549	4557	4561
2019-01-05 Sat	2602	2607	2626	2668	2688	2695	2700	2707	2709	2711	2719	2726	2735	2773	2792
2019-01-06 Sun	2624	2638	2643	2658	2672	2688	2703	2710	2721	2723	2726	2741	2746	2762	2803
2019-01-07 Mon	2703	4300	4324	4342	4345	4358	4511	4513	4516	4521	4525	4533	4537	4539	4541	4542	4544	4552	4554	4555	4561
2019-01-08 Tue	4332	4358	4378	4383	4393	4407	4506	4507	4509	4514	4518	4520	4522	4524	4525	4528	4530	4531	4534	4542	4548	4553	4556	4558
2019-01-09 Wed	4319	4346	4364	4366	4380	4503	4513	4518	4528	4531	4537	4538	4540	4541	4542	4543	4545	4551	4552	4556	4557	4560	4562
2019-01-10 Thu	4347	4353	4357	4393	4395	4513	4514	4522	4524	4530	4532	4533	4538	4540	4541	4549	4551	4553	4554	4555	4557	4561
2019-01-11 Fri	2688	2704	2803	4311	4335	4348	4349	4384	4507	4508	4514	4522	4525	4531	4533	4535	4542	4543	4549	4550	4554	4556	4558
2019-01-12 Sat	2601	2604	2609	2624	2647	2653	2688	2710	2721	2729	2746	2761	2787	2791	2800
2019-01-13 Sun	2601	2605	2626	2642	2645	2647	2653	2680	2721	2740	2761	2803	2804	2808
2019-01-14 Mon	2808	4304	4334	4364	4384	4508	4512	4516	4525	4527	4529	4535	4536	4538	4542	4550	4552	4555	4556	4561	4562
