2018-09-17 Mon	2618	2629	2642	2644	2652	2675	2689	2698	2702	2703	2709	2737	2776	2780	2799	7036	7073	8268	8272	8274	8278	8280	8284	8285	8288	8289	8290	8296	8297
2018-09-18 Tue	2601	2614	2629	2631	2642	2652	2668	2670	2681	2684	2689	2690	2702	2703	2705	2710	2764	2776	2786	2787	2789	2791	2794	2797	2799	2800	2810	8260	8265	8267	8269	8270	8272	8275	8278	8280	8281	8282	8283	8285	8288	8290	8294
2018-09-19 Wed	2601	2606	2614	2629	2634	2642	2644	2647	2648	2669	2671	2674	2678	2698	2700	2705	2706	2710	2735	2739	2770	2805	2809	2810	8254	8259	8260	8261	8264	8267	8269	8271	8272	8274	8278	8281	8285	8288	8291	8294
2018-09-20 Thu	2601	2613	2628	2638	2644	2649	2651	2669	2676	2689	2691	2698	2700	2701	2702	2703	2706	2707	2739	2764	2767	2779	2787	2789	2790	7107	8259	8262	8267	8268	8269	8270	8273	8274	8279	8281	8284	8287	8288	8289	8291	8292
2018-09-21 Fri	2600	2612	2630	2638	2649	2652	2707	2708	2710	2735	2736	2737	2738	2761	2776	2786	2787	2789	2790	2798	2802	2806	2809	2810	7070	7095	8259	8264	8265	8268	8269	8271	8273	8274	8279	8281	8284	8285	8287	8288	8290	8293	8294
2018-09-22 Sat	2810
2018-09-24 Mon	2628	2630	2642	2644	2671	2673	2681	2701	2706	2734	2739	2776	2791	2802	2805	7071	8260	8263	8268	8272	8274	8275	8280	8281	8283	8284	8289	8292	8294	8296	8298
2018-09-25 Tue	2600	2604	2628	2638	2644	2645	2649	2651	2668	2675	2689	2691	2703	2705	2706	2739	2763	2767	2780	2786	2790	2797	2798	2799	2802	7072	7118	7160	8262	8263	8269	8270	8271	8273	8274	8275	8277	8279	8280	8281	8282	8285	8288	8292	8294	8296	8297	8299
2018-09-26 Wed	2604	2613	2618	2630	2642	2644	2649	2651	2672	2674	2676	2683	2689	2700	2703	2707	2761	2762	2773	2789	2806	2807	2810	7086	7107	8259	8264	8265	8269	8270	8271	8272	8273	8275	8277	8280	8282	8283	8285	8288	8289	8294	8298	8299
2018-09-27 Thu	2617	2629	2642	2647	2649	2669	2670	2672	2675	2681	2683	2689	2700	2701	2703	2706	2707	2735	2739	2780	2786	2790	2806	2810	7008	7092	8259	8261	8267	8269	8270	8272	8273	8275	8277	8278	8279	8281	8285	8288	8293	8295	8297	8299
2018-09-28 Fri	2600	2601	2606	2613	2617	2631	2638	2642	2645	2669	2674	2677	2683	2703	2735	2739	2763	2771	2773	2776	2789	2810	7065	7070	7091	8261	8266	8268	8270	8272	8273	8275	8280	8284	8288	8290	8291	8293	8295	8297	8298
2018-09-29 Sat	2614	2628	2638	2644	2675	2700	2702	2703	2735	2740	2776	2780	2787	2789	2794	2798	2801	8261	8266	8270	8273	8288	8293
2018-09-30 Sun	2612	2618	2642	2644	2675	2676	2762	2799	2805	2810	8259	8260	8261	8263	8268	8269	8271	8275	8277	8281	8283	8285	8291	8297	8298
2018-10-01 Mon	2612	2617	2630	2634	2638	2647	2668	2677	2698	2700	2702	2703	2705	2764	2766	2770	2776	2780	2789	2791	2800	2802	2806	2810	7006	7090	7117	8259	8264	8269	8271	8272	8274	8275	8280	8281	8282	8283	8285	8288	8289	8290	8291	8293	8294	8296	8298
2018-10-02 Tue	2629	2630	2638	2642	2647	2648	2649	2652	2674	2677	2689	2698	2700	2703	2737	2761	2762	2763	2765	2773	2776	2787	2802	2806	2809	2810	7004	7072	7077	8260	8263	8265	8266	8267	8270	8272	8274	8275	8277	8279	8280	8288	8293	8296	8297
2018-10-03 Wed	2631	2638	2645	2652	2668	2677	2678	2684	2707	2773	2790	2802	2805	2809	2810	8259	8261	8264	8267	8268	8270	8273	8274	8277	8278	8282	8284	8289	8290	8292	8294
