2018-09-17 Mon	3700	3708	3711	3714	3722	3749	3752	3755	3759
2018-09-18 Tue	3700	3708	3710	3712	3715	3720	3722	3728	3752	3757
2018-09-19 Wed	3700	3711	3712	3713	3733	3734	3749	3750	3751	3753	3754	3757
2018-09-20 Thu	3700	3711	3712	3713	3720	3722	3732	3749	3751	3752	3754
2018-09-21 Fri	3700	3708	3710	3712	3713	3715	3720	3722	3735	3749	3750	3752	3755
2018-09-22 Sat	3714	3715	3721	3727	3729	3750
2018-09-23 Sun	3715	3722	3727	3749	3757
2018-09-24 Mon	3700	3710	3711	3712	3714	3731	3735	3749	3753	3754	3757	7152
2018-09-25 Tue	3700	3702	3712	3722	3728	3733	3735	3751	3752	3754	3755	7013	7189
2018-09-26 Wed	3701	3702	3714	3715	3721	3722	3727	3731	3733	3734	3735	3756	3757
2018-09-27 Thu	3701	3708	3713	3714	3720	3729	3735	3751	3753	3754	3757	7143
2018-09-28 Fri	3700	3702	3708	3710	3711	3712	3721	3731	3733	3735	3751	3755	7174
2018-09-29 Sat	3708	3714	3715	3720	3731	3749
2018-09-30 Sun	3710	3730	3731	3735	3750
2018-10-01 Mon	3700	3701	3711	3712	3714	3727	3735	3750	3751	3753	3754	3757
2018-10-02 Tue	3700	3708	3713	3714	3720	3722	3730	3749	3753	3754	3757	7014
2018-10-03 Wed	3700	3701	3708	3711	3712	3721	3731	3751	3754	3755
2018-10-04 Thu	3701	3708	3712	3713	3714	3715	3722	3727	3734	3735	3750	3753	3754	3757
2018-10-05 Fri	3700	3701	3702	3708	3712	3713	3714	3720	3721	3722	3735	3751	3754	3755
2018-10-06 Sat	3702	3710	3711	3713	3735	3750	3755
2018-10-07 Sun	3731	3733	3755	3756	3757
2018-10-08 Mon	3700	3701	3702	3709	3713	3714	3720	3727	3749	3750	3751	3753	3754	3759
2018-10-09 Tue	3709	3710	3711	3713	3714	3722	3727	3732	3733	3750	3753	3755	3759	7014
2018-10-10 Wed	3700	3710	3714	3720	3727	3731	3733	3734	3753	3757	3759	7154
2018-10-11 Thu	3710	3721	3729	3733	3734	3735	3749	3751	3753	3755	3757	3759
2018-10-12 Fri	3700	3708	3713	3714	3722	3729	3751	3752	3755	3756	3757	3759
2018-10-13 Sat	3708	3711	3721	3727	3730	3753
2018-10-14 Sun	3702	3711	3727	3735	3750
2018-10-15 Mon	3709	3710	3721	3722	3728	3729	3730	3731	3732	3752	3753	3754	3755
2018-10-16 Tue	3700	3702	3709	3710	3711	3712	3721	3727	3731	3732	3752	3756	3759	7153	7181
2018-10-17 Wed	3702	3710	3713	3714	3728	3730	3733	3750	3751	3752	3755	3759	7175
2018-10-18 Thu	3710	3712	3713	3722	3727	3728	3731	3732	3733	3752	3754	3756	3757
2018-10-19 Fri	3700	3710	3712	3713	3721	3722	3727	3731	3735	3750	3751	3756	3759
2018-10-20 Sat	3709	3713	3731	3732	3733	3755
2018-10-21 Sun	3709	3710	3714	3753	3755
2018-10-22 Mon	3702	3709	3712	3728	3729	3732	3733	3735	3749	3753	3757
2018-10-23 Tue	3702	3708	3711	3712	3713	3714	3722	3734	3752	3753	3754	3756	7059
2018-10-24 Wed	3702	3710	3711	3712	3713	3721	3727	3728	3729	3731	3749	3753
2018-10-25 Thu	3701	3708	3709	3711	3712	3713	3714	3722	3727	3734	3750	3756
2018-10-26 Fri	3710	3713	3722	3727	3728	3750	3751	3753	3754	3756	3757
2018-10-27 Sat	3700	3708	3712	3714	3732	3735
2018-10-28 Sun	3708	3711	3712	3728	3753	3756
2018-10-29 Mon	3700	3708	3711	3722	3729	3730	3734	3749	3750	3752	3756	3757
2018-10-30 Tue	3708	3710	3714	3721	3722	3727	3732	3733	3734	3750
2018-10-31 Wed	3700	3709	3710	3712	3713	3714	3715	3727	3734	3735	3750	3751	3757
2018-11-01 Thu	3708	3711	3713	3714	3721	3722	3727	3730	3731	3733	3734	3753	3757
2018-11-02 Fri	3700	3701	3708	3710	3713	3714	3721	3722	3728	3753	3754	3755
2018-11-03 Sat	3708	3713	3714	3728	3731	3756
2018-11-04 Sun	3722	3728	3731	3734	3753
2018-11-05 Mon	3700	3701	3709	3713	3714	3720	3721	3727	3728	3733	3734	3750	3753
2018-11-06 Tue	3708	3710	3711	3713	3720	3721	3729	3733	3734	3752	3755	3756
2018-11-07 Wed	3701	3709	3712	3720	3721	3722	3727	3729	3730	3749	3750	3757	7192
2018-11-08 Thu	3700	3701	3709	3713	3714	3722	3727	3729	3732	3734	3754	7009	7184
2018-11-09 Fri	3700	3701	3712	3713	3720	3722	3729	3732	3734	3735	3750	7180
2018-11-10 Sat	3700	3711	3722	3729	3730	3732	3751	3752
2018-11-11 Sun	3700	3720	3727	3729	3749	3755	3756
2018-11-12 Mon	3708	3709	3713	3722	3728	3729	3752	3753	3754	7184
2018-11-13 Tue	3709	3713	3715	3720	3722	3727	3733	3734	3752	3754	7195
2018-11-14 Wed	3708	3710	3715	3721	3722	3727	3730	3732	3734	3750	3753	3754	3756
