2018-09-17 Mon	9545	9549	9550	9551	9586	9587	9590	9591	9611	9612	9614	9615	9640	9643	9647	9649	9654	9655	9657	9658	9802	9803	9807	9812	9815
2018-09-18 Tue	6978	9539	9550	9551	9552	9569	9574	9582	9586	9587	9588	9591	9596	9600	9606	9607	9610	9611	9612	9613	9614	9615	9620	9626	9627	9628	9633	9637	9644	9645	9655	9659	9801	9803	9804	9805	9807	9809	9812	9814	9815
2018-09-19 Wed	8161	9545	9548	9551	9568	9569	9581	9584	9585	9588	9590	9591	9600	9603	9608	9610	9611	9613	9614	9615	9624	9626	9627	9628	9631	9632	9636	9637	9639	9643	9644	9646	9655	9656	9659	9800	9802	9803	9804	9806	9810	9812	9815
2018-09-20 Thu	6991	9540	9552	9569	9583	9585	9586	9587	9590	9591	9594	9603	9606	9607	9609	9610	9611	9612	9616	9620	9623	9624	9628	9629	9634	9637	9639	9647	9648	9649	9651	9654	9657	9659	9800	9801	9803	9806	9807	9810	9812	9815	9817
2018-09-21 Fri	9540	9545	9548	9549	9568	9574	9577	9581	9582	9587	9589	9590	9594	9600	9602	9609	9610	9612	9613	9621	9625	9626	9629	9630	9632	9633	9634	9636	9641	9643	9647	9648	9654	9657	9659	9803	9807	9810	9815	9817	9819
2018-09-24 Mon	6932	6988	9540	9547	9549	9550	9551	9552	9569	9581	9584	9587	9603	9608	9614	9615	9625	9630	9641	9643	9650	9654	9656	9800	9803	9809	9815	9819
2018-09-25 Tue	8170	8186	9082	9545	9547	9550	9551	9552	9568	9570	9571	9574	9582	9583	9585	9589	9591	9594	9606	9607	9611	9612	9620	9622	9624	9627	9631	9635	9636	9640	9641	9653	9655	9656	9659	9800	9802	9807	9809	9812	9817
2018-09-26 Wed	8163	9091	9539	9548	9549	9551	9552	9568	9570	9574	9577	9581	9583	9584	9585	9586	9587	9602	9603	9604	9610	9612	9621	9623	9624	9626	9627	9630	9636	9637	9648	9649	9651	9657	9800	9801	9802	9807	9812	9815	9817	9819
2018-09-27 Thu	9072	9074	9125	9200	9539	9547	9548	9549	9551	9568	9569	9570	9574	9583	9584	9585	9588	9594	9607	9611	9613	9615	9619	9622	9624	9625	9626	9635	9636	9648	9649	9652	9653	9656	9657	9659	9800	9802	9808	9809	9813	9817
2018-09-28 Fri	8152	8162	9073	9074	9126	9539	9549	9551	9552	9568	9574	9580	9583	9585	9588	9590	9593	9600	9607	9610	9615	9616	9617	9620	9621	9629	9635	9652	9653	9801	9803	9806	9808	9810	9813	9815	9819
2018-09-29 Sat	9569	9585	9800	9802	9807	9811	9813
2018-09-30 Sun	9545	9583	9585	9591	9801	9802	9813
2018-10-01 Mon	6967	8180	9539	9547	9548	9549	9577	9581	9582	9583	9584	9585	9588	9590	9602	9605	9606	9612	9617	9619	9621	9623	9624	9625	9630	9634	9641	9649	9652	9656	9659	9803	9805	9806	9807	9808	9810	9811	9812	9813	9817	9819
2018-10-02 Tue	9076	9539	9540	9547	9548	9551	9570	9582	9583	9584	9586	9587	9591	9594	9600	9604	9606	9608	9613	9616	9617	9621	9622	9626	9629	9632	9634	9637	9641	9647	9648	9650	9656	9803	9806	9810	9811	9812	9813	9819
2018-10-03 Wed	9073	9087	9539	9540	9549	9568	9569	9585	9587	9591	9593	9600	9602	9613	9626	9627	9637	9644	9645	9646	9655	9656	9801	9802	9803	9806	9807	9809	9810	9811	9812
2018-10-04 Thu	9070	9074	9088	9539	9548	9551	9552	9574	9577	9584	9585	9591	9593	9594	9603	9604	9605	9612	9619	9622	9625	9627	9630	9631	9632	9634	9648	9652	9654	9655	9801	9802	9805	9806	9807	9808	9810	9812	9813	9817	9819
2018-10-05 Fri	6886	8194	9551	9568	9569	9581	9583	9584	9585	9586	9587	9589	9591	9594	9608	9615	9616	9620	9623	9626	9633	9634	9636	9637	9640	9644	9647	9648	9652	9655	9803	9806	9807	9808	9811	9812	9813	9814	9815	9816	9818	9819
2018-10-06 Sat	9548	9549	9569	9585	9587	9589	9806
2018-10-07 Sun	9570	9577	9585	9587	9802	9806	9816
2018-10-08 Mon	9077	9078	9091	9126	9539	9548	9551	9552	9568	9570	9583	9584	9585	9586	9587	9589	9591	9593	9600	9604	9615	9617	9619	9621	9627	9629	9632	9633	9634	9646	9647	9655	9800	9803	9805	9806	9807	9809	9811	9815
2018-10-09 Tue	6872	8179	9074	9078	9539	9545	9547	9548	9549	9569	9571	9577	9583	9585	9587	9589	9590	9593	9602	9603	9608	9614	9617	9624	9641	9646	9651	9655	9656	9658	9806	9809	9810	9813	9814	9816
2018-10-10 Wed	6882	6889	9082	9087	9124	9539	9545	9547	9549	9551	9569	9574	9581	9593	9600	9608	9610	9612	9615	9619	9623	9631	9639	9643	9651	9655	9656	9657	9801	9802	9803	9805	9806	9807	9808	9809	9810	9813	9814	9815	9816	9818
2018-10-11 Thu	8163	9082	9540	9545	9548	9549	9569	9570	9573	9577	9586	9587	9588	9590	9591	9593	9594	9596	9611	9615	9619	9625	9627	9629	9633	9636	9646	9651	9656	9657	9658	9803	9805	9806	9807	9809	9810	9814	9815	9816
2018-10-12 Fri	6978	8189	9073	9540	9547	9548	9549	9552	9570	9573	9577	9581	9584	9585	9587	9589	9590	9591	9596	9603	9605	9633	9637	9640	9641	9644	9645	9650	9655	9657	9658	9801	9802	9806	9809	9815	9818
2018-10-13 Sat	9568	9588	9591	9802	9803	9808	9810	9814
2018-10-14 Sun	9548	9568	9570	9583	9586	9802	9803	9815	9819
2018-10-15 Mon	8163	9091	9540	9545	9547	9548	9549	9551	9569	9573	9583	9584	9585	9586	9587	9588	9589	9590	9591	9593	9600	9603	9607	9608	9631	9632	9635	9636	9637	9641	9645	9647	9649	9801	9802	9804	9806	9807	9808	9810	9814	9815	9817	9818
2018-10-16 Tue	9540	9547	9548	9549	9552	9568	9570	9573	9577	9581	9583	9584	9587	9588	9589	9591	9593	9594	9605	9606	9613	9616	9619	9625	9627	9630	9636	9647	9650	9651	9655	9656	9658	9802	9805	9806	9808	9813	9816	9819
2018-10-17 Wed	9539	9547	9548	9552	9569	9570	9573	9574	9577	9581	9584	9589	9591	9596	9614	9616	9623	9626	9636	9640	9641	9645	9647	9648	9652	9656	9657	9659	9802	9803	9805	9806	9808	9809	9813	9814	9815	9819
2018-10-18 Thu	9078	9539	9540	9545	9547	9549	9551	9570	9574	9577	9581	9582	9584	9585	9586	9587	9588	9589	9593	9596	9603	9605	9606	9610	9611	9614	9615	9621	9626	9644	9645	9648	9649	9653	9801	9802	9803	9804	9805	9806	9813	9815	9819
2018-10-19 Fri	9539	9540	9548	9549	9551	9552	9568	9569	9570	9574	9577	9582	9584	9585	9588	9590	9594	9596	9603	9604	9606	9607	9614	9616	9618	9622	9626	9637	9644	9653	9655	9656	9802	9803	9804	9805	9807	9811	9815	9817
2018-10-20 Sat	9570	9582	9585	9588	9811	9815	9818
2018-10-21 Sun	9568	9573	9582	9585	9590	9594	9631	9816	9818
2018-10-22 Mon	8164	9539	9547	9548	9549	9551	9552	9568	9569	9573	9577	9581	9582	9583	9588	9589	9593	9602	9610	9619	9634	9641	9642	9643	9644	9645	9651	9652	9658	9802	9803	9804	9806	9811	9812	9813	9814	9815	9816	9818
2018-10-23 Tue	9125	9540	9545	9547	9551	9568	9569	9571	9573	9574	9581	9583	9584	9586	9588	9589	9590	9591	9593	9602	9607	9608	9612	9613	9614	9626	9635	9636	9639	9650	9651	9655	9802	9806	9809	9813	9814	9815	9816	9817	9818	9819
2018-10-24 Wed	6919	8186	9540	9548	9551	9569	9570	9571	9573	9577	9585	9587	9588	9589	9591	9596	9600	9605	9606	9607	9616	9631	9637	9639	9641	9644	9650	9802	9803	9804	9809	9810	9811	9812	9813	9815	9816	9817	9819
2018-10-25 Thu	9539	9540	9545	9547	9548	9551	9568	9569	9571	9573	9582	9586	9587	9590	9593	9594	9603	9604	9605	9616	9618	9620	9624	9627	9641	9642	9643	9644	9648	9649	9653	9802	9804	9808	9810	9812	9813	9814	9815	9816
2018-10-26 Fri	9540	9545	9549	9551	9552	9571	9581	9583	9584	9585	9586	9587	9590	9591	9594	9596	9600	9604	9613	9614	9618	9620	9624	9626	9634	9637	9649	9650	9653	9656	9802	9803	9805	9808	9809	9810	9811	9813	9814
2018-10-27 Sat	9549	9576	9580	9581	9586	9591	9811
2018-10-28 Sun	9549	9581	9586	9591	9805	9811	9813
2018-10-29 Mon	9540	9545	9548	9550	9569	9570	9571	9581	9582	9583	9585	9588	9589	9590	9591	9593	9596	9600	9605	9610	9611	9618	9620	9621	9624	9631	9639	9641	9645	9648	9658	9803	9808	9810	9811	9812	9813	9815	9816	9817	9819
2018-10-30 Tue	9087	9545	9549	9551	9571	9573	9582	9583	9584	9585	9586	9588	9589	9591	9594	9596	9605	9608	9618	9626	9627	9630	9635	9641	9644	9647	9649	9650	9651	9658	9803	9807	9808	9810	9812	9814	9816	9817	9819
2018-10-31 Wed	9540	9545	9549	9568	9569	9571	9573	9574	9576	9580	9581	9582	9583	9585	9588	9589	9590	9594	9595	9596	9603	9605	9606	9614	9617	9618	9619	9621	9624	9630	9635	9639	9643	9802	9803	9805	9809	9812	9813	9815	9817	9819
2018-11-01 Thu	6872	8168	9124	9539	9540	9545	9551	9568	9571	9574	9580	9582	9584	9586	9588	9589	9591	9593	9595	9596	9603	9605	9611	9614	9617	9621	9626	9627	9629	9637	9640	9641	9654	9800	9803	9804	9805	9806	9809	9812	9814	9817
2018-11-02 Fri	9540	9545	9550	9568	9570	9571	9573	9574	9576	9581	9582	9583	9584	9586	9587	9588	9589	9595	9596	9604	9606	9618	9624	9625	9629	9631	9642	9648	9650	9651	9653	9658	9801	9802	9808	9809	9813	9814	9815	9817
2018-11-03 Sat	9568	9571	9573	9581	9584	9586	9587	9623	9801	9805	9808
2018-11-04 Sun	9573	9580	9582	9801	9804	9806	9809	9812
2018-11-05 Mon	9539	9547	9551	9568	9571	9573	9574	9577	9580	9582	9583	9588	9590	9591	9594	9604	9606	9610	9611	9617	9620	9621	9628	9630	9632	9641	9646	9649	9652	9655	9656	9801	9802	9804	9806	9808	9809	9813	9814	9815	9817	9818	9819
2018-11-06 Tue	9540	9547	9549	9570	9571	9573	9577	9580	9581	9582	9584	9585	9588	9590	9591	9593	9595	9596	9604	9608	9613	9614	9617	9625	9628	9630	9631	9634	9645	9649	9801	9802	9803	9804	9808	9811	9812	9813	9814	9816	9818
2018-11-07 Wed	9539	9540	9550	9570	9577	9582	9584	9594	9600	9608	9610	9611	9617	9618	9625	9628	9631	9632	9633	9635	9644	9648	9650	9651	9653	9655	9800	9801	9802	9804	9805	9806	9808	9809	9810	9812	9813	9818	9819
2018-11-08 Thu	9539	9545	9547	9549	9551	9552	9569	9570	9577	9580	9584	9585	9588	9603	9604	9606	9608	9609	9610	9611	9621	9627	9632	9634	9637	9640	9643	9646	9647	9654	9656	9658	9800	9801	9802	9803	9806	9808	9809	9810	9813	9817	9819
2018-11-09 Fri	8176	9124	9547	9549	9550	9551	9568	9570	9574	9582	9585	9588	9591	9594	9595	9605	9608	9610	9623	9626	9628	9630	9634	9641	9642	9643	9644	9649	9652	9658	9800	9802	9803	9804	9806	9809	9812	9819
2018-11-10 Sat	9588	9593	9595	9804	9805	9814	9817
2018-11-11 Sun	9550	9569	9577	9588	9595	9805	9814	9818
2018-11-12 Mon	8177	8194	9550	9552	9570	9581	9582	9584	9589	9590	9591	9593	9600	9602	9609	9610	9616	9622	9623	9633	9634	9637	9643	9645	9646	9651	9653	9655	9656	9801	9802	9803	9804	9805	9806	9807	9810	9814	9817	9819
2018-11-13 Tue	8161	9539	9540	9547	9551	9574	9580	9583	9584	9585	9588	9589	9590	9594	9595	9600	9607	9609	9618	9621	9623	9625	9626	9632	9637	9645	9653	9654	9658	9800	9802	9804	9806	9809	9814	9815	9818	9819
2018-11-14 Wed	6918	8174	9539	9549	9550	9570	9574	9577	9580	9581	9582	9585	9588	9590	9592	9593	9595	9602	9604	9605	9606	9610	9611	9623	9627	9635	9641	9642	9646	9648	9651	9652	9659	9803	9804	9806	9809	9811	9814	9817	9818
2018-11-15 Thu	9539	9540	9549	9550	9551	9570	9580	9581	9584	9585	9588	9589	9591	9594	9607	9611	9614	9615	9618	9622	9630	9640	9645	9647	9652	9654	9656	9659	9801	9802	9806	9807	9809	9810	9811	9814	9815	9817	9818
2018-11-16 Fri	9540	9550	9551	9552	9570	9577	9580	9581	9583	9588	9589	9591	9604	9605	9613	9614	9615	9620	9622	9625	9627	9630	9633	9639	9641	9656	9801	9802	9803	9804	9805	9806	9807	9809	9810	9812	9814	9816	9818	9819
2018-11-17 Sat	9552	9574	9804	9806	9809	9810	9812	9815
2018-11-18 Sun	9550	9589	9590	9801	9805	9806	9817
2018-11-19 Mon	6881	9545	9549	9551	9552	9569	9573	9580	9582	9583	9585	9588	9589	9592	9602	9603	9604	9609	9615	9624	9626	9628	9630	9640	9642	9645	9651	9656	9800	9804	9805	9808	9809	9810	9813	9814	9817	9818	9819
2018-11-20 Tue	9539	9549	9550	9552	9573	9580	9582	9584	9585	9587	9588	9589	9592	9594	9596	9600	9606	9609	9610	9612	9613	9614	9615	9616	9622	9624	9627	9630	9631	9632	9645	9659	9802	9803	9806	9808	9809	9810	9811	9813	9814	9818
2018-11-21 Wed	9545	9547	9570	9573	9577	9580	9583	9585	9587	9589	9590	9592	9594	9595	9596	9609	9614	9615	9618	9623	9624	9627	9630	9637	9643	9649	9652	9655	9656	9658	9801	9805	9806	9807	9808	9809	9810	9811	9815	9817	9818
2018-11-22 Thu	9551	9585	9589	9594	9595	9804	9810
2018-11-23 Fri	9539	9540	9545	9549	9569	9574	9575	9577	9580	9581	9585	9590	9591	9592	9594	9596	9600	9604	9607	9615	9618	9628	9630	9632	9633	9635	9636	9637	9644	9646	9651	9804	9805	9806	9808	9809	9810	9811	9813	9814	9816	9817
2018-11-24 Sat	9574	9585	9591	9592	9596	9800	9804
2018-11-25 Sun	9551	9570	9573	9580	9585	9589	9590	9800	9816
2018-11-26 Mon	9545	9547	9573	9575	9581	9584	9587	9590	9591	9592	9593	9594	9595	9607	9614	9616	9618	9623	9625	9627	9631	9632	9635	9636	9644	9652	9657	9801	9802	9804	9805	9806	9807	9809	9811	9813	9816	9818
2018-11-27 Tue	9539	9545	9548	9550	9551	9570	9573	9577	9580	9581	9583	9585	9587	9589	9590	9592	9596	9611	9614	9617	9619	9623	9628	9629	9632	9637	9644	9645	9646	9651	9652	9654	9801	9804	9805	9807	9808	9811	9813	9816	9818
2018-11-28 Wed	9539	9540	9548	9549	9573	9574	9575	9577	9583	9584	9587	9588	9589	9590	9592	9593	9594	9600	9602	9604	9613	9614	9615	9619	9625	9626	9636	9640	9644	9647	9648	9654	9657	9800	9802	9804	9806	9808	9810	9811	9813	9816	9818
2018-11-29 Thu	9539	9540	9545	9549	9570	9577	9580	9582	9583	9584	9586	9588	9590	9592	9594	9595	9596	9600	9603	9610	9614	9619	9620	9623	9628	9631	9633	9640	9644	9646	9649	9659	9801	9804	9810	9811	9813	9816	9818	9819
2018-11-30 Fri	9539	9540	9545	9547	9549	9550	9552	9575	9577	9582	9583	9584	9587	9591	9592	9603	9605	9606	9610	9612	9621	9622	9627	9628	9635	9642	9645	9653	9654	9802	9805	9806	9807	9808	9810	9811	9815	9817	9819
2018-12-01 Sat	9575	9577	9580	9589	9594	9808	9812	9817
2018-12-02 Sun	9545	9547	9551	9552	9585	9594	9812	9817
2018-12-03 Mon	9539	9550	9570	9573	9574	9578	9582	9583	9584	9585	9587	9589	9590	9591	9602	9607	9608	9610	9611	9622	9623	9626	9632	9643	9644	9648	9653	9654	9655	9658	9802	9804	9805	9808	9809	9810	9812	9813	9814	9815	9817	9818
2018-12-04 Tue	9540	9547	9549	9552	9570	9571	9574	9577	9584	9586	9588	9591	9592	9594	9595	9604	9612	9613	9615	9617	9620	9627	9637	9643	9651	9652	9654	9655	9656	9657	9801	9802	9805	9810	9811	9812	9813	9814	9816	9817	9819
2018-12-05 Wed	9540	9548	9549	9552	9571	9573	9578	9580	9582	9584	9585	9589	9594	9596	9605	9611	9612	9619	9620	9622	9623	9627	9629	9632	9636	9637	9640	9641	9643	9645	9656	9801	9805	9806	9807	9810	9811	9812	9814	9817	9818	9819
2018-12-06 Thu	9539	9540	9547	9551	9552	9570	9578	9582	9583	9584	9586	9587	9593	9594	9595	9602	9603	9605	9609	9622	9628	9632	9635	9637	9643	9645	9646	9659	9800	9802	9805	9806	9808	9809	9810	9811	9812	9817
2018-12-07 Fri	8179	9540	9548	9550	9551	9574	9577	9578	9585	9587	9588	9594	9596	9600	9603	9606	9607	9610	9615	9616	9617	9622	9624	9629	9631	9636	9648	9651	9656	9658	9801	9802	9803	9806	9808	9810	9811	9812	9813	9814	9817
2018-12-08 Sat	9548	9570	9580	9581	9589	9596	9810	9813
2018-12-09 Sun	9570	9578	9593	9595	9596	9803	9805
2018-12-10 Mon	8166	9539	9547	9549	9552	9570	9573	9577	9578	9580	9581	9583	9584	9585	9586	9589	9595	9600	9602	9604	9609	9611	9617	9619	9628	9630	9637	9641	9643	9646	9652	9659	9801	9803	9805	9807	9811	9814	9816	9817	9818
2018-12-11 Tue	9539	9549	9550	9551	9571	9574	9577	9583	9586	9589	9590	9593	9594	9596	9603	9610	9611	9612	9614	9625	9626	9628	9631	9633	9634	9636	9641	9652	9653	9654	9656	9658	9659	9800	9801	9810	9813	9814	9818	9819
2018-12-12 Wed	6969	9539	9540	9547	9549	9571	9574	9577	9578	9581	9582	9586	9587	9588	9593	9596	9608	9610	9611	9613	9614	9619	9620	9625	9628	9639	9640	9650	9651	9658	9801	9802	9803	9804	9808	9811	9812	9813	9815	9817	9818
2018-12-13 Thu	8175	8193	9547	9549	9551	9571	9574	9576	9577	9578	9580	9583	9584	9585	9586	9589	9593	9594	9595	9596	9600	9606	9611	9613	9615	9623	9639	9640	9647	9652	9656	9659	9801	9805	9807	9808	9809	9811	9814	9816	9817
2018-12-14 Fri	9539	9540	9545	9551	9552	9571	9574	9578	9580	9581	9582	9586	9587	9588	9589	9596	9600	9604	9610	9612	9620	9623	9628	9629	9630	9636	9639	9641	9658	9659	9802	9803	9804	9805	9807	9808	9811	9814	9816	9818
2018-12-15 Sat	9571	9584	9590	9594	9596	9802	9811	9815
2018-12-16 Sun	2677	9571	9580	9590	9596	9805	9813	9818
2018-12-17 Mon	2761	6886	9539	9540	9548	9549	9550	9551	9552	9571	9574	9578	9580	9581	9582	9583	9584	9587	9589	9590	9592	9595	9604	9612	9615	9616	9623	9624	9628	9629	9633	9636	9641	9646	9658	9801	9802	9806	9807	9811	9813	9819
2018-12-18 Tue	9540	9545	9547	9551	9552	9570	9574	9577	9580	9582	9583	9584	9586	9590	9591	9594	9602	9603	9605	9607	9615	9620	9623	9630	9641	9649	9653	9658	9659	9800	9803	9804	9806	9807	9810	9811	9812	9817
2018-12-19 Wed	9540	9545	9548	9549	9550	9578	9582	9583	9584	9587	9590	9591	9592	9594	9595	9610	9611	9615	9617	9620	9626	9632	9633	9644	9645	9652	9653	9800	9802	9803	9806	9808	9809	9812	9813	9814	9817	9818
2018-12-20 Thu	9545	9547	9552	9574	9577	9578	9583	9584	9588	9589	9590	9592	9593	9595	9603	9606	9608	9609	9613	9620	9632	9634	9641	9644	9647	9650	9651	9652	9653	9656	9658	9800	9801	9802	9809	9810	9813	9814	9817	9818	9819
2018-12-21 Fri	9547	9548	9550	9551	9552	9569	9570	9573	9574	9577	9578	9582	9584	9586	9588	9589	9590	9592	9596	9600	9606	9607	9609	9612	9613	9616	9618	9624	9633	9637	9639	9641	9645	9651	9658	9800	9804	9805	9810	9813	9817	9819
2018-12-22 Sat	9573	9583	9592	9809	9813	9817	9819
2018-12-23 Sun	9568	9581	9592	9804	9805	9810	9814	9817
2018-12-24 Mon	9548	9568	9570	9573	9574	9576	9578	9582	9583	9587	9588	9593	9594	9604	9606	9608	9615	9616	9617	9618	9620	9622	9631	9633	9641	9650	9657	9803	9804	9805	9806	9807	9808	9810	9811	9812	9813	9815	9821
2018-12-25 Tue	9539	9540	9569	9580	9802	9805	9810	9813
2018-12-26 Wed	9540	9550	9570	9573	9574	9578	9580	9581	9584	9590	9592	9593	9594	9600	9602	9614	9619	9626	9630	9638	9639	9641	9644	9648	9654	9800	9801	9804	9807	9809	9810	9812	9813	9815	9818	9819	9821
2018-12-27 Thu	8157	9540	9548	9550	9568	9569	9576	9577	9578	9582	9584	9587	9588	9589	9592	9593	9594	9600	9615	9616	9617	9619	9620	9621	9627	9630	9637	9643	9647	9652	9658	9800	9802	9803	9805	9808	9813	9817	9818	9819
2018-12-28 Fri	9547	9548	9570	9571	9574	9577	9580	9582	9585	9587	9591	9592	9593	9594	9595	9604	9609	9611	9613	9614	9615	9621	9628	9630	9631	9641	9643	9644	9647	9649	9653	9800	9802	9804	9805	9807	9808	9810	9812	9813	9819
2018-12-29 Sat	9550	9588	9591	9595	9810	9812	9814
2018-12-30 Sun	9540	9550	9570	9588	9802	9804	9812
2018-12-31 Mon	6926	8176	9569	9573	9574	9576	9578	9580	9582	9585	9586	9587	9588	9590	9591	9594	9595	9596	9608	9609	9611	9613	9616	9617	9624	9626	9628	9630	9650	9651	9654	9657	9802	9805	9806	9807	9808	9809	9818	9819
2019-01-01 Tue	9539	9569	9571	9591	9595	9804	9806
2019-01-02 Wed	8179	9082	9548	9551	9552	9568	9569	9574	9576	9577	9580	9581	9582	9588	9590	9592	9594	9604	9605	9611	9613	9616	9617	9620	9624	9626	9634	9643	9647	9657	9802	9805	9806	9807	9808	9809	9810	9812	9818	9821
2019-01-03 Thu	8192	9550	9551	9552	9568	9569	9570	9571	9574	9575	9577	9581	9590	9591	9592	9593	9594	9595	9596	9604	9609	9613	9617	9627	9631	9632	9634	9635	9636	9641	9648	9653	9800	9804	9805	9806	9809	9813	9814	9818	9821
2019-01-04 Fri	9539	9548	9571	9576	9581	9583	9587	9588	9591	9594	9595	9596	9600	9605	9609	9610	9611	9618	9619	9620	9622	9623	9628	9631	9637	9639	9647	9650	9652	9655	9800	9803	9805	9806	9808	9809	9813	9814	9815	9819	9821	9822
2019-01-05 Sat	9568	9581	9588	9808	9814	9815	9819	9821
2019-01-06 Sun	9581	9583	9584	9585	9592	9809	9814
2019-01-07 Mon	6974	9539	9551	9568	9569	9571	9576	9577	9581	9583	9585	9587	9588	9593	9594	9596	9608	9610	9615	9620	9622	9628	9630	9635	9639	9640	9643	9647	9648	9650	9655	9658	9659	9803	9804	9806	9809	9810	9812	9813	9814	9818
2019-01-08 Tue	9539	9540	9548	9550	9569	9570	9571	9575	9576	9578	9587	9588	9590	9592	9595	9596	9600	9604	9606	9609	9612	9614	9615	9617	9620	9625	9637	9641	9647	9652	9655	9656	9658	9800	9802	9803	9809	9813	9814	9817	9818	9819	9822
2019-01-09 Wed	6976	8159	9539	9540	9547	9548	9550	9551	9569	9570	9571	9576	9579	9592	9604	9605	9610	9611	9612	9620	9621	9622	9623	9627	9635	9638	9641	9643	9653	9656	9658	9800	9802	9804	9810	9812	9813	9815	9818	9819
2019-01-10 Thu	6881	8191	9548	9550	9551	9552	9569	9570	9577	9578	9585	9590	9593	9595	9600	9606	9608	9610	9613	9615	9618	9625	9627	9632	9636	9641	9649	9658	9659	9803	9807	9808	9809	9810	9812	9814	9815	9816	9817
2019-01-11 Fri	9540	9547	9548	9551	9552	9569	9571	9573	9575	9577	9580	9585	9587	9590	9592	9593	9595	9600	9604	9606	9614	9615	9619	9620	9628	9639	9640	9646	9647	9655	9801	9802	9803	9806	9810	9813	9814	9815	9817	9822
2019-01-12 Sat	9574	9580	9588	9590	9595	9596	9815	9822
2019-01-13 Sun	9550	9552	9580	9585	9592	9596	9800	9804
2019-01-14 Mon	8153	8155	9547	9550	9552	9568	9569	9573	9574	9575	9577	9582	9583	9584	9586	9590	9591	9600	9608	9609	9611	9612	9620	9622	9624	9625	9631	9632	9643	9645	9648	9651	9654	9659	9802	9803	9804	9812	9814	9815	9816	9817	9819	9822
