2018-09-17 Mon	9070	9072	9124	9200
2018-09-18 Tue	9078	9082	9087	9088	9090	9200	9808
2018-09-19 Wed	9078	9089	9090	9091	9124	9200	9807
2018-09-20 Thu	9074	9091	9124	9125	9200	9547
2018-09-21 Fri	9073	9076	9078	9090	9125	9200	9583
2018-09-24 Mon	9070	9074	9089	9091	9124
2018-09-25 Tue	9074	9077	9078	9091	9125	9126	9803	9813
2018-09-26 Wed	9078	9082	9089	9091	9125	9200	9569	9809
2018-09-27 Thu	9076	9078	9087	9089	9125	9200	9589	9801
2018-09-28 Fri	9070	9074	9082	9088	9124	9200	9539	9547
2018-10-01 Mon	9070	9072	9090	9124	9125	9126	9570	9589
2018-10-02 Tue	9070	9073	9078	9088	9126	9200	9549	9589
2018-10-03 Wed	9073	9078	9082	9091	9200	9570	9817
2018-10-04 Thu	9076	9077	9082	9088	9124	9200	9577	9594
2018-10-05 Fri	9078	9087	9090	9125	9200	9539	9816
2018-10-08 Mon	9072	9087	9090	9125	9200	9814	9819
2018-10-09 Tue	9072	9074	9091	9126	9200	9549
2018-10-10 Wed	9070	9077	9087	9124	9200	9548	9801
2018-10-11 Thu	9072	9073	9078	9090	9125	9200	9581
2018-10-12 Fri	9070	9077	9087	9088	9089	9200	9568
2018-10-15 Mon	9070	9078	9087	9089	9126	9200	9591
2018-10-16 Tue	9073	9074	9077	9087	9088	9126	9200	9548
2018-10-17 Wed	9076	9088	9124	9126	9200	9551
2018-10-18 Thu	9074	9076	9077	9078	9125	9126	9200	9583
2018-10-19 Fri	9073	9074	9076	9088	9200	9589
2018-10-22 Mon	9072	9077	9087	9091	9126	9200	9584
2018-10-23 Tue	9073	9078	9087	9088	9089	9126	9200	9817
2018-10-24 Wed	9074	9076	9077	9091	9124	9200	9547
2018-10-25 Thu	9087	9089	9090	9124	9125	9200	9803
2018-10-26 Fri	9074	9076	9089	9124	9200	9545
2018-10-29 Mon	9074	9076	9077	9091	9124	9126	9200	9540
2018-10-30 Tue	9070	9078	9089	9091	9126	9200	9548
2018-10-31 Wed	9070	9077	9078	9091	9125	9200	9596
2018-11-01 Thu	9073	9076	9077	9087	9125	9200	9802
2018-11-02 Fri	9072	9077	9082	9087	9089	9090	9125	9569
2018-11-05 Mon	9073	9074	9077	9088	9089	9126	9591
2018-11-06 Tue	9070	9073	9074	9077	9089	9814
2018-11-07 Wed	9073	9074	9082	9088	9124	9125	9591
2018-11-08 Thu	9077	9088	9089	9090	9126	9816
2018-11-09 Fri	9073	9076	9077	9090	9816
2018-11-12 Mon	9073	9076	9089	9124	9125	9126	9816
2018-11-13 Tue	9072	9073	9077	9089	9124	9126	9616	9803
2018-11-14 Wed	9070	9072	9073	9074	9076	9090	9124	9594
2018-11-15 Thu	9073	9074	9082	9089	9125	9126	9803
2018-11-16 Fri	9070	9072	9074	9077	9089	9594
2018-11-19 Mon	9070	9073	9074	9077	9539	9547
2018-11-20 Tue	9072	9074	9077	9089	9124	9817	9818
2018-11-21 Wed	9070	9074	9077	9090	9124	9126	9801	9819
2018-11-23 Fri	9072	9074	9077	9090	9125	9126	9573	9810
2018-11-26 Mon	9073	9077	9082	9089	9126	9200	9580	9807
2018-11-27 Tue	9074	9082	9088	9126	9200	9581	9810
2018-11-28 Wed	9073	9089	9090	9126	9200	9580	9588
2018-11-29 Thu	9070	9082	9089	9091	9125	9126	9551	9819
2018-11-30 Fri	9070	9077	9088	9090	9091	9126	9552	9590
2018-12-03 Mon	9073	9077	9090	9126	9200	9552	9592
2018-12-04 Tue	9070	9074	9088	9089	9091	9200	9810
2018-12-05 Wed	9074	9088	9091	9125	9200	9571	9800
2018-12-06 Thu	9074	9088	9091	9125	9200	9800
2018-12-07 Fri	9074	9089	9124	9125	9126	9200	9805
2018-12-10 Mon	9077	9090	9091	9125	9126	9200	9812	9815
2018-12-11 Tue	9077	9088	9089	9091	9200	9633	9817
2018-12-12 Wed	9082	9088	9089	9124	9200	9578	9583
2018-12-13 Thu	9074	9088	9089	9125	9200	9550	9588
2018-12-14 Fri	9082	9088	9089	9125	9126	9200	9802
2018-12-17 Mon	9074	9089	9125	9126	9200	9814	9817
2018-12-18 Tue	9074	9088	9091	9125	9200	9549	9593	9645	9802
2018-12-19 Wed	9082	9089	9124	9126	9200	9568	9570
2018-12-20 Thu	9074	9077	9088	9089	9200	9576	9808
2018-12-21 Fri	9089	9090	9091	9200	9806	9815
2018-12-24 Mon	9082	9088	9089	9124	9200	9801	9804
2018-12-26 Wed	9089	9124	9125	9200	9582	9586
2018-12-27 Thu	9082	9089	9090	9126	9200	9580	9819
2018-12-28 Fri	9089	9091	9124	9126	9200	9577	9590
2018-12-31 Mon	9089	9091	9125	9126	9200	9594	9806
2019-01-02 Wed	9088	9090	9091	9200	9587	9594
2019-01-03 Thu	9082	9088	9124	9126	9200	9547	9576
2019-01-04 Fri	9082	9124	9126	9200	9539	9818
2019-01-07 Mon	9091	9124	9125	9126	9200	9547	9822
2019-01-08 Tue	9082	9124	9125	9200	9808	9810
2019-01-09 Wed	9082	9091	9124	9126	9200	9568	9587
2019-01-10 Thu	9082	9091	9124	9125	9126	9568	9804
2019-01-11 Fri	9082	9091	9124	9125	9126	9588	9594	9819
2019-01-14 Mon	9082	9124	9125	9545	9548	9580
