2018-09-17 Mon	9087	9088	9090	9126	9570	9581	9809
2018-09-18 Tue	9070	9072	9074	9077	9078	9090	9547	9632	9804	9813
2018-09-19 Wed	9070	9072	9073	9074	9077	9078	9082	9089	9125	9547	9551	9817
2018-09-20 Thu	9070	9073	9077	9082	9087	9088	9091	9126	9550	9552	9581
2018-09-21 Fri	9077	9082	9088	9089	9090	9091	9126	9585	9590	9813
2018-09-24 Mon	9072	9073	9087	9088	9574	9807	9812
2018-09-25 Tue	9070	9072	9073	9078	9082	9087	9089	9124	9569	9577	9588
2018-09-26 Wed	9072	9073	9076	9078	9082	9088	9089	9126	9545	9547	9589
2018-09-27 Thu	9072	9073	9077	9082	9088	9091	9124	9126	9577	9588	9810
2018-09-28 Fri	8194	9070	9072	9076	9078	9087	9089	9125	9126	9548	9577	9802
2018-10-01 Mon	9074	9077	9078	9082	9087	9088	9091	9126	9586	9594	9612
2018-10-02 Tue	9074	9077	9078	9082	9087	9091	9124	9125	9552	9589	9643
2018-10-03 Wed	9077	9082	9087	9088	9090	9091	9124	9125	9581	9583	9589
2018-10-04 Thu	9073	9074	9082	9087	9090	9091	9125	9126	9568	9809	9816
2018-10-05 Fri	9070	9077	9082	9087	9088	9090	9126	9539	9548	9570
2018-10-08 Mon	9072	9073	9074	9124	9569	9584	9586	9802	9817	9818
2018-10-09 Tue	9073	9077	9078	9087	9090	9125	9126	9577	9803	9805
2018-10-10 Wed	9072	9073	9077	9078	9090	9091	9552	9574	9583	9591	9816
2018-10-11 Thu	8172	9074	9077	9087	9090	9091	9124	9126	9552	9574	9583	9602
2018-10-12 Fri	9072	9074	9082	9088	9091	9569	9574	9588	9807
2018-10-15 Mon	9072	9073	9076	9077	9088	9090	9124	9125	9585	9589	9607	9803
2018-10-16 Tue	9073	9076	9082	9087	9090	9125	9591	9801	9811	9814
2018-10-17 Wed	9070	9076	9077	9078	9087	9089	9091	9125	9581	9591	9810	9817
2018-10-18 Thu	9072	9074	9077	9082	9087	9088	9091	9126	9568	9570	9573	9594
2018-10-19 Fri	9072	9073	9077	9089	9091	9124	9125	9547	9573	9801
2018-10-22 Mon	9072	9076	9078	9087	9089	9124	9125	9586	9587	9591	9807
2018-10-23 Tue	6924	9070	9072	9074	9087	9088	9091	9124	9571	9585	9656	9805
2018-10-24 Wed	9073	9074	9078	9088	9089	9124	9583	9590	9593	9806
2018-10-25 Thu	9070	9073	9078	9087	9088	9091	9124	9584	9807	9811
2018-10-26 Fri	9070	9073	9077	9088	9091	9124	9125	9126	9549	9589	9817	9819
2018-10-29 Mon	9070	9072	9078	9087	9088	9089	9125	9588	9594	9630	9807
2018-10-30 Tue	9070	9073	9077	9078	9087	9088	9089	9091	9550	9585	9811	9815
2018-10-31 Wed	9070	9072	9073	9087	9124	9126	9549	9551	9814	9818
2018-11-01 Thu	9072	9076	9078	9088	9090	9126	9570	9594	9596	9813
2018-11-02 Fri	9073	9076	9077	9078	9088	9124	9126	9549	9580	9819
2018-11-05 Mon	9070	9072	9073	9076	9089	9124	9576	9581	9596	9807	9809
2018-11-06 Tue	9072	9076	9088	9089	9125	9126	9574	9656	9804	9817
2018-11-07 Wed	9070	9072	9076	9077	9089	9090	9124	9125	9549	9552	9584	9803
2018-11-08 Thu	9070	9072	9074	9082	9088	9091	9573	9584	9590	9804
2018-11-09 Fri	9070	9073	9074	9089	9124	9125	9540	9552	9577	9804	9816
2018-11-12 Mon	9072	9074	9077	9082	9090	9124	9547	9583	9612	9800	9809
2018-11-13 Tue	9070	9073	9074	9077	9090	9124	9570	9582	9801	9803	9810	9817
2018-11-14 Wed	9070	9077	9082	9089	9090	9124	9126	9583	9591	9801	9816
2018-11-15 Thu	9070	9072	9077	9089	9090	9124	9583	9605	9804	9816
2018-11-16 Fri	9070	9073	9090	9124	9125	9126	9584	9585	9596	9811
2018-11-19 Mon	9072	9077	9089	9090	9124	9126	9540	9550	9570	9801	9807
2018-11-20 Tue	9072	9073	9074	9089	9090	9125	9126	9570	9583	9805	9814
2018-11-21 Wed	9072	9074	9077	9089	9090	9126	9549	9550	9575	9581	9582	9588
2018-11-23 Fri	9072	9082	9089	9124	9125	9126	9547	9550	9643	9802	9806	9807
2018-11-26 Mon	9070	9072	9073	9077	9082	9089	9124	9551	9552	9588	9800
2018-11-27 Tue	9070	9073	9074	9090	9091	9124	9125	9540	9545	9584	9594
2018-11-28 Wed	9073	9074	9077	9089	9091	9125	9551	9591	9807	9815
2018-11-29 Thu	9088	9090	9091	9124	9126	9575	9577	9591	9593	9800	9801
2018-11-30 Fri	9073	9074	9088	9090	9091	9124	9548	9570	9587	9593	9815	9819
2018-12-03 Mon	9070	9082	9089	9124	9125	9126	9540	9548	9550	9801	9808	9814
2018-12-04 Tue	9082	9091	9125	9126	9540	9578	9582	9600	9614	9623	9807	9809	9818
2018-12-05 Wed	9070	9089	9090	9125	9539	9549	9583	9809	9816	9819
2018-12-06 Thu	9074	9077	9089	9091	9124	9126	9574	9580	9596	9812	9814
2018-12-07 Fri	9074	9077	9088	9089	9124	9126	9539	9570	9594	9802	9804
2018-12-10 Mon	9074	9077	9088	9125	9547	9548	9550	9571	9587	9594	9596	9806
2018-12-11 Tue	9088	9089	9090	9125	9552	9581	9586	9618	9800	9803	9815
2018-12-12 Wed	9074	9089	9090	9091	9581	9585	9589	9627	9807	9813
2018-12-13 Thu	9088	9089	9090	9091	9126	9539	9548	9582	9593	9805	9810	9818
2018-12-14 Fri	9090	9091	9124	9125	9550	9576	9577	9801	9813
2018-12-17 Mon	9089	9091	9124	9125	9126	9547	9548	9571	9586	9595	9802	9807
2018-12-18 Tue	9124	9125	9126	9576	9589	9592	9595	9801	9813	9814	9819
2018-12-19 Wed	9074	9082	9090	9126	9547	9551	9580	9590	9591	9592	9595	9805
2018-12-20 Thu	9074	9088	9089	9125	9540	9548	9584	9595	9803	9806	9808	9814
2018-12-21 Fri	9077	9082	9088	9125	9540	9589	9593	9594	9806	9814	9818	9821
2018-12-24 Mon	9082	9091	9125	9126	9551	9552	9569	9584	9586	9589	9806
2018-12-26 Wed	9088	9090	9091	9125	9574	9576	9586	9589	9596	9807	9817
2018-12-27 Thu	9082	9088	9089	9090	9091	9540	9568	9570	9592	9809	9810	9814
2018-12-28 Fri	8163	9088	9090	9091	9124	9126	9548	9576	9581	9803	9807	9813	9821
2018-12-31 Mon	9090	9124	9125	9126	9540	9547	9550	9570	9574	9581	9813
2019-01-02 Wed	9082	9088	9089	9125	9126	9547	9569	9571	9583	9807	9813	9819
2019-01-03 Thu	9088	9089	9091	9125	9551	9576	9588	9593	9594	9596	9807	9812
2019-01-04 Fri	9091	9126	9550	9551	9584	9590	9593	9594	9800	9804	9818
2019-01-07 Mon	9091	9125	9126	9540	9551	9582	9602	9800	9802	9803	9808
2019-01-08 Tue	9091	9125	9126	9551	9581	9595	9596	9800	9808	9812
2019-01-09 Wed	9091	9125	9126	9548	9582	9584	9588	9596	9804	9806	9808
2019-01-10 Thu	9091	9124	9126	9539	9540	9573	9575	9587	9594	9800	9816	9817
2019-01-11 Fri	9082	9091	9124	9570	9575	9579	9581	9592	9802	9804	9807	9819
2019-01-14 Mon	9091	9124	9126	9539	9551	9571	9576	9581	9582	9590	9620	9804
