2018-09-17 Mon	9073	9074	9078	9089	9091	9125	9547	9569	9617
2018-09-18 Tue	9070	9073	9087	9089	9090	9125	9126	9540	9547	9569	9570	9639	9646	9805	9812	9813
2018-09-19 Wed	9070	9074	9082	9087	9088	9125	9126	9547	9550	9582	9596	9611	9622	9805	9813	9817
2018-09-20 Thu	9070	9078	9088	9089	9090	9124	9126	9550	9574	9581	9587	9588	9596	9605	9643	9800
2018-09-21 Fri	9070	9074	9077	9078	9082	9087	9091	9585	9586	9620	9642	9658	9800	9813	9815	9817
2018-09-24 Mon	9076	9078	9082	9124	9125	9126	9545	9574	9577	9602	9607	9807
2018-09-25 Tue	9070	9072	9073	9076	9087	9089	9091	9126	9548	9550	9569	9577	9582	9631	9642	9651	9801
2018-09-26 Wed	8183	9070	9074	9076	9077	9088	9124	9545	9551	9569	9570	9587	9589	9590	9607	9810
2018-09-27 Thu	9070	9072	9076	9082	9088	9089	9126	9548	9577	9584	9587	9591	9659	9810	9815	9817
2018-09-28 Fri	8168	9077	9082	9087	9089	9091	9125	9126	9540	9548	9570	9577	9586	9602	9809	9815	9817
2018-10-01 Mon	9070	9073	9077	9078	9089	9091	9124	9548	9551	9582	9585	9586	9587	9594	9633	9650
2018-10-02 Tue	9072	9073	9074	9082	9089	9090	9091	9548	9552	9577	9581	9607	9630	9643	9806	9813
2018-10-03 Wed	9072	9074	9076	9088	9124	9126	9570	9582	9583	9589	9603	9607	9611	9631
