2018-09-17 Mon	9545	9549	9574	9583	9589	9596	9602	9606	9609	9615	9627	9629	9631	9634	9640	9655	9657	9658	9800	9802	9803	9804	9806	9808	9810	9811	9812
2018-09-18 Tue	6978	6992	9539	9569	9581	9585	9586	9587	9588	9589	9591	9594	9602	9605	9606	9608	9610	9611	9616	9619	9620	9622	9626	9627	9628	9633	9636	9639	9644	9645	9648	9652	9655	9656	9659	9800	9801	9803	9804	9805	9806	9807	9810	9811	9812	9814	9817
2018-09-19 Wed	8161	9545	9550	9551	9552	9568	9569	9581	9584	9585	9587	9589	9590	9591	9600	9608	9611	9614	9619	9623	9624	9626	9627	9631	9632	9633	9636	9637	9639	9640	9643	9646	9648	9653	9655	9657	9658	9659	9800	9801	9802	9803	9804	9812	9813	9814	9815
2018-09-20 Thu	9540	9545	9547	9548	9551	9568	9569	9582	9584	9585	9586	9587	9590	9594	9605	9606	9607	9609	9610	9611	9612	9615	9624	9626	9628	9629	9631	9636	9637	9646	9647	9648	9650	9651	9654	9657	9658	9659	9801	9803	9804	9806	9810	9812	9813	9815	9817
2018-09-21 Fri	9540	9545	9547	9548	9549	9550	9551	9568	9569	9570	9574	9587	9588	9590	9594	9600	9603	9609	9614	9615	9621	9623	9624	9625	9626	9628	9630	9631	9632	9634	9636	9642	9643	9646	9647	9648	9650	9653	9654	9657	9801	9802	9803	9806	9807	9809	9812	9815	9819
2018-09-24 Mon	9550	9551	9569	9581	9583	9585	9586	9588	9600	9602	9606	9608	9613	9615	9630	9633	9651	9652	9653	9654	9656	9658	9659	9800	9803	9806	9807	9809	9811	9813	9817	9819
2018-09-25 Tue	6994	8159	8186	9088	9545	9547	9549	9551	9552	9571	9582	9583	9584	9586	9588	9590	9591	9602	9607	9608	9612	9620	9622	9624	9626	9627	9630	9631	9632	9636	9640	9644	9648	9650	9652	9653	9656	9807	9808	9809	9812	9815	9817	9819
2018-09-26 Wed	6919	8151	8158	8168	9547	9549	9550	9552	9570	9581	9583	9584	9585	9586	9587	9588	9591	9600	9602	9604	9610	9612	9616	9617	9623	9624	9630	9631	9637	9639	9646	9648	9649	9651	9652	9655	9657	9800	9801	9802	9803	9806	9807	9812	9814	9815	9817	9819
2018-09-27 Thu	6890	8160	9073	9077	9545	9547	9548	9549	9550	9551	9552	9568	9569	9574	9580	9581	9582	9583	9584	9585	9586	9594	9600	9604	9610	9611	9613	9614	9615	9617	9619	9622	9625	9626	9631	9634	9636	9647	9648	9649	9650	9651	9652	9657	9800	9806	9807	9808	9809	9817
2018-09-28 Fri	6967	8173	8182	9073	9088	9547	9548	9551	9552	9568	9574	9581	9582	9584	9585	9588	9591	9593	9604	9610	9611	9615	9620	9622	9623	9625	9626	9627	9631	9634	9635	9644	9646	9651	9652	9655	9801	9802	9803	9807	9809	9819
2018-09-29 Sat	9545	9548	9549	9551	9570	9574	9801
2018-09-30 Sun	9547	9548	9549	9627	9800	9807	9808
2018-10-01 Mon	6991	8173	9539	9540	9547	9568	9569	9577	9581	9584	9585	9588	9590	9591	9602	9603	9608	9613	9614	9615	9616	9617	9619	9621	9623	9625	9630	9634	9635	9636	9642	9652	9654	9656	9659	9801	9802	9803	9805	9806	9810	9811	9812	9813	9817
2018-10-02 Tue	6927	8151	8156	9126	9539	9540	9545	9548	9551	9569	9570	9583	9584	9585	9587	9591	9593	9600	9604	9605	9606	9609	9615	9616	9621	9622	9626	9631	9633	9634	9636	9639	9641	9647	9648	9650	9652	9659	9801	9802	9805	9807	9808	9810	9811	9812	9819
2018-10-03 Wed	9125	9539	9548	9549	9552	9569	9574	9577	9581	9585	9593	9594	9600	9605	9606	9608	9610	9617	9619	9622	9629	9636	9637	9646	9647	9648	9649	9651	9801	9802	9803	9805	9806	9807	9808	9812	9816	9817
