2018-09-17 Mon	2637	2670	2684	2690	2789	2800	8269	8275
2018-09-18 Tue	2637	2638	2671	2677	2735	2764	2787	2797	2805	2806	2809	7077	8261	8263	8265	8272	8296	8297
2018-09-19 Wed	2618	2631	2652	2674	2676	2684	2711	2737	2800	2807	7066	8269	8270	8274	8278	8280	8283
2018-09-20 Thu	2639	2642	2647	2672	2675	2676	2681	2711	2737	2798	2802	7122	8259	8285	8289	8290	8293	8294
2018-09-21 Fri	2604	2631	2647	2684	2735	2773	2794	2800	7097	8264	8272	8273	8275	8278	8279	8281	8285	8289	8293
2018-09-24 Mon	2683	2700	2703	2707	2736	2765	2809	7004	7036	7087	8259	8293
2018-09-25 Tue	2612	2638	2668	2671	2675	2676	2691	2698	2734	2736	2737	2806	2810	7039	7075	7085	7091	7105	7121	8266	8278	8279
2018-09-26 Wed	2601	2613	2630	2647	2669	2671	2681	2700	2765	2779	2787	2801	2806	7007	7070	7087	7121	8269	8297
2018-09-27 Thu	2601	2604	2612	2639	2642	2668	2735	2737	2762	2765	2773	2776	2787	2802	7035	7074	7086	7123	8260	8268
2018-09-28 Fri	2600	2601	2614	2629	2639	2649	2702	2761	2764	2770	2779	2797	2799	2805	7038	7067	7086	7108	8285
2018-10-01 Mon	2600	2617	2628	2629	2637	2639	2673	2701	2707	2763	2765	2766	2798	7036	7038	7070	7078	7120	8263	8270	8285	8291
2018-10-02 Tue	2614	2631	2639	2645	2647	2672	2677	2738	2766	2776	2780	2800	7076	7096	7110	7111	8265	8298
2018-10-03 Wed	2612	2642	2676	2706	2739	2764	2786	2807	7064	7091	7160	8043	8283
2018-10-04 Thu	2604	2618	2638	2639	2645	2648	2649	2672	2681	2706	2707	2762	2763	2765	2786	7030	7032	7103	8261	8277	8292
2018-10-05 Fri	2604	2616	2634	2651	2670	2673	2676	2698	2706	2765	2767	2776	2779	2800	2805	7008	7077	7082	7090	8274	8293
2018-10-08 Mon	2601	2604	2618	2637	2642	2668	2671	2689	2698	2700	2736	2766	2776	2798	2809	2810	7029	7093	7098	7120	8272	8295
2018-10-09 Tue	2613	2617	2628	2668	2670	2703	2734	2736	2761	2763	2766	2767	2799	2806	7065	7069	7074	7087	7110	7126	8290
2018-10-10 Wed	2604	2618	2637	2673	2678	2684	2689	2734	2735	2761	2767	2780	2797	2798	7002	7030	7067	7072	7077	7094	8298
2018-10-11 Thu	2614	2644	2648	2649	2674	2691	2707	2740	2764	2767	2770	2773	2806	7007	7008	7070	7071	7092	7112	8285	8296
2018-10-12 Fri	2614	2645	2652	2672	2673	2735	2764	2779	2780	2789	7032	7079	7090	7105	7114	8268	8283
2018-10-15 Mon	2613	2614	2616	2628	2634	2651	2668	2672	2681	2691	2703	2767	2806	7039	7074	7096	7097	7115	7121	8268	8272
2018-10-16 Tue	2600	2601	2631	2639	2651	2652	2658	2670	2684	2703	2761	2762	2809	7036	7071	7090	7100	7110	8265	8268
2018-10-17 Wed	2604	2617	2638	2642	2658	2676	2683	2689	2694	2698	2736	2762	2764	2780	7005	7063	7106	7117	7122	8059	8271	8294
2018-10-18 Thu	2606	2612	2617	2634	2644	2648	2669	2674	2678	2694	2707	2739	2762	2798	2799	7104	7110	7115	7122	8266	8279	8294
2018-10-19 Fri	2606	2618	2658	2676	2689	2706	2736	2739	2761	2766	2780	2795	2797	2805	7065	7098	7112	7114	7126	7158	8290	8293
2018-10-22 Mon	2639	2658	2676	2681	2683	2684	2689	2707	2736	2737	2739	2740	2761	2780	2790	2799	7065	7066	7082	7100	8267	8272
2018-10-23 Tue	2612	2616	2631	2670	2674	2675	2681	2689	2691	2700	2703	2705	2707	2810	7070	7081	7082	7118	8269	8296
2018-10-24 Wed	2616	2630	2631	2683	2689	2734	2735	2739	2740	2773	2779	2807	7072	7075	7107	7121	8265	8266
2018-10-25 Thu	2640	2644	2672	2684	2689	2690	2736	2737	2739	2762	2773	2779	2780	2810	7038	7094	7099	7100	7107	7123	8260	8275
2018-10-26 Fri	2616	2631	2638	2644	2645	2647	2669	2677	2678	2691	2700	2706	2786	2805	7003	7007	7088	7114	8274	8285
2018-10-29 Mon	2600	2612	2618	2634	2648	2652	2684	2691	2698	2706	2740	2762	2763	2764	2794	7065	7066	7077	7158	8270	8283
2018-10-30 Tue	2631	2639	2640	2642	2645	2677	2689	2691	2700	2761	2790	2806	2807	7073	7074	7080	7084	7099	7107	8278
2018-10-31 Wed	2601	2604	2628	2644	2672	2673	2675	2684	2706	2762	2765	2779	2790	7006	7008	7011	7088	7091	7107	8278	8293
2018-11-01 Thu	2601	2628	2629	2630	2639	2641	2672	2678	2705	2707	2762	2797	2805	2806	7011	7067	7082	7121	7159	8284	8290
2018-11-02 Fri	2600	2602	2637	2640	2644	2647	2668	2678	2689	2738	2766	2779	2797	2802	7001	7002	7091	7119	7122	7159	8263	8272
2018-11-05 Mon	2604	2618	2628	2630	2648	2683	2690	2691	2698	2734	2740	2776	2802	7011	7068	7078	7106	7160	8265	8269
2018-11-06 Tue	2631	2644	2645	2670	2674	2764	2789	2791	2794	2805	2809	7001	7035	7073	7077	7090	8043	8260	8273	8291
2018-11-07 Wed	2628	2638	2672	2674	2683	2690	2707	2764	2780	2789	2809	2810	7035	7074	7078	7122	7124	8260	8295
2018-11-08 Thu	2601	2604	2614	2616	2637	2648	2669	2674	2702	2706	2762	2787	2791	7003	7038	7069	7082	7110	7160	8270	8287
2018-11-09 Fri	2618	2628	2629	2674	2675	2681	2689	2703	2707	2741	2790	2794	2795	7068	7077	7105	7117	7124	8295
2018-11-12 Mon	2600	2604	2616	2658	2675	2689	2701	2706	2764	2789	2810	7092	7104	7112	7126	7159	7160	8264	8298
2018-11-13 Tue	2601	2612	2616	2631	2644	2647	2658	2678	2683	2691	2703	2740	2741	2769	2800	2809	7035	7092	7098	7099	8269	8276
2018-11-14 Wed	2604	2613	2630	2640	2670	2672	2675	2684	2703	2734	2769	2770	2786	2791	2798	7036	7082	7100	8274	8275
2018-11-15 Thu	2600	2604	2612	2614	2637	2643	2649	2675	2678	2683	2690	2703	2707	2737	2800	2805	2810	7079	7084	7105	8260
2018-11-16 Fri	2613	2631	2641	2643	2677	2678	2698	2734	2737	2761	2762	2766	2786	2795	2798	2806	2809	7006	7073	7074	8264	8272
2018-11-19 Mon	2601	2641	2669	2678	2681	2698	2705	2735	2737	2739	2786	2790	2794	2802	7002	7064	7089	7126	8283	8296
2018-11-20 Tue	2601	2612	2629	2637	2658	2702	2734	2737	2766	2776	2779	2780	2789	2797	2809	7003	7085	7120	7124	8272
2018-11-21 Wed	2604	2628	2642	2643	2658	2690	2700	2703	2735	2737	2739	2762	2764	2791	2802	2805	7076	7118	7121	8279	8296
2018-11-23 Fri	2630	2638	2642	2647	2651	2675	2698	2734	2735	2738	2741	2762	2764	2770	2802	7011	7065	7117	8281	8295
2018-11-26 Mon	2601	2631	2640	2649	2668	2669	2675	2677	2734	2737	2740	2763	2789	2790	2791	2802	7110	7119	7160	8271
2018-11-27 Tue	2617	2618	2634	2640	2652	2672	2681	2684	2702	2706	2764	2770	2795	2802	2806	2809	7078	7080	7091	8290	8293
2018-11-28 Wed	2604	2612	2638	2640	2643	2645	2658	2668	2669	2673	2700	2703	2707	2770	2791	2799	7008	7035	7122	8280
2018-11-29 Thu	2602	2634	2649	2658	2671	2673	2674	2702	2703	2734	2737	2767	2800	7038	7067	7100	7123	8271	8278	8285
2018-11-30 Fri	2600	2602	2652	2672	2678	2681	2683	2691	2698	2700	2702	2734	2780	2795	7073	7087	7117	8266	8269	8270
2018-12-03 Mon	2613	2616	2640	2644	2671	2700	2706	2707	2740	2741	2761	2764	2765	2798	2800	2802	7065	7072	7079	7159	8276	8287
2018-12-04 Tue	2618	2629	2638	2647	2658	2671	2689	2701	2705	2707	2741	2762	2770	2776	2794	2795	2800	7075	7082	7124	8279	8292
2018-12-05 Wed	2612	2618	2639	2674	2675	2681	2683	2689	2736	2741	2765	2794	2795	2805	7069	7081	7092	7096	8269	8299
2018-12-06 Thu	2601	2618	2628	2629	2640	2644	2645	2668	2672	2673	2674	2677	2690	2691	2735	2791	7003	7065	7092	8291	8296	8298
2018-12-07 Fri	2606	2618	2628	2649	2652	2658	2668	2672	2678	2683	2694	2737	2765	2789	2801	7003	7107	7117	7118	8260	8289	8292
2018-12-10 Mon	2606	2617	2638	2640	2648	2668	2669	2671	2676	2681	2734	2735	2761	2769	7005	7106	7126	7160	8279	8298
2018-12-11 Tue	2602	2614	2616	2630	2647	2651	2668	2673	2705	2762	2763	2764	2767	2775	2776	7076	7114	7158	8263	8281
2018-12-12 Wed	2606	2643	2672	2673	2675	2683	2691	2703	2706	2762	2766	2776	2790	7078	7107	7114	8290
2018-12-13 Thu	2601	2606	2616	2628	2638	2647	2668	2669	2670	2672	2677	2734	2740	2791	2805	2809	7074	7090	7111	8263	8289
2018-12-14 Fri	2612	2631	2644	2658	2668	2669	2670	2676	2678	2690	2734	2736	2737	2770	2779	7032	7033	7111	8261	8275
2018-12-17 Mon	2602	2604	2649	2689	2701	2703	2734	2738	2763	2764	2776	2790	2791	2798	7072	7085	7105	7119	7124	8284
2018-12-18 Tue	2601	2615	2640	2647	2649	2658	2674	2675	2691	2701	2762	2780	2801	2806	7076	7090	7106	7159	8261	8294
2018-12-19 Wed	2602	2612	2631	2640	2651	2658	2668	2676	2677	2678	2700	2702	2763	2791	7072	7099	7107	7120	7123	8274	8298
2018-12-20 Thu	2604	2612	2614	2631	2634	2637	2678	2691	2701	2702	2703	2770	2780	2790	2791	2798	7086	7118	7159	8262	8295
2018-12-21 Fri	2614	2640	2672	2674	2741	2762	2763	2770	2790	2797	2798	2806	2809	7073	7080	7118	7159	8268	8270	8273
2018-12-24 Mon	2629	2640	2643	2676	2677	2707	2736	2737	2741	2763	2798	2810	7077	7084	7087	7092	7103	7115	8271	8281
2018-12-26 Wed	2614	2629	2642	2648	2649	2670	2671	2678	2706	2735	2773	2797	7002	7038	7073	7082	7091	8274
2018-12-27 Thu	2601	2614	2616	2618	2639	2642	2651	2673	2675	2707	2740	2761	2773	2775	7036	7088	7106	7119	7159	8285
2018-12-28 Fri	2602	2612	2617	2638	2639	2672	2675	2683	2689	2737	2789	2795	7003	7063	7073	7080	8290	8298
2018-12-31 Mon	2613	2616	2617	2643	2644	2670	2674	2690	2703	2738	2798	7005	7096	7100	7119	7126	8260	8273
2019-01-02 Wed	2606	2613	2617	2640	2644	2648	2651	2674	2677	2702	2738	2776	2801	7032	7063	7070	7072	7086	7090	8262
2019-01-03 Thu	2601	2640	2641	2643	2644	2673	2675	2691	2735	2762	2770	2797	7065	7097	7099	7106	7159	7160	8262
2019-01-04 Fri	2600	2602	2618	2628	2640	2670	2681	2740	2762	2773	2776	2787	2795	7064	7085	7120	7158	8265	8290
2019-01-05 Sat	10103
2019-01-07 Mon	2606	2625	2642	2658	2681	2694	2705	2734	2769	2795	2797	2801	7005	7072	7090	7120	7123	7124	8265	8268
2019-01-08 Tue	2613	2614	2642	2649	2678	2694	2718	2741	2762	2763	2764	2773	2799	7008	7110	7114	7118	7124	7160	8266	8294
2019-01-09 Wed	2600	2605	2606	2634	2648	2649	2651	2671	2677	2739	2779	2794	2801	2805	7001	7097	7160	8268	8270	8274
2019-01-10 Thu	2634	2639	2640	2645	2669	2676	2683	2700	2707	2761	2762	2764	2775	2779	2780	7001	7035	7080	7108	7160	8273
2019-01-11 Fri	2606	2612	2615	2634	2642	2672	2681	2689	2690	2703	2705	2764	2766	2799	7008	7035	7077	7117	7160	8280	8294
2019-01-12 Sat	10101	10106
2019-01-14 Mon	2600	2606	2614	2672	2676	2678	2691	2694	2701	2718	2763	2775	2806	2809	7008	7033	7070	7073	7104	7160	8264
