2018-09-17 Mon	9605	9607	9608	9610	9613	9620	9622	9623	9630	9633	9635	9637	9639	9641	9644	9645	9647	9648	9650	9652	9653	9656	9659
2018-09-18 Tue	9600	9602	9603	9607	9608	9609	9612	9613	9614	9615	9620	9622	9623	9625	9630	9631	9635	9640	9641	9643	9647	9648	9649	9651	9653	9656	9657	9658
2018-09-19 Wed	9600	9603	9607	9608	9609	9610	9612	9613	9615	9616	9617	9619	9623	9624	9625	9626	9627	9628	9634	9635	9640	9641	9642	9644	9646	9647	9648	9649	9650	9651	9653	9654
2018-09-20 Thu	9600	9603	9605	9612	9613	9614	9615	9617	9619	9620	9621	9622	9627	9630	9631	9632	9633	9639	9641	9642	9644	9650	9651	9652	9653	9655	9658
2018-09-21 Fri	9603	9605	9607	9608	9610	9611	9612	9616	9617	9619	9621	9622	9623	9625	9628	9629	9633	9637	9639	9640	9641	9642	9644	9648	9649	9650	9651	9652	9653	9655	9656	9659
2018-09-24 Mon	9605	9609	9612	9616	9617	9620	9624	9626	9627	9631	9632	9634	9635	9637	9639	9640	9642	9644	9646	9647	9649	9655	9657
2018-09-25 Tue	9602	9603	9607	9609	9610	9611	9613	9615	9619	9629	9630	9634	9636	9637	9639	9643	9644	9646	9647	9648	9649	9650	9651	9652	9654	9657	9658	9659
2018-09-26 Wed	9600	9608	9609	9611	9612	9613	9614	9615	9619	9620	9621	9625	9626	9629	9631	9632	9634	9635	9636	9641	9642	9643	9647	9650	9652	9653	9654	9655
2018-09-27 Thu	9602	9604	9608	9609	9610	9616	9617	9620	9621	9623	9624	9626	9627	9629	9630	9631	9635	9637	9641	9642	9643	9646	9647	9648	9649	9653	9655	9656	9658
2018-09-28 Fri	9604	9607	9608	9609	9610	9611	9612	9613	9614	9616	9617	9619	9622	9626	9629	9630	9632	9634	9639	9640	9642	9643	9648	9649	9654	9655	9656	9658
2018-09-29 Sat	9600	9603	9606	9607	9613	9625	9632	9644	9646	9648	9656	9659
2018-09-30 Sun	9600	9603	9610	9619	9625	9627	9641	9644	9646	9656	9659
2018-10-01 Mon	9603	9604	9605	9607	9610	9611	9612	9613	9614	9615	9616	9620	9622	9624	9626	9627	9631	9632	9633	9635	9637	9640	9642	9646	9648	9649	9651	9654	9658
2018-10-02 Tue	9602	9605	9608	9609	9610	9611	9612	9613	9614	9615	9623	9624	9625	9627	9630	9631	9632	9635	9636	9637	9639	9640	9642	9644	9654	9656	9658	9659
2018-10-03 Wed	9604	9605	9606	9607	9608	9610	9612	9614	9615	9616	9620	9621	9623	9625	9629	9634	9635	9637	9639	9640	9641	9643	9652	9654
