2018-09-17 Mon	9569	9584	9588	9589	9594	9603	9619	9625	9626	9628	9646	9801	9814	9817
2018-09-18 Tue	9540	9545	9550	9552	9574	9584	9586	9590	9600	9609	9625	9630	9632	9634	9637	9639	9650	9800	9802	9814	9815	9819
2018-09-19 Wed	9540	9545	9552	9568	9570	9586	9588	9590	9594	9596	9602	9605	9606	9609	9611	9616	9630	9643	9647	9652	9658	9806	9807	9819
2018-09-20 Thu	9552	9574	9583	9584	9588	9589	9591	9596	9602	9603	9616	9625	9632	9639	9640	9648	9656	9802	9809	9812	9819
2018-09-21 Fri	9545	9552	9581	9583	9584	9586	9589	9591	9602	9606	9610	9612	9614	9624	9627	9639	9640	9802	9806	9810	9811	9819
2018-09-24 Mon	9548	9611	9614	9619	9622	9623	9633	9636	9641	9801	9802	9810	9819
2018-09-25 Tue	9568	9571	9581	9584	9586	9600	9614	9616	9623	9625	9641	9649	9653	9655	9800	9802
2018-09-26 Wed	9548	9551	9568	9582	9594	9613	9622	9627	9634	9637	9639	9643	9649	9656	9658	9659	9808	9819
2018-09-27 Thu	9074	9539	9570	9582	9589	9594	9605	9607	9612	9613	9632	9639	9642	9646	9654	9805	9807	9819
2018-09-28 Fri	8156	9539	9545	9549	9587	9590	9600	9605	9608	9624	9637	9647	9656	9659	9800	9805	9813
2018-09-29 Sat	9600	9603	9606	9610	9613	9627	9632	9646	9656	9659
2018-09-30 Sun	9600	9613	9615	9625	9633	9641	9644	9648	9656
2018-10-01 Mon	9540	9551	9569	9574	9583	9600	9606	9609	9629	9639	9641	9644	9646	9647	9656	9658	9806	9807
2018-10-02 Tue	9540	9568	9574	9603	9604	9617	9619	9620	9624	9629	9632	9646	9649	9651	9802	9808	9809
2018-10-03 Wed	6968	9540	9584	9609	9612	9624	9625	9626	9632	9633	9650	9655	9805	9813	9819
