2018-09-17 Mon	9539	9540	9584	9642	9813
2018-09-18 Tue	9550	9551	9574	9584	9587	9617	9625	9630	9633	9634	9641	9650	9802	9806	9808	9819
2018-09-19 Wed	9540	9570	9574	9586	9587	9588	9590	9605	9606	9609	9616	9652	9659	9809
2018-09-20 Thu	9548	9570	9588	9602	9603	9607	9625	9632	9642	9646	9656	9802	9804	9814	9819
2018-09-21 Fri	9545	9552	9574	9582	9584	9606	9614	9627	9639	9640	9658	9659	9800	9804	9814
2018-09-24 Mon	9568	9583	9590	9594	9623	9629	9648
2018-09-25 Tue	9581	9585	9586	9591	9608	9616	9625	9655	9657	9801	9803	9806	9810	9813
2018-09-26 Wed	9548	9550	9582	9588	9614	9622	9625	9629	9630	9634	9659	9807	9808	9809	9812
2018-09-27 Thu	8193	9539	9550	9583	9591	9612	9616	9620	9632	9634	9642	9801	9803	9808	9819
2018-09-28 Fri	8150	9540	9545	9589	9623	9624	9636	9644	9647	9800	9810	9812
2018-10-01 Mon	9569	9570	9574	9577	9589	9591	9593	9609	9629	9636	9641	9647	9809	9811
2018-10-02 Tue	6998	8155	9547	9574	9582	9585	9594	9600	9603	9619	9633	9651	9803	9809
2018-10-03 Wed	9551	9584	9594	9630	9642	9650	9808	9815
2018-10-04 Thu	9539	9547	9548	9569	9570	9581	9600	9615	9644	9655	9802	9803	9810	9813	9815
2018-10-05 Fri	8155	9540	9549	9552	9583	9591	9610	9617	9624	9636	9641	9801	9803	9806	9809
2018-10-08 Mon	8169	9082	9547	9574	9577	9583	9594	9602	9622	9631	9644	9803	9811	9812	9814	9816
2018-10-09 Tue	8165	9540	9551	9552	9568	9570	9593	9596	9612	9645	9652	9807	9808	9815
2018-10-10 Wed	9082	9125	9540	9549	9551	9568	9570	9571	9583	9593	9615	9633	9644	9805	9807
2018-10-11 Thu	6032	8152	8178	9547	9548	9551	9584	9585	9589	9593	9612	9624	9641	9651	9801
2018-10-12 Fri	8178	9539	9540	9569	9570	9589	9610	9619	9622	9645	9652	9657	9810	9816	9819
2018-10-15 Mon	8166	9552	9569	9574	9581	9583	9587	9588	9613	9615	9651	9659	9815	9817
2018-10-16 Tue	8186	9545	9568	9585	9590	9594	9611	9629	9652	9657	9802	9804	9807	9818
2018-10-17 Wed	9540	9549	9551	9568	9583	9587	9596	9602	9637	9658	9801	9804	9805	9808
2018-10-18 Thu	9539	9540	9548	9552	9569	9582	9585	9586	9635	9643	9656	9802	9807	9817	9818
2018-10-19 Fri	8180	9077	9549	9551	9569	9583	9586	9589	9610	9611	9632	9642	9807	9809	9813	9818
2018-10-22 Mon	8199	9548	9549	9570	9574	9590	9591	9596	9626	9648	9650	9801	9809	9814
2018-10-23 Tue	6975	9548	9570	9577	9584	9594	9596	9619	9624	9643	9802	9803	9807	9809	9812
2018-10-24 Wed	8161	8166	9545	9568	9569	9583	9585	9586	9623	9630	9642	9802	9811	9815
2018-10-25 Thu	8162	9545	9551	9570	9571	9586	9589	9613	9631	9641	9647	9805	9807	9809
2018-10-26 Fri	9548	9573	9574	9587	9588	9608	9617	9623	9651	9655	9802	9804	9813	9814
2018-10-29 Mon	9549	9569	9581	9587	9596	9623	9637	9647	9651	9658	9807	9808	9809	9811	9813
2018-10-30 Tue	9568	9569	9570	9571	9573	9587	9608	9614	9628	9656	9807	9809	9810	9817
2018-10-31 Wed	9539	9568	9569	9570	9584	9587	9591	9626	9627	9642	9647	9802	9804	9808
2018-11-01 Thu	9545	9549	9573	9576	9577	9584	9587	9590	9606	9611	9648	9804	9808	9818
2018-11-02 Fri	9569	9586	9593	9600	9602	9621	9627	9629	9634	9639	9656	9803	9804	9809	9810
2018-11-05 Mon	9550	9577	9580	9602	9603	9615	9625	9635	9800	9803	9810	9811	9812	9818
2018-11-06 Tue	9547	9550	9568	9582	9588	9594	9596	9600	9605	9616	9620	9634	9644	9806	9819
2018-11-07 Wed	9539	9574	9581	9587	9591	9595	9620	9634	9643	9645	9809	9811	9814
2018-11-08 Thu	8193	9550	9574	9582	9585	9595	9596	9600	9635	9644	9651	9801	9802	9809	9812
2018-11-09 Fri	9539	9569	9573	9580	9593	9600	9604	9631	9801	9806	9810	9817
2018-11-12 Mon	8195	9540	9551	9590	9594	9607	9625	9627	9631	9645	9649	9654	9811	9818
2018-11-13 Tue	9539	9540	9550	9552	9580	9593	9595	9612	9617	9628	9633	9648	9655	9806	9816
2018-11-14 Wed	9539	9551	9552	9588	9589	9614	9622	9625	9632	9645	9649	9659	9815
2018-11-15 Thu	9552	9574	9581	9591	9593	9604	9607	9610	9625	9639	9655	9658	9805	9807
2018-11-16 Fri	9547	9549	9574	9581	9588	9589	9591	9592	9609	9610	9625	9631	9640	9651
2018-11-19 Mon	9539	9547	9577	9583	9584	9588	9590	9594	9612	9623	9636	9649	9650	9652	9800	9817
2018-11-20 Tue	9574	9587	9590	9591	9615	9623	9628	9639	9653	9800	9803	9805	9808	9819
2018-11-21 Wed	9549	9552	9582	9583	9585	9591	9592	9607	9628	9636	9650	9803	9813	9816	9818	9819
2018-11-23 Fri	9551	9552	9573	9582	9583	9589	9590	9596	9612	9629	9654	9655	9809	9815
2018-11-26 Mon	9549	9552	9577	9581	9583	9590	9600	9610	9620	9639	9640	9808	9817
2018-11-27 Tue	9549	9574	9577	9588	9590	9591	9592	9604	9615	9623	9626	9631	9806	9807
2018-11-28 Wed	9545	9581	9595	9606	9607	9622	9637	9643	9659	9805	9806	9814	9819
2018-11-29 Thu	9540	9547	9548	9587	9594	9602	9615	9624	9627	9639	9805	9807	9810	9815
2018-11-30 Fri	9549	9580	9583	9585	9589	9602	9612	9620	9655	9656	9800	9801	9816	9818
2018-12-03 Mon	9547	9574	9583	9585	9595	9603	9605	9609	9612	9647	9801	9807	9810	9815	9816
2018-12-04 Tue	6967	8151	9539	9548	9551	9570	9588	9594	9603	9607	9613	9801	9805	9808	9813	9815
2018-12-05 Wed	9540	9547	9578	9582	9586	9593	9594	9607	9613	9649	9655	9800	9813	9815
2018-12-06 Thu	9540	9549	9570	9573	9583	9587	9608	9613	9654	9656	9804	9806	9807	9810	9818
2018-12-07 Fri	9547	9549	9576	9580	9588	9589	9593	9600	9608	9612	9637	9805	9807
2018-12-10 Mon	9549	9552	9588	9603	9604	9608	9637	9645	9648	9800	9802	9803	9804	9815
2018-12-11 Tue	9547	9550	9578	9582	9595	9596	9615	9616	9619	9637	9639	9651	9802	9810
2018-12-12 Wed	9539	9548	9550	9551	9552	9570	9580	9596	9615	9617	9637	9652	9814	9815
2018-12-13 Thu	9545	9547	9550	9578	9582	9585	9588	9595	9604	9630	9651	9802	9803	9817	9819
2018-12-14 Fri	9547	9552	9570	9582	9583	9593	9595	9602	9615	9635	9637	9804	9806	9819
2018-12-17 Mon	9545	9578	9588	9593	9607	9617	9624	9634	9656	9800	9805	9814	9817	9818
2018-12-18 Tue	9548	9550	9568	9570	9574	9583	9586	9587	9588	9608	9617	9623	9624	9809
2018-12-19 Wed	9576	9577	9586	9593	9608	9624	9641	9650	9658	9801	9804	9810	9814	9818	9819
2018-12-20 Thu	9551	9568	9570	9573	9586	9590	9596	9607	9616	9618	9626	9632	9659	9805	9817
2018-12-21 Fri	9539	9545	9568	9569	9596	9604	9628	9634	9656	9659	9802	9807	9809	9811	9815
2018-12-24 Mon	9576	9585	9593	9600	9611	9613	9619	9620	9633	9659	9809	9810	9814	9819
2018-12-26 Wed	6928	9548	9568	9569	9582	9585	9592	9605	9613	9621	9627	9631	9655	9819
2018-12-27 Thu	9570	9574	9585	9595	9605	9609	9614	9626	9649	9651	9654	9806	9817	9821
2018-12-28 Fri	9540	9551	9581	9594	9595	9608	9626	9627	9628	9633	9655	9657	9658	9817	9818
2018-12-31 Mon	9548	9568	9571	9582	9584	9587	9595	9602	9608	9631	9637	9639	9653	9804
2019-01-02 Wed	9540	9548	9570	9576	9595	9614	9621	9626	9634	9638	9651	9656	9805	9809
2019-01-03 Thu	9548	9573	9575	9578	9584	9585	9605	9608	9610	9624	9631	9639	9655
2019-01-04 Fri	9568	9570	9575	9577	9588	9621	9622	9625	9627	9636	9802	9812	9815	9817
2019-01-07 Mon	9550	9576	9584	9587	9606	9616	9626	9632	9650	9658	9802	9813	9817
2019-01-08 Tue	9548	9551	9577	9582	9585	9602	9606	9632	9643	9646	9653	9806	9813	9814
2019-01-09 Wed	8173	9550	9551	9568	9569	9606	9617	9619	9625	9649	9803	9809	9814	9817
2019-01-10 Thu	9552	9568	9582	9588	9591	9592	9594	9613	9617	9619	9656	9802	9803	9806	9810
2019-01-11 Fri	9539	9540	9568	9570	9578	9594	9610	9611	9612	9623	9625	9627	9651	9812
2019-01-14 Mon	9545	9570	9580	9594	9600	9602	9613	9618	9627	9632	9638	9644	9801	9803
