2018-09-17 Mon	9540	9619	9642	9646	9805	9813
2018-09-18 Tue	9551	9570	9574	9582	9584	9587	9617	9630	9632	9633	9634	9641	9650	9806	9808
2018-09-19 Wed	9540	9569	9574	9587	9588	9605	9606	9609	9647	9652	9659	9802	9803	9809
2018-09-20 Thu	9548	9570	9589	9594	9602	9603	9607	9625	9642	9646	9648	9656	9800	9804	9814
2018-09-21 Fri	9550	9574	9582	9606	9612	9614	9627	9640	9658	9659	9800	9801	9804	9814	9817
2018-09-24 Mon	9568	9583	9590	9594	9629	9648	9802	9817
2018-09-25 Tue	9124	9571	9585	9586	9591	9608	9625	9641	9655	9657	9801	9802	9803	9806	9810	9813
2018-09-26 Wed	9072	9550	9552	9588	9614	9622	9625	9627	9629	9630	9634	9639	9807	9808	9809	9812
2018-09-27 Thu	8193	9070	9550	9568	9583	9591	9594	9607	9616	9620	9632	9634	9642	9801	9803	9807	9808
2018-09-28 Fri	8150	9091	9545	9549	9585	9589	9621	9623	9636	9644	9800	9810	9812	9819
2018-10-01 Mon	9088	9540	9570	9577	9589	9591	9593	9606	9609	9629	9636	9641	9807	9809	9811
2018-10-02 Tue	6998	8155	8169	9540	9547	9582	9585	9587	9594	9600	9617	9619	9633	9651	9802	9803
2018-10-03 Wed	9090	9551	9552	9584	9630	9642	9655	9805	9808	9815
