2018-09-17 Mon	2634	2770	2806	7121
2018-09-18 Tue	2618	2649	2671	2673	2702	2770	2771	2802	2809	7091	7114	8254	8263	8297
2018-09-19 Wed	2651	2670	2676	2711	2737	2738	2770	2776	2779	2791	7005	7072	8262	8297
2018-09-20 Thu	2670	2672	2673	2675	2708	2711	2739	2770	2779	7094	7096	8263	8264	8297
2018-09-21 Fri	2604	2613	2628	2648	2651	2681	2703	2705	2770	7003	7030	8263	8272	8279
2018-09-24 Mon	2600	2612	2618	2645	2689	2702	2786	7087
2018-09-25 Tue	2613	2614	2618	2628	2639	2642	2703	2734	2761	2780	2794	2798	2805	7072	7075	7117	8263	8279
2018-09-26 Wed	2613	2617	2631	2671	2673	2674	2707	2736	2767	2786	2791	2802	7086	7088	7121	8264	8269	8290
2018-09-27 Thu	2613	2615	2638	2642	2670	2676	2700	2707	2736	2771	2791	2805	2807	2810	7008	7072	7086	8268
2018-09-28 Fri	2618	2648	2707	2737	2761	2766	2773	2805	2810	7037	7085	7091	7108	8274	8285
2018-10-01 Mon	2606	2628	2681	2684	2740	2779	2780	2799	2807	2809	2810	7067	7069	7078	7099	7117	8270	8296
2018-10-02 Tue	2614	2644	2648	2651	2684	2707	2736	2740	2762	2780	2786	2799	2801	2805	2806	7008	7077	8265
2018-10-03 Wed	2618	2628	2648	2674	2678	2737	2765	2776	2799	7091
2018-10-04 Thu	2604	2606	2629	2642	2671	2691	2698	2700	2703	2762	2763	2779	2797	2799	7074	7112	8272	8292
2018-10-05 Fri	2612	2617	2630	2649	2669	2678	2689	2734	2738	2764	2787	2800	2805	2807	2810	7007	7108	8293
2018-10-08 Mon	2601	2628	2637	2649	2651	2652	2670	2683	2734	2737	2791	2800	2807	7073	7096	7098	8295
2018-10-09 Tue	2600	2613	2630	2638	2645	2652	2670	2674	2676	2678	2786	2797	2809	7007	7071	7126	8290
2018-10-10 Wed	2604	2637	2640	2645	2683	2691	2736	2763	2765	2773	2791	2802	2806	2810	7002	7068	7111	8298
2018-10-11 Thu	2617	2645	2669	2681	2684	2689	2735	2766	2786	2789	2791	7071	7098	7108	8296
2018-10-12 Fri	2602	2613	2631	2634	2640	2649	2684	2694	2740	2761	2764	2770	2776	2798	7076	7105	7115	8268
2018-10-15 Mon	2616	2642	2649	2652	2670	2683	2694	2698	2705	2734	2764	2773	2794	2805	7075	7115	7159	8268
2018-10-16 Tue	2612	2616	2617	2629	2651	2672	2674	2678	2689	2705	2787	2791	2798	7066	7105	7110	8265
2018-10-17 Wed	2604	2642	2672	2673	2678	2698	2707	2762	2770	2794	2797	2802	2805	7005	7063	7065	7071	8294
2018-10-18 Thu	2600	2612	2613	2630	2631	2640	2649	2684	2694	2703	2706	2740	2791	2802	2809	7114	7120	8294
2018-10-19 Fri	2614	2617	2644	2647	2648	2681	2707	2736	2786	2790	2794	7065	7098	7103	8293
2018-10-22 Mon	2613	2617	2638	2644	2649	2652	2669	2689	2703	2735	2737	2764	2773	2787	7079	7108	8272
2018-10-23 Tue	2613	2616	2628	2651	2674	2677	2683	2690	2706	2739	2776	2787	2797	2800	7082	7121
2018-10-24 Wed	2613	2616	2628	2645	2672	2683	2706	2761	2764	2795	2797	2802	7006	7075	7091	7158	8266
2018-10-25 Thu	2613	2616	2631	2637	2645	2652	2668	2672	2678	2693	2740	2766	2786	7075	7107	7112	8260
2018-10-26 Fri	2614	2618	2629	2668	2678	2681	2689	2690	2701	2702	2763	2794	2811	7003	7074	7099	8285
2018-10-29 Mon	2613	2628	2637	2640	2670	2671	2703	2736	2738	2762	2794	2795	2800	2802	7090	8270
2018-10-30 Tue	2628	2630	2647	2649	2652	2658	2668	2675	2681	2690	2703	2707	2766	7084	7107	7124	8278
2018-10-31 Wed	2602	2614	2617	2637	2649	2673	2690	2698	2705	2734	2735	2739	2800	7006	7091	7107	8293
2018-11-01 Thu	2602	2617	2638	2640	2645	2647	2683	2689	2700	2703	2734	2779	2789	2794	7064	7121	7160	8284
2018-11-02 Fri	2606	2613	2628	2631	2634	2639	2642	2670	2673	2689	2776	2794	2805	7068	7103	7122	8263
2018-11-05 Mon	2616	2670	2672	2683	2698	2705	2735	2761	2765	2779	2787	2795	2809	7011	7065	7121	8269
2018-11-06 Tue	2600	2634	2639	2640	2643	2651	2652	2668	2669	2671	2761	2763	7064	7090	7114	8291
2018-11-07 Wed	2637	2638	2647	2649	2678	2691	2698	2706	2737	2740	2773	2780	2798	2810	7007	7035	7036	8295
