2018-09-20 Thu	41502	41508	41601	9105	9201	9215	9218
2018-09-21 Fri	41501	41601	41603	9202	9205	9211	9217
2018-09-22 Sat	9207	9212	9214
2018-09-23 Sun	9213	9219	9220
2018-09-24 Mon	41503	41514	41601	9111	9203	9205	9215
2018-09-25 Tue	41502	41514	41515	41603	9216	9217	9218
2018-09-26 Wed	41504	41507	41509	41516	9122	9213	9215
2018-09-27 Thu	41508	41602	41604	9201	9212	9219	9221
2018-09-28 Fri	41501	41601	9205	9206	9211	9216	9218
2018-09-29 Sat	9212	9216	9218
2018-09-30 Sun	9094	9218	9221
2018-10-01 Mon	41509	41604	9201	9203	9211	9213	9221
2018-10-02 Tue	41512	41605	9122	9205	9206	9212	9217
2018-10-03 Wed	41506	41512	41516	9201	9206	9213	9215
2018-10-04 Thu	41512	41517	41603	9204	9210	9211	9217	9222
2018-10-05 Fri	41505	41510	41511	41602	9123	9214	9220
2018-10-06 Sat	9202	9216	9222
2018-10-07 Sun	41601	9215	9216
2018-10-08 Mon	41604	41605	9207	9208	9212	9215	9216	9219
2018-10-09 Tue	41509	41515	41604	9202	9204	9205	9210
2018-10-10 Wed	41501	9100	9203	9207	9210	9212	9213	9219	9220
2018-10-11 Thu	41603	9122	9202	9204	9209	9211	9215	9219
2018-10-12 Fri	41603	41604	9111	9204	9205	9209	9214
2018-10-13 Sat	9099	9209	9212	9215
2018-10-14 Sun	9202	9209	9221
2018-10-15 Mon	41509	41516	41601	41602	41603	41605	9208
2018-10-16 Tue	41504	41510	41515	41516	41602	41605	9216
2018-10-17 Wed	41502	41505	41508	41512	41601	9203	9218
2018-10-18 Thu	41501	41506	41516	41601	41605	9217	9218
2018-10-19 Fri	41509	41516	41601	41602	41605	9209	9214
2018-10-20 Sat	41603	9105	9207
2018-10-21 Sun	41603	9215	9222
2018-10-22 Mon	41501	41507	41512	41516	41601	41602	41605
2018-10-23 Tue	41502	41509	41510	41514	41516	9206	9221
2018-10-24 Wed	41508	41516	41601	41604	9203	9206	9214
2018-10-25 Thu	41505	41509	41511	41602	9218	9220	9222
2018-10-26 Fri	41506	41509	41516	41601	9203	9211	9214
2018-10-27 Sat	41502	9101	9221
2018-10-28 Sun	9093	9213	9217
2018-10-29 Mon	41502	41516	41601	41604	9205	9212	9214
2018-10-30 Tue	41509	41512	41516	41601	41602	9203	9214	9216
2018-10-31 Wed	41516	41602	41603	41605	9205	9207	9221
2018-11-01 Thu	41506	41508	41511	41516	9208	9214	9221
2018-11-02 Fri	41505	41516	41602	41605	9213	9217	9220
2018-11-03 Sat	9098	9108	9123
2018-11-04 Sun	9106	9122	9215
2018-11-05 Mon	41516	41602	41603	41604	41605	9206	9217
2018-11-06 Tue	41506	41508	41516	41601	9206	9208	9212
2018-11-07 Wed	41512	41516	41601	41602	9209	9210	9214
2018-11-08 Thu	41506	41516	41601	41602	9209	9212	9217
2018-11-09 Fri	41503	41507	41516	41605	9213	9214	9220
2018-11-10 Sat	41603	9203	9210	9211
2018-11-11 Sun	9206	9214	9220
2018-11-12 Mon	41508	41515	41601	41602	41603	9209	9222
2018-11-13 Tue	41506	41513	41516	41601	9201	9211	9217
2018-11-14 Wed	41501	41504	41516	41603	9206	9213	9220
