2018-09-20 Thu	41506	41510	9104	9113	9123	9208	9210	9219	9222	9703	9704	9721
2018-09-21 Fri	41502	41505	41513	9092	9094	9099	9107	9108	9110	9111	9206	9207	9208	9213	9219	9309	9704	9706	9713	9729
2018-09-24 Mon	41502	41507	41511	41604	9095	9096	9098	9101	9106	9108	9112	9206	9208	9211	9216	9711	9725	9726	9733	9738
2018-09-25 Tue	41505	41508	41517	41602	41604	9096	9103	9106	9108	9110	9113	9210	9215	9221	9222	9302	9311	9703	9719
2018-09-26 Wed	41510	41512	41601	41602	41604	9094	9095	9096	9097	9099	9101	9103	9112	9218	9221	9306	9309	9312	9719	9727
2018-09-27 Thu	41510	41513	41515	41601	41605	9093	9094	9096	9097	9099	9104	9106	9208	9215	9217	9220	9302	9718	9731	9739
2018-09-28 Fri	41507	41516	41602	41605	9092	9093	9095	9101	9105	9109	9110	9113	9123	9209	9213	9220	9222	9312	9703	9720	9738	9739
2018-10-01 Mon	41501	41601	9093	9095	9101	9103	9106	9108	9109	9123	9206	9210	9212	9220	9303	9311	9701	9717	9718
2018-10-02 Tue	41511	41514	41516	41603	9093	9097	9098	9101	9104	9105	9107	9108	9216	9220	9221	9305	9307	9312	9701	9728
2018-10-03 Wed	41510	41601	41603	41604	41605	9095	9096	9098	9101	9103	9104	9110	9113	9212	9216	9220	9311	9716	9719	9731	9737
