2018-09-20 Thu	9099	9100	9202	9205	9206	9210	9221
2018-09-21 Fri	41507	41510	9092	9093	9113	9206	9208	9213	9214	9301	9312	9706
2018-09-24 Mon	41507	41602	41604	9095	9113	9122	9206	9208	9212	9213	9221	9309	9719	9738
2018-09-25 Tue	41508	41510	41601	9096	9112	9123	9211	9212	9214	9222	9302	9307	9721
2018-09-26 Wed	41510	41512	41515	41605	9097	9113	9208	9216	9219	9221	9305	9306	9705
2018-09-27 Thu	41511	41512	41515	9095	9106	9123	9205	9211	9218	9220	9302	9312	9716
2018-09-28 Fri	41502	41508	41511	9092	9103	9104	9106	9111	9123	9202	9222	9312	9714	9727
2018-10-01 Mon	41510	41512	41514	41603	9092	9107	9108	9123	9209	9210	9217	9311	9704	9717
2018-10-02 Tue	41601	41602	9095	9104	9106	9110	9202	9213	9221	9310	9312	9718
2018-10-03 Wed	41504	41510	41511	41601	41604	9095	9104	9122	9210	9220	9301	9311	9710
