2018-09-17 Mon	2677	2703	2710	2802
2018-09-18 Tue	2618	2648	2649	2668	2681	2762	2810	8294
2018-09-19 Wed	2628	2642	2647	2651	2670	2700	8297
2018-09-20 Thu	2668	2670	2691	2767	2779	2802	2809
2018-09-21 Fri	2648	2668	2698	2707	2737	2738	2770	2802
2018-09-24 Mon	2677	2681	2702	2771	8288
2018-09-25 Tue	2614	2615	2637	2639	2672	2763	2770	2791	7159	8282
2018-09-26 Wed	2606	2614	2631	2648	2701	2762	2790	2809	7082	8299
2018-09-27 Thu	2618	2629	2644	2647	2672	2701	2800	2805	7005	8259
2018-09-28 Fri	2600	2604	2617	2701	2761	2763	2765	7030	8266
2018-10-01 Mon	2600	2606	2618	2678	2681	2702	2761	2770	7105	8278
2018-10-02 Tue	2606	2617	2674	2701	2771	2779	2786	7035	8254	8270
2018-10-03 Wed	2628	2634	2638	2651	2671
