2018-09-20 Thu	41605	9302	9311	9715	9720	9725	9728	9729	9731	9732	9736	9737
2018-09-21 Fri	9100	9304	9310	9715	9716	9717	9718	9720	9725	9726	9728	9729	9736	9737	9739
2018-09-22 Sat	9702	9711	9712	9715	9716	9717	9718	9719	9723	9725	9726	9728	9733	9738	9739
2018-09-23 Sun	9703	9705	9706	9707	9711	9712	9715	9718	9719	9720	9722	9723	9729	9733	9738	9739
2018-09-24 Mon	9217	9301	9309	9701	9706	9707	9711	9712	9718	9721	9722	9727	9730	9737	9739
2018-09-25 Tue	41502	41503	9302	9303	9304	9307	9308	9701	9711	9712	9718	9721	9723	9726	9729	9730	9733	9739
2018-09-26 Wed	41602	9099	9302	9305	9307	9701	9704	9705	9719	9720	9723	9725	9729	9730	9732	9737	9739
2018-09-27 Thu	41505	9305	9307	9705	9706	9713	9716	9719	9720	9721	9723	9725	9728	9732	9736	9737	9738
2018-09-28 Fri	41602	9301	9303	9309	9311	9705	9706	9713	9716	9720	9721	9722	9726	9728	9729
2018-09-29 Sat	9701	9702	9705	9713	9715	9716	9718	9722	9726	9728	9729	9736	9738
2018-09-30 Sun	9701	9703	9707	9711	9712	9713	9714	9715	9716	9717	9726	9731	9736	9738
2018-10-01 Mon	9222	9302	9304	9305	9310	9702	9706	9710	9712	9713	9714	9715	9720	9730	9733	9738
2018-10-02 Tue	9113	9308	9309	9312	9706	9710	9715	9716	9720	9727	9728	9729	9730	9731	9733	9736
2018-10-03 Wed	9105	9304	9311	9706	9707	9716	9719	9720	9723	9726	9727	9728	9730	9733	9736	9737	9738
