2018-09-20 Thu	51402	51403	61402	61403	61404	61405	61406	9308	9714	9739
2018-09-21 Fri	51402	51403	61401	61402	61403	61404	61405	61406	61407	9094	9302	9305	9307	9705
2018-09-22 Sat	9701	9709
2018-09-23 Sun	9717	9725
2018-09-24 Mon	51402	51403	61401	61402	61403	61405	61406	61407	9214	9307	9308	9701	9723
2018-09-25 Tue	51402	51403	61401	61402	61403	61405	61406	61407	9098	9306	9717	9719	9726
2018-09-26 Wed	51402	51403	61401	61402	61403	61405	61406	61407	9098	9113	9301	9721	9726
2018-09-27 Thu	51403	61401	61402	61403	61404	61405	61406	61407	9301	9302	9711	9730
2018-09-28 Fri	51403	61401	61402	61403	61404	61405	61406	61407	9310	9713	9717	9718	9731
2018-09-29 Sat	9707	9723	9737	9738
2018-09-30 Sun	9718	9737
2018-10-01 Mon	51402	51403	61401	61402	61403	61404	61405	61407	9092	9110	9312	9711	9716
2018-10-02 Tue	51403	61401	61402	61403	61404	61405	61406	61407	9301	9302	9719	9736
2018-10-03 Wed	51403	61401	61402	61403	61404	61405	61406	61407	9107	9304	9309	9721
2018-10-04 Thu	51403	61401	61402	61403	61404	61406	9099	9215	9309	9312	9714	9716	9719	9721
2018-10-05 Fri	41501	51402	51403	61401	61402	61403	61404	61406	61407	9301	9303	9701	9704	9711
2018-10-06 Sat	9711	9733
2018-10-07 Sun	9308	9711	9729
2018-10-08 Mon	51402	51403	61401	61402	61404	61406	9112	9122	9303	9712	9715	9718	9723	9737
2018-10-09 Tue	51402	51403	61401	61402	61403	61404	61406	9311	9701	9707	9716	9720	9721
2018-10-10 Wed	41502	51402	51403	61401	61402	61403	61404	61405	61406	9110	9311	9702	9722	9729
2018-10-11 Thu	51402	51403	61401	61402	61403	61404	61405	61406	9106	9220	9706	9717
2018-10-12 Fri	51402	51403	61401	61402	61403	61404	61405	61406	9310	9312	9718	9720
2018-10-13 Sat	9714	9721
2018-10-14 Sun	9707	9722
2018-10-15 Mon	51402	51403	61401	61402	61403	61404	61405	61406	9097	9106	9702	9709	9733
2018-10-16 Tue	51402	51403	61401	61402	61403	61404	61405	61406	9310	9718	9729	9736	9737	9738
2018-10-17 Wed	51402	51403	61401	61402	61403	61405	61406	9103	9111	9122	9312	9726	9731	9733
2018-10-18 Thu	51402	51403	61401	61402	61403	61405	61406	61407	9108	9721	9731	9737	9738
2018-10-19 Fri	51402	51403	61401	61403	61404	61405	61406	61407	9303	9715	9722	9728	9733
2018-10-20 Sat	9711	9718
2018-10-21 Sun	9726	9729	9738
2018-10-22 Mon	51403	61401	61402	61403	61404	61405	61406	61407	9099	9122	9730	9732	9739
2018-10-23 Tue	51402	51403	61401	61402	61403	61404	61405	61406	61407	9204	9702	9723	9728
2018-10-24 Wed	51402	51403	61401	61402	61403	61404	61405	61407	9092	9305	9310	9727	9737	9738
2018-10-25 Thu	51402	51403	61401	61402	61403	61404	61405	61407	9302	9306	9720	9728
2018-10-26 Fri	51402	61401	61402	61403	61404	61405	61406	61407	9301	9311	9722	9738	9739
2018-10-27 Sat	9701	9702
2018-10-28 Sun	9700	9736
2018-10-29 Mon	51402	51403	61401	61402	61403	61405	61406	61407	9099	9104	9705	9726	9732
2018-10-30 Tue	51403	61401	61402	61403	61404	61405	61406	61407	9706	9707	9719	9726	9727
2018-10-31 Wed	51403	61401	61402	61403	61404	61405	61406	61407	9302	9312	9700	9705	9717	9718	9738
2018-11-01 Thu	51402	51403	61401	61402	61403	61404	61405	61406	61407	9304	9711	9714	9719	9735
2018-11-02 Fri	51402	51403	61401	61402	61403	61404	61405	61406	61407	9303	9305	9311	9730	9737
2018-11-03 Sat	9731	9734
2018-11-04 Sun	9711	9712	9727
2018-11-05 Mon	51402	51403	61401	61402	61403	61404	61405	61406	61407	9104	9311	9700	9713	9723	9739
2018-11-06 Tue	51402	51403	61401	61402	61403	61404	61405	61406	61407	9312	9711	9722	9736
2018-11-07 Wed	51402	51403	61401	61402	61403	61404	61405	61406	61407	9310	9701	9720	9726	9727
2018-11-08 Thu	51403	61401	61402	61403	61404	61405	61406	61407	9301	9722	9726	9727	9737
2018-11-09 Fri	51402	51403	61402	61403	61404	61405	61406	61407	9700	9712	9718	9727	9734
2018-11-10 Sat	9730	9739
2018-11-11 Sun	9709	9710	9711
2018-11-12 Mon	51402	51403	61401	61403	61404	61405	61406	61407	9093	9095	9098	9105	9701	9705	9706	9718
2018-11-13 Tue	51402	51403	61401	61402	61403	61404	61405	61406	9302	9308	9707	9722	9734	9739
2018-11-14 Wed	51402	51403	61401	61402	61403	61404	61405	61406	9215	9301	9312	9735	9738
2018-11-15 Thu	51402	51403	61401	61402	61403	61404	61405	61406	9206	9301	9305	9702	9721	9727
2018-11-16 Fri	51402	51403	61401	61402	61403	61404	61405	61406	61407	9308	9712	9721	9727
2018-11-17 Sat	9713	9738
2018-11-18 Sun	9728	9734
2018-11-19 Mon	51402	51403	61402	61403	61404	61405	61407	9092	9096	9099	9709	9721	9734
2018-11-20 Tue	51402	51403	61401	61402	61403	61404	61405	61407	9097	9301	9305	9733	9738
2018-11-21 Wed	51402	51403	61401	61402	61403	61404	61405	61407	9309	9707	9726	9733
2018-11-22 Thu	9714	9720
2018-11-23 Fri	51402	51403	61401	61402	61403	61404	61405	61406	61407	9106	9309	9717	9722
2018-11-24 Sat	9700	9737
2018-11-25 Sun	9736	9737
2018-11-26 Mon	51402	51403	61401	61402	61403	61404	61406	61407	9097	9304	9731	9733
2018-11-27 Tue	51402	51403	61401	61402	61403	61404	61406	61407	9105	9107	9305	9717	9726
2018-11-28 Wed	51402	61401	61402	61403	61404	61405	61406	61407	9107	9111	9701	9702	9710	9732	9738
2018-11-29 Thu	51402	51403	61401	61402	61403	61404	61405	61406	61407	9701	9720	9728	9733
2018-11-30 Fri	51402	51403	61401	61402	61403	61404	61405	61406	61407	9099	9721	9734	9736
2018-12-01 Sat	9094	9106
2018-12-02 Sun	9727	9733
2018-12-03 Mon	51402	51403	61402	61403	61404	61405	61406	61407	9301	9308	9703	9732
2018-12-04 Tue	51402	51403	61401	61402	61403	61405	61406	61407	9714	9722	9728	9738
2018-12-05 Wed	41509	51403	61401	61402	61403	61405	61406	61407	9705	9723	9733	9734	9739
2018-12-06 Thu	51402	51403	61401	61402	61403	61405	61406	61407	9307	9703	9726	9731
2018-12-07 Fri	51402	51403	61401	61402	61403	61404	61405	61406	61407	9304	9702	9721	9734
2018-12-08 Sat	9703	9709	9734
2018-12-09 Sun	9722	9726
2018-12-10 Mon	51402	51403	61401	61402	61403	61404	61405	61406	61407	9301	9703	9726	9732
2018-12-11 Tue	51402	51403	61401	61402	61403	61404	61405	61406	61407	9718	9723	9732	9734
2018-12-12 Wed	51402	51403	61401	61402	61403	61404	61405	61406	61407	9706	9722	9732
2018-12-13 Thu	51402	51403	61401	61402	61403	61404	61405	61406	61407	9209	9302	9705	9721
2018-12-14 Fri	51402	51403	61401	61402	61403	61404	61405	61406	61407	9308	9310	9701	9726
2018-12-15 Sat	9705	9715
2018-12-16 Sun	9701	9713
2018-12-17 Mon	51402	51403	61401	61402	61403	61404	61405	61406	61407	9108	9703	9714	9723	9726	9730	9734
2018-12-18 Tue	51402	51403	61401	61402	61403	61404	61405	61406	9099	9222	9302	9700	9716
2018-12-19 Wed	51402	51403	61401	61402	61403	61404	61406	9305	9307	9309	9311	9711	9718	9726	9737
2018-12-20 Thu	51402	51403	61402	61404	61405	61406	8044	9310	9312	9714	9718	9720	9730	9739
2018-12-21 Fri	51403	61402	61404	61405	61406	9303	9701	9714	9715	9720	9721	9722	9723	9733	9736
2018-12-22 Sat	9721	9726
2018-12-23 Sun	9703	9734
2018-12-24 Mon	51402	51403	61402	61403	61404	61405	61406	9202	9215	9309	9311	9714	9715	9732
2018-12-25 Tue	9728	9730
2018-12-26 Wed	51402	51403	61402	61403	61404	61405	61406	9105	9108	9308	9700	9721	9731	9732
2018-12-27 Thu	51402	51403	61402	61403	61404	61405	61406	9107	9301	9302	9307	9308	9710	9727
2018-12-28 Fri	41506	41509	51402	51403	61402	61403	61404	61405	61406	9095	9302	9308	9713	9731
2018-12-31 Mon	51402	51403	61401	61403	61404	61405	61406	9310	9709	9726
2019-01-01 Tue	9713	9732
2019-01-02 Wed	51402	51403	61401	61402	61403	61404	61405	61406	9702	9714	9715	9722	9731	9734
2019-01-03 Thu	51402	51403	61401	61402	61403	61404	61405	61406	9210	9306	9307	9700	9727	9733
2019-01-04 Fri	51402	51403	61401	61402	61403	61404	61405	61406	9713	9717	9718	9730	9734
2019-01-05 Sat	9707	9728
2019-01-06 Sun	9722	9738
2019-01-07 Mon	51401	51402	51403	61401	61402	61403	61404	61405	61406	9304	9702	9727	9737
2019-01-08 Tue	51401	51402	51403	61401	61402	61403	61404	61405	61406	9301	9718	9727	9738
2019-01-09 Wed	51401	51402	51403	61401	61402	61403	61406	8021	8034	9107	9303	9717	9725
2019-01-10 Thu	51401	51402	51403	61402	61403	61404	61405	61406	9716	9728	9734	9739
2019-01-11 Fri	51401	51402	51403	61401	61402	61404	61405	61406	9306	9312	9709	9726	9733
2019-01-12 Sat	9714	9736
2019-01-13 Sun	9731	9738
2019-01-14 Mon	51401	51402	51403	61401	61402	61403	61404	61405	61406	9310	9723	9734	9739
