2018-09-20 Thu	41505	41513	41515	9110	9204	9212	9213	9702	9711	9712	9729	9738
2018-09-21 Fri	41504	41513	41514	41515	41517	41605	9123	9204	9208	9219	9222	9301	9308	9703	9711	9715	9716	9723	9727	9729	9730
2018-09-22 Sat	9702	9704	9705	9713	9717	9718	9720	9721	9725	9727	9729	9730	9732	9733	9739
2018-09-23 Sun	9702	9709	9720	9733	9739
2018-09-24 Mon	41502	41512	41515	41516	41517	41603	9100	9104	9202	9213	9214	9702	9703	9706	9713	9714	9729	9730	9731	9732
2018-09-25 Tue	41501	41504	41509	41512	41516	41517	41605	9123	9210	9214	9219	9301	9711	9714	9715	9718	9723	9725	9731	9732	9739
2018-09-26 Wed	41501	41503	41505	41508	41515	41517	9097	9107	9202	9207	9208	9212	9702	9706	9716	9722	9726	9730	9731	9737	9738
2018-09-27 Thu	41501	41504	41507	41513	41516	41517	41605	9092	9107	9203	9205	9301	9310	9704	9706	9721	9722	9723	9726	9737
2018-09-28 Fri	41502	41504	41511	41514	41517	9094	9113	9210	9219	9702	9710	9711	9712	9719	9723	9727	9728	9730	9737
2018-09-29 Sat	9701	9703	9711	9712	9713	9714	9715	9716	9717	9718	9730	9731	9732	9736	9739
2018-09-30 Sun	9701	9703	9705	9721	9723	9732
2018-10-01 Mon	41501	41502	41505	41512	41517	41605	9202	9204	9219	9709	9710	9712	9721	9723	9726	9729	9732	9736	9737
2018-10-02 Tue	41501	41506	41510	41517	9099	9106	9110	9204	9211	9218	9302	9306	9311	9702	9716	9720	9721	9723	9725	9726	9730	9733
2018-10-03 Wed	41503	41513	41602	41604	9093	9108	9123	9207	9217	9219	9222	9702	9717	9718	9720	9723	9729	9736	9738
