2018-09-20 Thu	41516	41517	41603	8021	9094	9122
2018-09-21 Fri	41509	41512	41515	41516	9101	9103	9113	9208	9220
2018-09-23 Sun	41515
2018-09-24 Mon	41511	41515	9099	9101	9207	9213	9218	9222
2018-09-25 Tue	41511	41517	41601	9097	9098	9107	9123	9201	9203	9213
2018-09-26 Wed	41502	41506	41514	41515	41601	41604	9096	9201	9211
2018-09-27 Thu	41501	41509	41515	41517	9113	9122	9123	9205	9208	9222
2018-09-28 Fri	41502	41509	41512	41516	41517	8034	8035	9215	9220
2018-09-30 Sun	41503
2018-10-01 Mon	41503	41510	41512	41517	9094	9099	9105	9112
2018-10-02 Tue	41502	41503	41504	41505	41507	41517	41602	8021	9111	9202
2018-10-03 Wed	41507	41603	41605	9094	9096	9122	9202	9207	9217
2018-10-04 Thu	41504	41505	41506	41509	9109	9123	9206	9212
2018-10-05 Fri	41506	41509	41515	41517	8043	9106	9221
2018-10-08 Mon	41501	41509	41511	41514	41515	9100	9109	9203	9209	9219
2018-10-09 Tue	41511	41517	9093	9101	9206	9207	9209	9215	9220
2018-10-10 Wed	41503	41506	41511	41601	41604	9098	9100	9111	9122	9206	9210
2018-10-11 Thu	41503	41516	41602	9095	9106	9201	9215	9221
2018-10-12 Fri	41507	41515	41517	9093	9104	9207	9215
2018-10-15 Mon	41501	41512	41515	41604	9093	9205	9211	9216
2018-10-16 Tue	41501	41502	41507	41509	41514	41517	9097	9122	9202
2018-10-17 Wed	41501	41507	41510	41515	9108	9206	9211	9213	9216
2018-10-18 Thu	41502	41504	41507	41508	41509	41510	9092	9109	9204	9209
2018-10-19 Fri	41502	41510	41514	41515	9100	9202	9215	9218
2018-10-21 Sun	41515
2018-10-22 Mon	41502	41508	41514	41515	8021	8034	9113	9216	9706
2018-10-23 Tue	41501	41504	41506	41508	41512	41515	41605	9107	9211
2018-10-24 Wed	41501	41503	41510	41515	9107	9204	9211	9215
2018-10-25 Thu	41501	41510	41515	41603	9096	9207	9219	9221
2018-10-26 Fri	41501	41503	41510	41513	41515	9099	9101	9107	9209	9212
2018-10-29 Mon	41501	41508	41514	41515	9092	9105	9211	9217
2018-10-30 Tue	41501	41515	41603	9108	9206	9211	9219	9222
2018-10-31 Wed	41505	41506	41510	41515	9211	9215	9220
2018-11-01 Thu	41501	41510	41515	41517	41603	9108	9211
2018-11-02 Fri	41501	41503	41507	41514	41515	41603	8034	9107	9215
2018-11-04 Sun	41513
2018-11-05 Mon	41501	41502	41506	41510	41513	9113	9210	9214
2018-11-06 Tue	41501	41504	41505	41507	41510	41512	41515	9204	9221
2018-11-07 Wed	41501	41505	41508	41515	9205	9211	9216	9217
2018-11-08 Thu	41501	41503	41510	41512	41515	9205	9207	9214	9219	9221
2018-11-09 Fri	41501	41512	41513	41514	9110	9201	9222
2018-11-11 Sun	41604
2018-11-12 Mon	41504	41506	41510	41516	41604	8021	9110	9217
2018-11-13 Tue	41501	41502	41510	41515	9107	9219
2018-11-14 Wed	41506	41507	41510	41515	41602	41605	9214	9219
2018-11-15 Thu	41501	41507	41508	41510	41513	41515	9106	9216
2018-11-16 Fri	41501	41508	41512	41515	41602	9104	9122	9206	9217
2018-11-18 Sun	41515
2018-11-19 Mon	41506	41508	41515	41516	41517	9094	9095	9202	9212	9220
2018-11-20 Tue	41501	41505	41506	41510	41512	41515	41517	9098	9203	9208	9212
2018-11-21 Wed	41501	41507	41510	41515	41603	41605	9094	9123	9207	9213
2018-11-23 Fri	41505	41507	41513	41515	41516	41602	9109	9210	9218
2018-11-25 Sun	41515
2018-11-26 Mon	41506	41508	41511	41514	41515	9211	9212	9218
2018-11-27 Tue	41501	41503	41507	41515	8063	9123	9203
2018-11-28 Wed	41501	41503	41506	41508	41515	41605	8059	9108	9110	9217
2018-11-29 Thu	41501	41502	41515	41603	8057	9201	9204	9205
2018-11-30 Fri	41501	41506	41514	41515	41605	8021	9101	9207	9215	9220
2018-12-02 Sun	41508
2018-12-03 Mon	41502	41503	41508	41509	41515	41602	41604	9101	9211
2018-12-04 Tue	41501	41508	41512	41515	41601	8034	9204	9209	9210
2018-12-05 Wed	41501	41506	41511	41515	41517	9092	9207	9218	9220
2018-12-06 Thu	41501	41502	41504	41515	41603	8021	9100	9203	9210	9217
2018-12-07 Fri	41501	41502	41506	41515	41603	9095	9212
2018-12-10 Mon	41501	41506	41513	41516	41517	8021	9109	9205	9218
2018-12-11 Tue	41501	41503	41506	41515	41603	9112	9122	9201	9221	9222
2018-12-12 Wed	41501	41507	41508	41512	41514	41515	9201	9209
2018-12-13 Thu	41501	41507	41508	41515	41603	41605	8063	9106	9209	9216
2018-12-14 Fri	41501	41506	41515	41517	8055	9104	9202	9208	9221
2018-12-17 Mon	41506	41508	41516	41604	8020	9205	9221	9222
2018-12-18 Tue	41503	41506	41511	41514	41515	41604	9210	9216	9221
2018-12-19 Wed	41501	41502	41512	41515	41517	41603	8055	9215	9218
2018-12-20 Thu	41503	41511	41512	41515	8063	9201	9202	9218
2018-12-21 Fri	41503	41505	41508	41512	41515	8055	9095	9210
2018-12-23 Sun	41514
2018-12-24 Mon	41506	41511	41514	8059	8069	9100	9201	9211	9215
2018-12-25 Tue	41515
2018-12-26 Wed	41505	41510	41513	41515	8043	8044	9210	9215	9218	9219
2018-12-27 Thu	41508	41509	41512	41513	41515	8063	9204	9209	9214	9215
2018-12-28 Fri	41515	8044	9098	9109	9111	9203	9213	9216
2018-12-31 Mon	41503	9095	9206	9209	9301
2019-01-01 Tue	41514
2019-01-02 Wed	41501	41503	41511	41514	41515	9093	9212	9219	9220	9222
2019-01-03 Thu	41501	41505	41512	41515	41604	9112	9203	9213	9214	9215
2019-01-04 Fri	41507	41508	41510	41602	41604	9103	9207	9210	9215
2019-01-06 Sun	41514
2019-01-07 Mon	41505	41509	41514	41515	41517	41605	8021	9202	9209	9222
2019-01-08 Tue	41506	41508	41510	41512	41515	9105	9211	9219	9221
2019-01-09 Wed	41501	41502	41507	41512	41515	9106	9207	9208
2019-01-10 Thu	41501	41506	41508	41513	41515	9201	9206	9209	9212
2019-01-11 Fri	41501	41503	41510	41515	9100	9206	9214	9222
2019-01-13 Sun	41505
2019-01-14 Mon	41505	41507	41509	41515	41601	9100	9106	9208	9214	9218
