2018-09-20 Thu	9301	9304	9701	9713	9719	9736
2018-09-21 Fri	9105	9302	9308	9311	9707	9709	9713	9725	9729	9733	9737	9738	9739
2018-09-24 Mon	9105	9302	9304	9305	9706	9715	9717	9720	9725	9726	9739
2018-09-25 Tue	9097	9306	9308	9309	9703	9706	9707	9715	9718	9730	9738
2018-09-26 Wed	9302	9303	9304	9306	9307	9308	9309	9312	9713	9719	9725	9726
2018-09-27 Thu	9306	9309	9311	9701	9706	9711	9714	9717	9718	9732	9737
2018-09-28 Fri	9302	9304	9309	9311	9703	9716	9725	9728	9729	9731	9732	9739
2018-10-01 Mon	9094	9301	9302	9307	9308	9309	9312	9701	9712	9718	9720
2018-10-02 Tue	9094	9307	9308	9309	9310	9311	9701	9704	9713	9720	9729	9737	9738
2018-10-03 Wed	9094	9305	9306	9308	9310	9713	9715	9727	9730	9731	9736
2018-10-04 Thu	9109	9301	9305	9306	9308	9702	9715	9723	9727	9732	9733	9737	9739
2018-10-05 Fri	9304	9306	9309	9311	9312	9700	9711	9730	9732	9733	9739
2018-10-08 Mon	9100	9301	9305	9309	9701	9703	9705	9712	9719	9721	9726
2018-10-09 Tue	41513	9301	9303	9304	9309	9310	9702	9704	9713	9721	9736
2018-10-10 Wed	41505	9105	9109	9301	9306	9309	9310	9311	9312	9711	9718	9720	9721
2018-10-11 Thu	9306	9309	9312	9701	9702	9703	9709	9719	9720	9727	9728	9733
2018-10-12 Fri	9301	9306	9308	9707	9709	9712	9715	9721	9722	9727	9730	9733
2018-10-15 Mon	9302	9303	9308	9312	9701	9703	9704	9709	9712	9721	9729	9731	9733
2018-10-16 Tue	9301	9307	9311	9700	9703	9716	9726	9727	9731	9733	9739
2018-10-17 Wed	9301	9303	9305	9306	9307	9308	9312	9704	9712	9713	9715	9732	9738
2018-10-18 Thu	9301	9304	9305	9308	9309	9704	9705	9706	9713	9722	9728	9731
2018-10-19 Fri	9302	9304	9307	9309	9703	9714	9715	9722	9730	9731	9732	9736
2018-10-22 Mon	9222	9303	9305	9306	9311	9700	9705	9710	9711	9717	9722	9738	9739
2018-10-23 Tue	9105	9216	9307	9309	9310	9312	9711	9717	9720	9727	9728	9730
2018-10-24 Wed	9106	9303	9306	9308	9312	9701	9714	9718	9722	9730	9733	9734
2018-10-25 Thu	9122	9301	9302	9303	9305	9311	9312	9713	9716	9719	9727	9734
2018-10-26 Fri	9104	9122	9309	9310	9312	9701	9702	9712	9714	9720	9726	9731
2018-10-29 Mon	9202	9304	9308	9309	9700	9701	9702	9705	9730	9737	9738
2018-10-30 Tue	9099	9302	9310	9312	9701	9702	9710	9711	9713	9727	9736	9737	9738
2018-10-31 Wed	9302	9305	9309	9702	9704	9710	9711	9713	9722	9731	9732	9734
2018-11-01 Thu	9301	9302	9306	9710	9713	9719	9721	9726	9728	9729	9738
2018-11-02 Fri	9301	9302	9304	9307	9704	9706	9712	9721	9732	9733	9735
2018-11-05 Mon	9123	9307	9308	9700	9706	9707	9719	9720	9727	9734	9737
2018-11-06 Tue	9301	9304	9306	9308	9310	9311	9312	9701	9705	9714	9717	9719
2018-11-07 Wed	9305	9306	9307	9308	9310	9709	9710	9712	9714	9728	9731	9734
2018-11-08 Thu	41605	9302	9306	9307	9308	9310	9718	9720	9728	9735	9737
2018-11-09 Fri	9301	9304	9305	9310	9705	9706	9707	9709	9714	9718	9720	9728	9735
2018-11-12 Mon	9309	9700	9702	9704	9707	9714	9727	9730
2018-11-13 Tue	9301	9302	9303	9304	9305	9308	9311	9312	9700	9726	9731	9736
2018-11-14 Wed	9100	9113	9211	9307	9308	9311	9700	9702	9710	9717	9720	9734
2018-11-15 Thu	9302	9306	9308	9709	9712	9713	9717	9720	9722	9723	9726	9734	9737
2018-11-16 Fri	9100	9104	9112	9301	9303	9308	9311	9701	9707	9720	9726	9730	9738
2018-11-19 Mon	8021	9302	9306	9707	9710	9713	9720	9721	9722	9726	9738	9739
2018-11-20 Tue	9305	9306	9307	9309	9310	9311	9700	9711	9720	9721	9723	9730	9731
2018-11-21 Wed	9100	9122	9306	9311	9702	9705	9709	9710	9731	9732	9735
2018-11-23 Fri	9301	9303	9305	9311	9713	9715	9718	9722	9726	9730	9731	9736
2018-11-26 Mon	9304	9305	9308	9311	9701	9709	9712	9717	9722	9730	9735
2018-11-27 Tue	8057	9098	9306	9307	9311	9700	9705	9712	9721	9732	9733	9737
2018-11-28 Wed	9100	9303	9310	9312	9702	9707	9713	9715	9721	9727	9733
2018-11-29 Thu	9104	9306	9309	9700	9701	9705	9707	9709	9712	9723	9730	9737	9738
2018-11-30 Fri	9092	9301	9302	9303	9308	9702	9703	9710	9711	9712	9723
2018-12-03 Mon	9207	9301	9305	9306	9307	9700	9706	9709	9710	9728	9734	9735
2018-12-04 Tue	9095	9302	9304	9307	9310	9705	9707	9712	9723	9726	9727	9736
2018-12-05 Wed	9209	9305	9307	9308	9309	9312	9700	9702	9713	9714	9732	9736
2018-12-06 Thu	41512	9304	9307	9308	9309	9310	9705	9720	9722	9728	9735	9736
2018-12-07 Fri	9110	9304	9306	9308	9311	9701	9712	9717	9726	9727	9731	9734	9735
2018-12-10 Mon	9212	9302	9303	9312	9700	9707	9712	9717	9718	9721	9735
2018-12-11 Tue	9205	9303	9305	9306	9309	9310	9312	9702	9713	9716	9723	9736
2018-12-12 Wed	9094	9098	9302	9303	9304	9305	9312	9700	9705	9715	9727	9730	9731
2018-12-13 Thu	41511	9123	9302	9306	9307	9310	9702	9711	9712	9714	9723	9736
2018-12-14 Fri	8035	9207	9221	9305	9307	9309	9310	9706	9713	9715	9730	9739
2018-12-17 Mon	9109	9123	9221	9302	9305	9700	9701	9706	9715	9720	9722	9738
2018-12-18 Tue	9105	9303	9306	9307	9312	9700	9703	9714	9715	9721	9722	9723	9733
2018-12-19 Wed	9094	9304	9305	9306	9307	9308	9702	9714	9715	9730	9733	9734	9737
2018-12-20 Thu	9101	9301	9302	9305	9309	9700	9713	9720	9721	9727	9728
2018-12-21 Fri	9302	9303	9304	9306	9311	9312	9705	9706	9722	9723	9727	9730
2018-12-24 Mon	9095	9304	9307	9308	9310	9700	9709	9713	9718	9727	9728
2018-12-26 Wed	8034	9304	9305	9306	9309	9310	9702	9714	9715	9717	9727	9734
2018-12-27 Thu	9122	9304	9305	9307	9310	9311	9312	9711	9713	9717	9728	9731	9739
2018-12-28 Fri	9093	9096	9101	9109	9305	9306	9307	9308	9310	9312	9702	9707	9718
2018-12-31 Mon	9309	9312	9700	9710	9722	9736
2019-01-02 Wed	9222	9301	9303	9304	9310	9312	9700	9702	9714	9726	9727	9728
2019-01-03 Thu	9301	9302	9305	9312	9700	9709	9713	9714	9726	9730	9738
2019-01-04 Fri	9206	9301	9303	9308	9310	9312	9707	9711	9717	9723	9728	9732	9738
2019-01-07 Mon	9700	9705	9713	9723	9726	9727	9731	9733	9736	9738
2019-01-08 Tue	41505	9305	9311	9312	9702	9713	9722	9723	9731	9738
2019-01-09 Wed	41507	9302	9303	9304	9305	9701	9709	9712	9713	9714	9717	9728	9731
2019-01-10 Thu	41513	9302	9305	9309	9310	9706	9712	9721	9726	9727	9731	9738
2019-01-11 Fri	41508	9301	9302	9304	9308	9310	9704	9710	9725	9731	9733	9736	9739
2019-01-14 Mon	9303	9700	9707	9709	9711	9714	9719	9727	9728	9730	9736
