2018-09-20 Thu	41504	41505	41511	41513	41514	41515	41516	41604	61401	61407	9095	9097	9098	9106	9109	9110	9203	9206	9207	9211	9212	9213	9217	9221	9705	9717	9718	9727	9732	9738	9739
2018-09-21 Fri	41503	41504	41505	41506	41511	41512	41513	41514	41516	41517	41605	61407	9094	9095	9096	9097	9098	9103	9104	9109	9110	9122	9123	9201	9204	9206	9212	9213	9215	9218	9219	9220	9222	9301	9304	9307	9310	9702	9703	9706	9711	9714	9715	9719	9721	9727	9731	9732	9736	9738	9739
2018-09-24 Mon	41501	41502	41504	41505	41506	41508	41509	41510	41512	41513	41516	41517	41603	41605	9094	9097	9098	9100	9103	9104	9106	9107	9109	9110	9112	9202	9208	9212	9213	9217	9218	9219	9220	9221	9301	9303	9306	9308	9310	9702	9703	9704	9705	9706	9709	9712	9713	9714	9715	9716	9717	9720	9729	9732	9733	9737
2018-09-25 Tue	41501	41504	41505	41506	41507	41508	41509	41511	41513	41516	41602	41605	9093	9095	9099	9101	9105	9107	9109	9111	9112	9113	9122	9201	9205	9206	9207	9208	9210	9211	9213	9214	9215	9219	9222	9301	9304	9306	9310	9312	9701	9702	9704	9707	9720	9722	9723	9725	9727	9731	9737	9738	9739
2018-09-26 Wed	41501	41503	41505	41506	41508	41511	41512	41513	41514	41517	41603	8021	8034	8055	9092	9093	9098	9101	9103	9104	9107	9109	9110	9111	9112	9203	9205	9207	9208	9217	9218	9220	9221	9222	9303	9304	9311	9702	9704	9706	9707	9713	9715	9716	9718	9722	9725	9726	9731	9732	9737	9738
2018-09-27 Thu	41501	41502	41503	41504	41507	41509	41510	41511	41512	41514	41516	41601	41603	41605	9092	9094	9097	9099	9101	9103	9104	9107	9109	9110	9111	9113	9202	9203	9205	9211	9213	9216	9217	9220	9222	9301	9302	9305	9310	9311	9312	9701	9702	9703	9704	9705	9707	9712	9714	9720	9721	9726	9731	9733
2018-09-28 Fri	41502	41504	41505	41506	41508	41509	41510	41511	41514	41515	41603	41604	41605	9093	9094	9096	9098	9099	9101	9105	9107	9109	9111	9113	9122	9123	9201	9203	9208	9212	9213	9215	9217	9219	9221	9301	9304	9310	9701	9702	9704	9711	9712	9713	9714	9715	9717	9719	9723	9732	9737	9738
2018-09-30 Sun	9728
2018-10-01 Mon	41501	41502	41504	41505	41506	41507	41508	41511	41512	41513	41514	41516	41602	41605	9093	9096	9098	9101	9104	9105	9106	9107	9110	9111	9202	9204	9205	9210	9215	9216	9218	9219	9303	9307	9309	9310	9705	9706	9709	9711	9719	9721	9723	9726	9728	9730	9731	9732	9736	9737	9738	9739
2018-10-02 Tue	41501	41503	41504	41506	41507	41508	41510	41513	41514	41515	41516	41602	41603	41604	9092	9093	9094	9096	9098	9099	9100	9103	9105	9106	9109	9110	9111	9112	9113	9123	9204	9211	9213	9218	9219	9220	9301	9303	9304	9306	9702	9704	9709	9710	9711	9712	9713	9716	9717	9718	9719	9720	9723	9725	9730	9737	9738	9739
2018-10-03 Wed	41502	41503	41505	41507	41508	41513	41514	41515	41517	41601	41602	9092	9093	9097	9098	9099	9100	9101	9105	9107	9108	9109	9111	9112	9123	9202	9207	9208	9209	9211	9216	9218	9220	9221	9222	9302	9303	9309	9310	9704	9705	9706	9707	9710	9711	9713	9715	9717	9718	9720	9723	9727	9737	9738
