2018-09-20 Thu	41503	41507	41509	8044	9093	9103	9108	9207	9214	9217	9308	9309	9706	9712	9715	9727	9737
2018-09-21 Fri	41507	41508	41509	41515	9095	9097	9098	9106	9107	9112	9123	9203	9210	9212	9215	9218	9220	9305	9312	9703	9704	9712	9715	9721	9727	9730	9732
2018-09-23 Sun	9714	9733
2018-09-24 Mon	41501	41505	41506	41508	41509	41510	41513	9093	9094	9097	9103	9110	9201	9216	9218	9219	9220	9308	9311	9714	9719	9720	9729	9730	9733	9738
2018-09-25 Tue	41503	41504	41506	41507	41510	41513	41601	41602	9094	9095	9099	9101	9111	9113	9122	9123	9203	9205	9206	9220	9311	9706	9709	9713	9717	9727	9731	9732	9737	9738	9739
2018-09-26 Wed	41506	41510	41511	41513	41517	41603	9093	9104	9106	9110	9123	9203	9205	9210	9211	9217	9220	9222	9701	9703	9704	9706	9713	9715	9731	9732	9737	9738	9739
2018-09-27 Thu	41502	41505	41506	41509	41511	41513	41514	41517	9101	9103	9109	9111	9113	9122	9202	9210	9213	9216	9702	9703	9704	9712	9713	9720	9722	9727	9731	9737
2018-09-28 Fri	41503	41506	41507	41509	41512	41513	41515	41603	41604	9095	9098	9099	9103	9105	9202	9204	9212	9217	9221	9305	9307	9701	9706	9710	9712	9713	9730	9737
2018-09-30 Sun	9709	9723
2018-10-01 Mon	41504	41505	41506	41511	41514	41516	41517	41601	41602	9095	9096	9103	9104	9105	9113	9122	9205	9206	9220	9222	9305	9707	9709	9713	9716	9723	9728	9729	9730	9731	9737
2018-10-02 Tue	41502	41505	41506	41507	41508	41513	41515	41516	41517	41604	9092	9096	9099	9100	9105	9112	9123	9204	9209	9210	9302	9305	9705	9713	9716	9717	9723	9726	9728	9739
2018-10-03 Wed	41501	41502	41504	41505	41508	41509	41511	41515	41517	41604	9100	9105	9109	9110	9112	9202	9204	9211	9219	9301	9307	9309	9705	9715	9720	9723	9729	9731	9737	9738
2018-10-04 Thu	41501	41502	41503	41507	41508	41511	41515	41516	9097	9103	9104	9111	9122	9207	9216	9218	9219	9220	9221	9304	9307	9309	9704	9711	9720	9728	9729	9731	9733
2018-10-05 Fri	41501	41502	41504	41508	41512	41514	41603	9097	9104	9105	9109	9122	9206	9210	9212	9215	9222	9301	9305	9310	9706	9707	9720	9729	9731	9733	9737
2018-10-07 Sun	9731
2018-10-08 Mon	41503	41504	41505	41509	41512	41513	41515	41516	41517	9097	9098	9105	9106	9107	9108	9123	9205	9213	9221	9222	9306	9308	9715	9722	9723	9729	9731	9733	9738
2018-10-09 Tue	41501	41502	41505	41510	41516	41517	41601	9092	9098	9101	9110	9122	9201	9203	9214	9215	9218	9219	9221	9301	9312	9709	9719	9722	9723	9726	9731	9732	9736	9738
2018-10-10 Wed	41504	41507	41508	41511	41512	41513	41515	41604	9093	9094	9097	9098	9103	9107	9204	9211	9215	9216	9308	9310	9701	9706	9712	9713	9715	9716	9727	9731	9733	9736	9738
2018-10-11 Thu	41502	41508	41513	41514	41515	41517	41604	41605	9099	9104	9107	9110	9111	9203	9205	9206	9210	9217	9301	9302	9703	9704	9711	9715	9716	9727	9731	9732
2018-10-12 Fri	41501	41502	41505	41506	41507	41513	41515	41516	41602	9094	9095	9101	9103	9107	9212	9218	9220	9305	9306	9703	9707	9715	9719	9730	9731	9733	9737
2018-10-14 Sun	9308	9722
2018-10-15 Mon	41502	41511	41512	9096	9098	9101	9105	9108	9109	9112	9123	9204	9210	9213	9214	9215	9222	9302	9306	9308	9310	9706	9709	9720	9722	9723	9737	9739
2018-10-16 Tue	41511	41512	41603	9092	9093	9095	9098	9100	9104	9105	9107	9203	9205	9206	9208	9215	9217	9218	9219	9302	9306	9700	9705	9706	9709	9711	9712	9722	9732
2018-10-17 Wed	41506	41509	41510	41513	41603	9096	9098	9101	9106	9109	9112	9205	9207	9215	9217	9219	9221	9303	9305	9309	9700	9715	9718	9720	9722	9723	9729	9737
2018-10-18 Thu	41502	41505	41507	41511	41517	41602	9099	9101	9103	9105	9107	9113	9202	9207	9208	9213	9215	9219	9220	9221	9303	9311	9700	9713	9714	9715	9723	9730	9732	9733
2018-10-19 Fri	41503	41504	41505	41511	41603	9092	9093	9097	9103	9105	9111	9203	9208	9211	9213	9216	9220	9222	9301	9302	9311	9312	9701	9704	9713	9718	9732	9738
2018-10-21 Sun	9307	9701
2018-10-22 Mon	41502	41509	41510	41515	41517	61401	9100	9104	9108	9109	9111	9112	9202	9203	9204	9205	9206	9213	9217	9221	9304	9307	9309	9310	9701	9712	9713	9721	9727	9731
2018-10-23 Tue	41503	41506	41602	9097	9104	9106	9107	9108	9110	9112	9122	9201	9203	9204	9207	9208	9211	9212	9219	9220	9222	9304	9308	9309	9311	9705	9710	9712	9714	9717	9729	9734
2018-10-24 Wed	41501	41502	41504	41512	41602	8034	9093	9100	9109	9110	9112	9113	9201	9202	9212	9217	9219	9221	9301	9302	9305	9704	9705	9712	9713	9729	9732	9734
2018-10-25 Thu	41502	41504	41506	41516	41517	9097	9100	9101	9110	9111	9122	9123	9201	9202	9204	9205	9207	9208	9211	9216	9301	9305	9308	9312	9704	9710	9722	9733
2018-10-26 Fri	41505	41512	41517	9093	9094	9095	9106	9111	9208	9212	9213	9216	9217	9218	9219	9220	9221	9303	9305	9309	9310	9704	9706	9713	9717	9719	9733	9737
2018-10-28 Sun	9308	9713
2018-10-29 Mon	41509	41511	41602	41605	9094	9096	9097	9107	9109	9113	9122	9202	9204	9206	9207	9208	9215	9217	9218	9220	9306	9308	9310	9312	9713	9719	9729	9731	9732	9733	9736
2018-10-30 Tue	41502	41508	41515	41517	41603	9092	9094	9099	9101	9106	9109	9122	9205	9206	9209	9212	9213	9215	9217	9218	9221	9307	9311	9312	9704	9710	9714	9729	9731	9732
2018-10-31 Wed	41504	41507	41510	41512	41517	9094	9098	9103	9106	9111	9123	9202	9204	9208	9213	9214	9217	9219	9301	9303	9304	9307	9311	9705	9714	9718	9729	9733	9737
2018-11-01 Thu	41505	41514	41602	9093	9094	9098	9122	9123	9205	9206	9207	9209	9219	9220	9222	9303	9305	9306	9307	9311	9705	9709	9714	9717	9723	9737
2018-11-02 Fri	41503	41508	41512	41513	41517	41604	9093	9096	9098	9110	9111	9122	9205	9206	9209	9211	9212	9222	9306	9311	9700	9702	9713	9714	9717	9718	9722	9731	9733
2018-11-04 Sun	9309	9709
2018-11-05 Mon	41501	41507	41511	41512	41513	41517	41601	9092	9096	9098	9107	9110	9112	9203	9208	9209	9211	9214	9216	9219	9302	9304	9305	9309	9705	9709	9718	9731	9738	9739
2018-11-06 Tue	41502	41503	41512	41513	41517	41602	9092	9093	9097	9103	9108	9122	9202	9207	9210	9213	9214	9215	9216	9222	9303	9304	9309	9310	9700	9702	9704	9720	9733	9738
2018-11-07 Wed	41506	41511	41514	41517	41603	9092	9095	9096	9097	9108	9123	9203	9205	9207	9211	9213	9215	9219	9220	9221	9301	9303	9305	9306	9308	9702	9705	9723	9736	9738
2018-11-08 Thu	41501	41502	41504	41507	41513	41514	41515	41604	9094	9096	9097	9103	9106	9113	9201	9203	9204	9207	9211	9213	9301	9304	9305	9306	9312	9702	9719	9723	9732	9733	9736
2018-11-09 Fri	41504	41510	41602	41604	9097	9098	9103	9106	9111	9112	9202	9207	9210	9211	9215	9217	9218	9219	9221	9303	9305	9306	9307	9309	9311	9704	9722	9723	9733
2018-11-11 Sun	9308	9722
2018-11-12 Mon	41502	41503	41512	41514	41605	9096	9103	9106	9113	9123	9201	9204	9206	9212	9216	9218	9219	9220	9301	9305	9308	9309	9312	9704	9722	9726	9728	9731	9734
2018-11-13 Tue	41503	41504	41505	41517	41605	9094	9098	9104	9105	9108	9203	9204	9206	9207	9208	9209	9215	9220	9222	9301	9304	9307	9309	9701	9704	9711	9713	9720	9727	9728
2018-11-14 Wed	41505	41517	41602	41604	9092	9093	9096	9104	9107	9201	9202	9203	9204	9207	9208	9209	9216	9221	9304	9306	9307	9309	9707	9712	9722	9727	9739
2018-11-15 Thu	41502	41511	41604	41605	8034	9093	9094	9096	9098	9108	9123	9201	9203	9205	9207	9211	9214	9218	9219	9220	9303	9307	9311	9312	9707	9715	9728	9735	9739
2018-11-16 Fri	41502	41504	41506	41514	41515	41604	41605	8034	9092	9093	9097	9106	9110	9201	9203	9205	9208	9211	9216	9219	9302	9305	9307	9312	9709	9711	9717	9723	9732
2018-11-18 Sun	9723
2018-11-19 Mon	41502	41503	41507	41514	41516	41517	9093	9098	9100	9104	9107	9112	9123	9206	9209	9211	9213	9214	9217	9219	9220	9303	9304	9305	9709	9711	9723	9733	9737
2018-11-20 Tue	41507	41511	41512	41513	41514	41604	41605	9099	9100	9104	9107	9108	9109	9201	9207	9209	9215	9216	9217	9218	9219	9302	9303	9310	9311	9702	9707	9710	9712	9713	9738
2018-11-21 Wed	41504	41509	41511	41513	41603	8021	9092	9095	9096	9103	9107	9113	9201	9204	9205	9208	9212	9215	9217	9218	9219	9308	9310	9700	9711	9713	9721	9722	9739
2018-11-22 Thu	9306
2018-11-23 Fri	41502	41506	41514	41517	41602	41603	9094	9096	9100	9103	9107	9111	9112	9122	9206	9208	9211	9212	9214	9222	9304	9306	9307	9311	9312	9712	9714	9717
2018-11-25 Sun	9707	9732
2018-11-26 Mon	41502	41509	41511	41515	41604	8034	9095	9098	9105	9109	9111	9112	9113	9122	9123	9201	9204	9208	9212	9213	9216	9221	9301	9305	9310	9702	9707	9718	9728	9730	9732	9738
2018-11-27 Tue	41502	41514	41517	41603	41604	8055	9095	9096	9100	9103	9104	9109	9201	9202	9206	9210	9212	9215	9217	9301	9307	9308	9701	9707	9711	9714	9722	9730	9738
2018-11-28 Wed	41503	41514	41602	8021	9092	9094	9098	9105	9109	9122	9203	9207	9208	9210	9214	9215	9218	9222	9302	9306	9307	9310	9711	9712	9722	9726	9731	9736
2018-11-29 Thu	41503	41508	41515	41517	41605	8059	9092	9094	9098	9106	9108	9110	9122	9202	9203	9206	9208	9212	9214	9218	9302	9303	9305	9306	9310	9311	9711	9714	9720	9739
2018-11-30 Fri	41503	41504	41506	41515	41516	41603	41604	9098	9104	9108	9109	9122	9205	9208	9210	9214	9218	9221	9306	9307	9310	9701	9714	9715	9727	9733	9736
2018-12-02 Sun	9723	9733
2018-12-03 Mon	41504	41505	41512	41517	8034	9097	9099	9100	9104	9111	9201	9202	9214	9216	9217	9218	9219	9220	9222	9304	9305	9312	9705	9713	9720	9723	9731	9733	9737	9738
2018-12-04 Tue	41501	41503	41506	41516	41517	41603	41605	9093	9097	9101	9111	9113	9122	9201	9205	9213	9216	9217	9221	9301	9302	9304	9311	9312	9700	9703	9710	9728	9733	9735	9737
2018-12-05 Wed	41501	41502	41508	41604	41605	8034	9096	9097	9100	9104	9109	9110	9201	9205	9206	9208	9216	9217	9221	9301	9302	9308	9310	9311	9709	9713	9718	9722	9728	9731	9734
2018-12-06 Thu	41508	41511	41512	41514	41515	9094	9096	9099	9109	9110	9112	9206	9208	9211	9215	9216	9217	9219	9220	9306	9309	9310	9700	9707	9713	9721	9723	9727	9732	9733
2018-12-07 Fri	41501	41503	41508	41602	9092	9093	9098	9100	9104	9106	9108	9201	9202	9205	9208	9210	9211	9219	9222	9306	9307	9309	9705	9711	9714	9718	9720	9723	9732
2018-12-09 Sun	9301	9702
2018-12-10 Mon	41505	41506	41508	41603	9095	9098	9101	9106	9107	9112	9113	9203	9206	9208	9209	9211	9214	9216	9218	9220	9301	9306	9310	9312	9702	9703	9705	9715	9720	9737
2018-12-11 Tue	41508	41513	41514	41515	41517	41604	41605	8069	9092	9100	9101	9109	9203	9204	9212	9214	9218	9221	9222	9301	9304	9306	9307	9308	9703	9714	9722	9726
2018-12-12 Wed	41512	41515	41517	41605	9092	9093	9103	9106	9122	9123	9202	9205	9206	9207	9209	9213	9214	9216	9217	9222	9304	9307	9308	9310	9706	9723	9732	9734	9736
2018-12-13 Thu	41502	41503	41511	41517	41602	8055	9097	9098	9099	9105	9108	9122	9203	9204	9208	9212	9214	9217	9218	9303	9304	9305	9307	9308	9309	9312	9701	9723	9732	9734
2018-12-14 Fri	41503	41504	41511	41512	9097	9101	9106	9108	9109	9112	9122	9201	9203	9205	9216	9218	9219	9302	9303	9304	9309	9716	9723	9727	9731	9734
2018-12-16 Sun	9304
2018-12-17 Mon	41506	41515	41516	41604	8034	8035	9092	9097	9098	9100	9103	9104	9107	9201	9202	9210	9213	9218	9219	9220	9303	9304	9305	9308	9310	9312	9712	9727	9728	9731	9734	9738
2018-12-18 Tue	41501	41502	41505	41506	41512	41603	8034	9107	9109	9112	9113	9122	9123	9203	9207	9212	9213	9214	9218	9221	9307	9308	9311	9312	9702	9712	9722	9727	9728	9732	9734	9738
2018-12-19 Wed	41501	41508	41510	41511	41513	41603	9097	9099	9103	9106	9123	9202	9204	9208	9209	9211	9220	9221	9302	9308	9311	9312	9703	9705	9706	9712	9713	9731	9734
2018-12-20 Thu	41506	41511	41517	41601	41604	8043	9097	9103	9108	9111	9122	9204	9205	9209	9210	9216	9218	9220	9221	9303	9304	9306	9311	9703	9705	9716	9731	9738	9739
2018-12-21 Fri	41512	41517	41603	41605	8044	9096	9101	9103	9111	9123	9202	9206	9208	9212	9214	9218	9219	9220	9221	9304	9306	9703	9707	9712	9716	9726	9731	9734	9739
2018-12-23 Sun	9306
2018-12-24 Mon	41503	41504	41507	41510	41511	41516	41601	41602	9096	9098	9099	9101	9105	9112	9113	9203	9205	9206	9207	9219	9301	9305	9306	9707	9712	9718	9721	9723	9730	9736
2018-12-25 Tue	9301	9304	9709
2018-12-26 Wed	41503	41504	41511	41513	41514	41516	41602	8059	9101	9103	9107	9111	9112	9123	9202	9203	9208	9211	9214	9304	9305	9311	9702	9707	9709	9711	9712	9727	9737	9739
2018-12-27 Thu	41501	41502	41503	41507	41511	41601	8034	8043	9095	9097	9101	9111	9112	9210	9211	9219	9220	9222	9304	9305	9309	9310	9702	9707	9712	9715	9718	9730	9732
2018-12-28 Fri	41502	41503	41504	41507	41510	41604	8021	9093	9097	9105	9107	9108	9112	9122	9202	9207	9211	9217	9219	9220	9221	9303	9310	9700	9710	9713	9715	9726	9733	9737
2018-12-31 Mon	41505	41507	9101	9105	9203	9205	9207	9211	9212	9213	9302	9311	9714	9733
2019-01-01 Tue	9301	9733
2019-01-02 Wed	41506	41512	41516	41517	41603	9095	9100	9103	9107	9108	9205	9206	9207	9209	9210	9211	9214	9215	9218	9301	9302	9305	9308	9309	9311	9705	9732	9733
2019-01-03 Thu	41501	41508	41510	41515	41516	9093	9101	9108	9111	9123	9201	9207	9209	9216	9217	9221	9222	9304	9305	9306	9310	9702	9705	9707	9717	9722	9731	9732
2019-01-04 Fri	41509	41512	41517	9093	9096	9097	9098	9100	9123	9202	9203	9208	9209	9212	9213	9215	9217	9220	9221	9302	9305	9306	9307	9312	9702	9703	9706	9731
2019-01-06 Sun	9302	9711
2019-01-07 Mon	41503	41511	41512	41602	9095	9099	9101	9105	9107	9111	9201	9205	9206	9209	9212	9214	9215	9218	9222	9301	9302	9305	9309	9311	9709	9711	9716	9725	9734	9737
2019-01-08 Tue	41502	41510	41602	8021	9095	9097	9099	9109	9123	9201	9202	9205	9206	9215	9217	9220	9221	9303	9306	9310	9311	9704	9705	9706	9707	9717	9721	9734	9737
2019-01-09 Wed	41501	41509	41514	41517	41603	9093	9095	9096	9097	9099	9104	9111	9203	9205	9208	9210	9213	9214	9215	9218	9221	9301	9303	9309	9310	9704	9711	9716	9721	9733	9734
2019-01-10 Thu	41506	41510	41511	41517	41602	9099	9102	9103	9104	9105	9106	9110	9203	9205	9208	9210	9213	9215	9219	9303	9306	9309	9707	9713	9715	9717	9723
2019-01-11 Fri	41505	41507	41514	41604	9093	9108	9110	9112	9122	9123	9202	9203	9208	9210	9211	9213	9217	9218	9219	9220	9303	9307	9707	9711	9712	9713	9715	9717
2019-01-13 Sun	9305	9701
2019-01-14 Mon	41506	41509	41513	41517	41601	9097	9099	9104	9111	9112	9113	9122	9123	9204	9206	9207	9217	9219	9220	9301	9302	9304	9305	9306	9701	9704	9707	9712	9713	9731
