2018-09-20 Thu	41511	41513	41514	41605	61401	9095	9122	9203	9310	9706	9707	9711	9714	9728	9737	9738
2018-09-21 Fri	41513	41516	61407	9098	9100	9109	9113	9122	9307	9312	9705	9706	9714	9715	9719	9721	9723	9725	9726	9727	9730	9732	9738	9739
2018-09-22 Sat	9307	9702	9703	9704	9705	9707	9713	9714	9715	9717	9718	9720	9721	9725	9727	9729	9730	9732	9733	9736	9739
2018-09-23 Sun	9705	9711	9712	9716	9720	9726	9727	9729	9732	9733	9738
2018-09-24 Mon	41512	41516	9103	9212	9218	9220	9222	9304	9305	9308	9310	9704	9706	9709	9714	9715	9717	9719	9720	9723	9727	9733	9736	9737	9738
2018-09-25 Tue	41509	9093	9097	9099	9107	9201	9219	9303	9306	9308	9309	9310	9312	9701	9702	9713	9717	9726	9727	9729	9731	9732	9737	9738
2018-09-26 Wed	41502	41503	41517	9093	9098	9111	9211	9222	9303	9307	9311	9706	9707	9712	9713	9715	9720	9721	9725	9726	9731	9732	9738	9739
2018-09-27 Thu	41601	41603	41605	9099	9109	9113	9217	9222	9302	9311	9701	9702	9703	9704	9707	9712	9713	9716	9717	9721	9729	9730	9731	9737
2018-09-28 Fri	41502	41513	41605	61401	8034	9096	9099	9203	9213	9219	9302	9303	9305	9310	9312	9701	9704	9711	9713	9714	9716	9717	9718	9725	9726	9732	9737
2018-09-29 Sat	9303	9310	9311	9312	9701	9703	9706	9711	9712	9713	9714	9715	9716	9717	9718	9720	9729	9730	9731	9732	9736	9739
2018-09-30 Sun	9701	9703	9704	9706	9707	9716	9717	9726	9728	9730	9738	9739
2018-10-01 Mon	41507	41508	41512	9099	9104	9215	9301	9304	9307	9309	9310	9702	9705	9709	9711	9716	9717	9718	9719	9721	9723	9726	9728	9730	9731
2018-10-02 Tue	41501	41506	9093	9096	9111	9123	9219	9301	9303	9308	9712	9713	9715	9716	9717	9718	9719	9720	9723	9726	9728	9729	9736	9738	9739
2018-10-03 Wed	41503	9093	9097	9109	9122	9207	9218	9301	9306	9309	9310	9705	9707	9709	9710	9711	9713	9715	9721	9723	9726	9727	9729	9736	9737
2018-10-04 Thu	41507	41604	9105	9111	9206	9215	9222	9306	9307	9309	9312	9704	9705	9706	9707	9709	9711	9712	9716	9720	9721	9728	9730	9731	9737
2018-10-05 Fri	41509	41516	41604	9097	9099	9209	9216	9218	9304	9305	9307	9312	9701	9702	9705	9707	9711	9712	9715	9720	9721	9722	9729	9730	9733	9737
2018-10-06 Sat	9704	9705	9706	9712	9713	9714	9716	9717	9719	9723	9726	9737	9738	9739
2018-10-07 Sun	9701	9707	9709	9717	9718	9720	9721	9722	9731	9732	9733
2018-10-08 Mon	41506	41512	41514	9203	9209	9218	9301	9304	9307	9310	9311	9704	9707	9711	9712	9713	9715	9719	9723	9729	9730	9731	9733	9737	9738
2018-10-09 Tue	41504	41514	9105	9207	9211	9218	9301	9306	9309	9312	9705	9706	9707	9709	9711	9714	9715	9716	9720	9722	9726	9729	9731	9738
2018-10-10 Wed	41511	41517	9093	9112	9122	9215	9217	9221	9306	9700	9701	9702	9705	9712	9713	9716	9717	9719	9722	9729	9731	9736	9737	9738
2018-10-11 Thu	9093	9099	9103	9213	9214	9220	9302	9704	9705	9706	9712	9713	9714	9715	9716	9717	9718	9719	9721	9727	9729	9730	9731	9733
2018-10-12 Fri	41514	9104	9113	9201	9210	9215	9220	9306	9309	9312	9703	9705	9707	9715	9717	9718	9720	9727	9729	9731	9732	9733	9737	9738	9739
2018-10-13 Sat	9702	9704	9705	9706	9709	9711	9715	9718	9719	9720	9722	9723	9726	9731	9737	9738
2018-10-14 Sun	9701	9703	9709	9713	9714	9719	9723	9726	9727	9732	9739
2018-10-15 Mon	41505	41506	9107	9108	9110	9211	9303	9307	9308	9310	9702	9703	9705	9706	9709	9715	9718	9722	9723	9726	9727	9730	9732	9733	9737
2018-10-16 Tue	41506	41509	9094	9100	9107	9202	9222	9302	9306	9309	9310	9312	9700	9702	9705	9706	9709	9721	9722	9728	9733	9737	9739
2018-10-17 Wed	41514	9100	9103	9106	9108	9109	9111	9302	9303	9304	9305	9307	9309	9312	9700	9702	9706	9715	9718	9720	9723	9729	9730	9731	9736
2018-10-18 Thu	41515	41603	61402	9092	9093	9109	9111	9113	9303	9311	9703	9705	9714	9715	9721	9722	9723	9726	9727	9731	9732	9733	9736	9738
2018-10-19 Fri	41506	41511	41513	61402	9095	9105	9113	9202	9302	9303	9304	9306	9309	9311	9312	9702	9704	9706	9711	9713	9714	9718	9722	9723	9728	9737
2018-10-20 Sat	9700	9701	9702	9705	9714	9716	9720	9723	9726	9727	9728	9729	9732	9733	9736	9738
2018-10-21 Sun	9704	9712	9713	9714	9717	9721	9730	9731	9732	9733	9739
2018-10-22 Mon	41505	41513	51402	9093	9106	9108	9209	9307	9309	9310	9701	9702	9705	9706	9711	9712	9722	9730	9731	9732	9734	9739
2018-10-23 Tue	41504	41506	41512	61403	61404	9098	9105	9122	9303	9304	9305	9306	9308	9309	9702	9705	9712	9713	9714	9717	9718	9720	9723	9728	9739
2018-10-24 Wed	41509	61404	9094	9096	9100	9103	9108	9215	9302	9303	9304	9305	9312	9700	9701	9705	9709	9714	9729	9734	9736	9737	9739
2018-10-25 Thu	41501	41507	61403	9093	9096	9097	9219	9301	9302	9303	9305	9306	9307	9308	9702	9704	9705	9714	9716	9722	9723	9727	9728	9729
2018-10-26 Fri	41503	41511	41515	61403	9099	9111	9113	9301	9302	9303	9305	9309	9310	9311	9700	9704	9709	9710	9720	9722	9726	9728	9733	9736	9737
2018-10-27 Sat	9700	9704	9705	9709	9711	9712	9713	9714	9718	9721	9722	9723	9726	9727	9728	9730	9733	9738
2018-10-28 Sun	9701	9702	9704	9705	9717	9718	9719	9721	9727	9732	9733	9738
2018-10-29 Mon	41501	41504	41517	51403	9096	9099	9123	9221	9306	9308	9309	9312	9705	9706	9710	9713	9714	9721	9723	9726	9732	9733	9737	9739
2018-10-30 Tue	9092	9093	9097	9108	9207	9211	9221	9305	9307	9312	9701	9707	9709	9710	9712	9713	9719	9720	9722	9723	9728	9729	9731	9733
2018-10-31 Wed	41503	41515	61402	9098	9104	9107	9220	9301	9302	9303	9304	9305	9700	9705	9706	9714	9717	9718	9720	9721	9722	9728	9729	9736
2018-11-01 Thu	41504	41515	41517	61402	61404	9094	9104	9111	9123	9301	9305	9307	9311	9702	9705	9706	9710	9712	9714	9719	9722	9723	9732	9735	9737
2018-11-02 Fri	41506	41512	41515	61407	9097	9103	9107	9110	9303	9311	9700	9712	9717	9719	9722	9723	9726	9729	9730	9732	9733	9734	9736	9739
2018-11-03 Sat	9700	9702	9704	9709	9717	9718	9721	9722	9723	9726	9727	9735	9738	9739
2018-11-04 Sun	9700	9710	9714	9718	9720	9721	9729	9735	9736	9737
2018-11-05 Mon	41503	41515	51402	61401	61404	9096	9103	9210	9304	9305	9309	9311	9700	9701	9705	9706	9709	9711	9714	9720	9723	9728	9737	9738
2018-11-06 Tue	41501	41507	41510	61402	61404	9092	9100	9108	9303	9304	9309	9310	9312	9700	9701	9702	9709	9714	9722	9728	9730	9731	9735	9736	9738
2018-11-07 Wed	41513	41605	61403	61404	9098	9108	9205	9301	9302	9303	9306	9308	9309	9702	9706	9709	9719	9720	9726	9727	9730	9732	9739
2018-11-08 Thu	41505	41517	8034	9098	9103	9110	9221	9301	9302	9304	9305	9307	9308	9311	9700	9705	9706	9719	9722	9723	9726	9728	9730	9732	9737	9738
2018-11-09 Fri	41514	41517	61401	61402	9096	9097	9123	9301	9303	9305	9306	9309	9706	9714	9717	9718	9722	9723	9727	9731	9732	9733	9734	9739
2018-11-10 Sat	9301	9308	9311	9702	9706	9710	9712	9714	9720	9721	9722	9726	9728	9731	9735	9736	9737	9738
2018-11-11 Sun	9700	9701	9702	9705	9717	9718	9721	9727	9728	9736	9737	9738
2018-11-12 Mon	41505	41517	41605	9092	9103	9110	9113	9202	9213	9301	9305	9308	9312	9701	9702	9706	9709	9711	9713	9720	9721	9722	9726	9728	9738	9739
2018-11-13 Tue	41502	41503	41511	41604	61404	9098	9108	9112	9301	9302	9303	9304	9309	9700	9704	9709	9710	9712	9720	9722	9728	9730	9731	9734	9736	9739
2018-11-14 Wed	41507	41511	41513	41601	9093	9095	9100	9106	9301	9304	9306	9308	9309	9702	9707	9713	9717	9718	9721	9723	9726	9727	9728	9733	9735
2018-11-15 Thu	41501	41506	41507	41517	51403	8068	9093	9103	9107	9302	9306	9307	9309	9310	9311	9700	9702	9715	9717	9722	9727	9728	9733	9736	9737	9739
2018-11-16 Fri	41511	41517	61403	61405	9092	9097	9100	9104	9206	9222	9302	9303	9304	9307	9308	9312	9701	9711	9712	9717	9718	9721	9722	9723	9727	9737
2018-11-17 Sat	61402	61407	9701	9702	9705	9717	9718	9720	9721	9723	9726	9727	9728	9730	9732	9734	9737	9739
2018-11-18 Sun	9700	9711	9720	9721	9727	9730	9732	9733	9735	9737	9739
2018-11-19 Mon	41506	41512	41515	61401	9093	9094	9107	9205	9303	9304	9305	9306	9308	9309	9705	9709	9717	9721	9722	9723	9726	9727	9731	9734
2018-11-20 Tue	41508	41510	61402	9098	9100	9104	9107	9208	9302	9303	9304	9305	9311	9312	9702	9707	9709	9711	9715	9720	9721	9726	9731	9733	9737	9738	9739
2018-11-21 Wed	41505	41514	41603	61407	9094	9095	9122	9215	9308	9310	9705	9707	9712	9713	9718	9721	9722	9726	9730	9732	9733	9735	9736	9739
2018-11-22 Thu	9308	9700	9711	9712	9715	9718	9722	9728	9730	9731	9734	9735
2018-11-23 Fri	41505	41508	41509	51403	61407	9105	9107	9109	9304	9305	9306	9307	9311	9707	9712	9715	9717	9721	9722	9728	9730	9733	9735	9737	9739
2018-11-24 Sat	9302	9311	9701	9711	9712	9714	9717	9718	9721	9726	9728	9730	9733	9735	9736	9738
2018-11-25 Sun	9302	9312	9702	9709	9711	9720	9721	9722	9727	9728	9730
2018-11-26 Mon	41507	41514	41604	61401	61405	9095	9108	9112	9203	9304	9305	9306	9308	9700	9702	9707	9709	9711	9712	9715	9728	9730	9732	9733	9738
2018-11-27 Tue	41503	41505	41507	51403	61405	9093	9095	9096	9099	9101	9301	9305	9308	9310	9311	9701	9705	9711	9714	9717	9720	9721	9726	9730	9733	9735	9737
2018-11-28 Wed	41501	41508	41513	61404	61406	9107	9108	9109	9113	9302	9306	9307	9310	9312	9701	9709	9710	9711	9718	9720	9727	9730	9733	9737	9738
2018-11-29 Thu	41501	41503	41515	41603	61402	61407	9101	9108	9110	9204	9305	9309	9310	9311	9700	9701	9702	9709	9711	9715	9717	9720	9728	9731	9733	9735	9736
2018-11-30 Fri	41505	41507	51403	9098	9101	9111	9215	9302	9303	9305	9306	9307	9308	9310	9312	9713	9714	9715	9721	9728	9732	9733	9734	9735	9736
2018-12-01 Sat	41515	51403	61402	61407	9092	9093	9099	9109	9112	9113	9201	9202	9206	9207	9210	9216
2018-12-02 Sun	9700	9709	9712	9713	9714	9726	9731	9732	9735	9738
2018-12-03 Mon	41503	41509	41511	61401	61403	9107	9111	9113	9207	9301	9304	9305	9700	9703	9705	9707	9709	9713	9721	9723	9727	9728	9731	9732	9733
2018-12-04 Tue	41502	41504	51402	9098	9101	9210	9301	9304	9307	9311	9312	9706	9710	9713	9720	9721	9723	9726	9728	9731	9733	9735	9737	9738
2018-12-05 Wed	41514	41515	41517	51402	9093	9097	9110	9221	9301	9302	9308	9309	9311	9701	9702	9703	9705	9707	9713	9720	9728	9732	9733	9734	9736	9739
2018-12-06 Thu	41502	41503	61403	61404	9100	9109	9123	9210	9301	9304	9305	9306	9309	9310	9703	9705	9706	9707	9713	9715	9721	9723	9726	9731	9732
2018-12-07 Fri	41502	41504	41605	61401	61406	9099	9100	9111	9301	9304	9305	9306	9307	9308	9309	9311	9706	9714	9718	9721	9722	9723	9732	9737	9739
2018-12-08 Sat	9700	9706	9711	9712	9714	9715	9717	9718	9722	9726	9731	9732	9737	9738
2018-12-09 Sun	9700	9709	9714	9720	9723	9731	9735	9736	9737	9739
2018-12-10 Mon	41501	41515	41516	9098	9109	9301	9307	9310	9312	9702	9703	9712	9714	9715	9716	9717	9720	9722	9723	9726	9728	9731	9732
2018-12-11 Tue	41503	41512	51403	61407	9092	9097	9112	9210	9301	9304	9306	9308	9310	9312	9701	9705	9711	9718	9720	9722	9723	9726	9735	9736
2018-12-12 Wed	41502	41512	41602	51403	9095	9122	9302	9304	9305	9307	9308	9312	9702	9705	9711	9714	9716	9718	9720	9721	9723	9726	9728	9732	9734
2018-12-13 Thu	41508	41512	41604	41605	61406	9094	9098	9106	9221	9302	9305	9307	9308	9309	9312	9702	9710	9712	9713	9714	9715	9716	9721	9723	9728	9732	9736
2018-12-14 Fri	41502	41506	41507	61406	61407	9107	9109	9215	9221	9303	9304	9307	9309	9310	9700	9706	9711	9716	9722	9723	9726	9730	9732	9734	9739
2018-12-15 Sat	9700	9702	9706	9712	9713	9714	9721	9723	9726	9727	9730	9731	9734	9738
2018-12-16 Sun	9711	9715	9720	9721	9726	9728	9730	9731	9732	9734
2018-12-17 Mon	41505	41507	41604	61403	61407	9099	9100	9123	9205	9216	9304	9308	9309	9310	9706	9711	9712	9714	9716	9723	9726	9730	9731	9734
2018-12-18 Tue	41501	41516	41604	51403	9098	9101	9123	9301	9303	9306	9312	9700	9701	9705	9706	9712	9713	9716	9721	9722	9728	9732	9734	9738
2018-12-19 Wed	41512	41513	41514	41517	9100	9101	9123	9211	9302	9306	9308	9309	9310	9311	9312	9700	9702	9705	9712	9713	9714	9718	9721	9728	9738
2018-12-20 Thu	41503	41505	41506	9105	9122	9123	9218	9302	9303	9305	9306	9311	9312	9702	9713	9714	9715	9716	9718	9730	9731	9732	9736	9738	9739
2018-12-21 Fri	41502	41510	61403	9095	9103	9105	9304	9305	9306	9307	9309	9312	9701	9705	9707	9710	9712	9713	9718	9720	9722	9726	9727	9733	9739
2018-12-22 Sat	9312	9702	9707	9711	9714	9715	9716	9723	9728	9730	9731	9734	9736	9737
2018-12-23 Sun	9702	9711	9714	9715	9720	9726	9728	9730	9733	9738	9739
2018-12-24 Mon	41502	41513	41514	61404	8034	9096	9103	9215	9305	9306	9310	9311	9312	9702	9705	9707	9714	9716	9718	9721	9727	9730	9733	9734
2018-12-25 Tue	9702	9712	9714	9715	9721	9723	9727	9736	9738	9739
2018-12-26 Wed	41505	41511	41512	61405	8044	9112	9122	9207	9304	9305	9307	9309	9311	9700	9702	9709	9715	9716	9721	9728	9732	9736	9737	9739
2018-12-27 Thu	41505	41509	41512	61406	9093	9111	9209	9217	9301	9304	9305	9307	9310	9702	9707	9710	9713	9714	9717	9718	9730	9732	9736	9737
2018-12-28 Fri	41505	41517	41605	9097	9109	9111	9305	9308	9310	9311	9700	9702	9705	9710	9711	9712	9713	9723	9726	9727	9728	9731	9737
2018-12-29 Sat	9714
2018-12-31 Mon	41512	41605	61402	9095	9103	9108	9111	9302	9304	9306	9703	9706	9709	9710	9714	9716	9723	9726	9728	9734
2019-01-01 Tue	9303	9700	9705	9712	9714	9717	9727	9728	9736	9739
2019-01-02 Wed	41508	41513	61402	9095	9111	9122	9213	9220	9301	9302	9303	9308	9311	9312	9700	9703	9709	9714	9722	9723	9731	9732	9733	9734
2019-01-03 Thu	41502	41506	41517	61403	9093	9105	9110	9214	9301	9302	9305	9306	9308	9310	9702	9705	9710	9714	9717	9718	9727	9730	9731	9732	9733	9739
2019-01-04 Fri	41502	41513	41602	51401	61405	9095	9103	9123	9302	9303	9305	9306	9312	9702	9703	9709	9711	9713	9715	9716	9717	9727	9736	9738
2019-01-05 Sat	9709	9710	9711	9712	9713	9715	9717	9722	9723	9726	9731	9733	9738	9739
2019-01-06 Sun	9703	9717	9718	9721	9723	9725	9728	9733	9734	9736	9739
2019-01-07 Mon	41504	41505	41516	61403	9095	9106	9301	9302	9303	9305	9309	9312	9711	9713	9716	9717	9718	9722	9727	9728	9731	9732	9733	9734	9737
2019-01-08 Tue	41507	41515	61401	9096	9098	9099	9221	9302	9303	9305	9306	9311	9705	9709	9711	9714	9715	9716	9717	9718	9721	9727	9733	9737	9738
2019-01-09 Wed	41505	41511	41512	61405	9104	9110	9113	9302	9303	9305	9308	9309	9310	9312	9704	9705	9706	9707	9716	9717	9721	9725	9733	9734	9738
2019-01-10 Thu	41502	41505	51403	9102	9103	9107	9206	9302	9303	9305	9306	9309	9310	9311	9700	9707	9714	9715	9723	9725	9728	9731	9733	9734
2019-01-11 Fri	41501	41506	41605	51402	9099	9101	9112	9208	9302	9303	9304	9307	9707	9710	9712	9715	9717	9719	9726	9727	9733	9734	9736
2019-01-12 Sat	9700	9707	9709	9711	9712	9715	9716	9719	9721	9725	9726	9727	9731	9733
2019-01-13 Sun	61401	61404	9308	9704	9710	9714	9721	9723	9725	9727	9730	9733	9739
2019-01-14 Mon	41516	41605	51401	61403	9106	9112	9122	9208	9301	9303	9304	9305	9306	9701	9704	9705	9716	9721	9726	9730	9731	9734	9738	9739
