2018-09-20 Thu	9112	9306	9307	9716	9720
2018-09-21 Fri	9104	9306	9308	9310	9702	9712	9719	9723	9733
2018-09-24 Mon	9109	9303	9306	9310	9311	9703	9705	9713	9723	9731
2018-09-25 Tue	9094	9304	9704	9705	9707	9714	9720	9726
2018-09-26 Wed	9123	9304	9703	9704	9711	9712	9718	9721	9731
2018-09-27 Thu	41506	9303	9304	9306	9706	9714	9730	9733
2018-09-28 Fri	41503	9303	9304	9307	9707	9710	9715	9718	9738
2018-10-01 Mon	9216	9303	9706	9707	9710	9711	9716	9731	9736	9739
2018-10-02 Tue	9103	9303	9304	9311	9702	9704	9705	9709	9711	9736
2018-10-03 Wed	9099	9302	9303	9307	9308	9702	9704	9706	9718	9721
2018-10-04 Thu	9207	9305	9308	9310	9713	9716	9718	9719	9726
2018-10-05 Fri	41512	9305	9308	9714	9726	9731	9738	9739
2018-10-08 Mon	9222	9306	9700	9702	9704	9705	9706	9709	9717	9736
2018-10-09 Tue	9106	9303	9304	9308	9705	9712	9716	9719	9727	9733
2018-10-10 Wed	9123	9216	9303	9304	9309	9706	9707	9709	9729
2018-10-11 Thu	8034	9109	9301	9304	9305	9308	9311	9709	9717	9722
2018-10-12 Fri	41506	9302	9305	9308	9704	9711	9714	9716	9718	9736
2018-10-15 Mon	9098	9305	9309	9311	9701	9702	9714	9718	9720	9730
2018-10-16 Tue	9093	9106	9303	9310	9703	9704	9707	9712	9723	9730	9737
2018-10-17 Wed	9212	9310	9311	9704	9706	9714	9716	9722	9731	9733
2018-10-18 Thu	9219	9302	9304	9701	9703	9707	9720	9721	9730	9737
2018-10-19 Fri	9094	9097	9305	9310	9700	9705	9707	9726	9728	9738	9739
2018-10-22 Mon	9110	9304	9305	9308	9704	9706	9721	9730	9737
2018-10-23 Tue	9219	9302	9311	9700	9723	9729	9733	9736	9737
2018-10-24 Wed	8021	9311	9710	9711	9716	9722	9723	9730	9732	9737
2018-10-25 Thu	9104	9310	9709	9711	9712	9717	9728	9732
2018-10-26 Fri	41602	9307	9312	9710	9712	9717	9722	9729	9730	9732
2018-10-29 Mon	9209	9302	9311	9701	9709	9717	9722	9726	9727	9736
2018-10-30 Tue	9218	9304	9308	9309	9700	9711	9714	9718	9719	9734
2018-10-31 Wed	9203	9306	9308	9310	9701	9704	9717	9730	9735
2018-11-01 Thu	9112	9303	9308	9704	9718	9733	9735	9736	9738	9739
2018-11-02 Fri	9210	9308	9309	9310	9702	9705	9709	9711	9730	9735
2018-11-05 Mon	9219	9303	9307	9310	9702	9718	9723	9726	9732	9733
2018-11-06 Tue	9202	9302	9307	9308	9719	9722	9733	9734	9739
2018-11-07 Wed	9096	9311	9312	9700	9705	9718	9721	9726
2018-11-08 Thu	9215	9303	9306	9309	9312	9707	9710	9711	9722
2018-11-09 Fri	41601	9304	9311	9312	9701	9705	9712	9719	9726	9727
2018-11-12 Mon	9215	9302	9304	9310	9701	9710	9718	9731	9733
2018-11-13 Tue	41602	9307	9310	9311	9718	9722	9730	9732	9735
2018-11-14 Wed	9204	9307	9310	9700	9701	9723	9731	9735	9737	9739
2018-11-15 Thu	9214	9302	9303	9304	9308	9710	9711	9718	9727	9732
2018-11-16 Fri	9094	9306	9700	9702	9713	9720	9727	9732	9734	9739
2018-11-19 Mon	9222	9301	9307	9311	9700	9702	9718	9730	9733	9734
2018-11-20 Tue	9209	9304	9306	9308	9705	9712	9713	9717	9733	9734
2018-11-21 Wed	9208	9302	9305	9307	9709	9711	9715	9720	9728	9733
2018-11-23 Fri	9101	9301	9308	9310	9705	9707	9713	9714	9721	9727
2018-11-26 Mon	9099	9301	9303	9307	9717	9727	9731	9733	9735	9737
2018-11-27 Tue	9215	9303	9700	9701	9702	9712	9713	9717	9718	9722
2018-11-28 Wed	8021	9301	9309	9707	9709	9710	9718	9722	9726	9728
2018-11-29 Thu	8021	9301	9307	9705	9721	9727	9732	9733	9739
2018-11-30 Fri	9205	9311	9700	9701	9705	9712	9718	9720	9721	9733
2018-12-03 Mon	9210	9302	9307	9310	9702	9703	9705	9712	9736	9738
2018-12-04 Tue	9112	9305	9306	9309	9700	9701	9702	9728	9735	9739
2018-12-05 Wed	9205	9306	9311	9703	9706	9715	9717	9721	9722	9733
2018-12-06 Thu	9096	9302	9308	9700	9701	9712	9720	9723	9726	9736
2018-12-07 Fri	8021	9302	9312	9700	9713	9720	9721	9726	9731	9735
2018-12-10 Mon	9093	9304	9309	9311	9700	9709	9726	9734	9736	9737
2018-12-11 Tue	9207	9210	9212	9302	9307	9309	9709	9713	9718	9731	9734
2018-12-12 Wed	9213	9301	9310	9311	9700	9701	9712	9716	9718	9739
2018-12-13 Thu	9217	9301	9303	9304	9706	9710	9712	9720	9721	9726
2018-12-14 Fri	41605	9218	9301	9304	9306	9712	9713	9721	9726	9727
2018-12-17 Mon	9097	9301	9306	9312	9700	9710	9714	9721	9723	9727
2018-12-18 Tue	9105	9304	9308	9710	9711	9715	9716	9718	9723	9727
2018-12-19 Wed	9202	9301	9303	9304	9701	9706	9711	9718	9723	9726
2018-12-20 Thu	9112	9304	9306	9705	9711	9712	9722	9727	9728	9730
2018-12-21 Fri	9214	9308	9310	9711	9715	9720	9721	9726	9731	9734
2018-12-24 Mon	9101	9301	9302	9303	9304	9705	9712	9714
2018-12-26 Wed	8021	9306	9312	9703	9705	9707	9712	9726	9732	9733
2018-12-27 Thu	41516	9308	9311	9700	9703	9705	9710	9715	9716	9728
2018-12-28 Fri	41510	9113	9303	9306	9309	9706	9717	9731	9733	9734
2018-12-31 Mon	9217	9705	9712	9738
2019-01-02 Wed	9099	9305	9309	9712	9713	9718	9722	9727	9736	9737
2019-01-03 Thu	9222	9302	9303	9304	9309	9703	9706	9727	9733	9738
2019-01-04 Fri	9220	9302	9307	9309	9705	9712	9713	9718	9726	9731
2019-01-07 Mon	9105	9305	9307	9311	9704	9706	9723	9725	9733	9737
2019-01-08 Tue	9202	9303	9304	9309	9704	9706	9727	9731	9732	9736
2019-01-09 Wed	9103	9301	9307	9311	9702	9713	9723	9725	9727	9732
2019-01-10 Thu	9101	9301	9304	9307	9704	9706	9709	9710	9713	9728
2019-01-11 Fri	8021	9095	9306	9309	9702	9704	9705	9713	9726	9728	9732
2019-01-14 Mon	9095	9302	9308	9309	9310	9713	9714	9717	9739
