2018-09-20 Thu	41512	9111
2018-09-21 Fri	41604	9108	9122	9214	9706
2018-09-24 Mon	41512	9105	9122	9211	9717
2018-09-25 Tue	41509	9104	9207	9220	9312
2018-09-26 Wed	9094	9097	9207	9212	9303
2018-09-27 Thu	41509	9095	9098	9105	9311
2018-09-28 Fri	41517	9107	9204	9210	9312
2018-10-01 Mon	41511	9097	9112	9215	9309
2018-10-02 Tue	41601	9109	9215	9216	9720
2018-10-03 Wed	9092	9103	9111	9212	9736
2018-10-04 Thu	41514	41602	9095	9108	9312
2018-10-05 Fri	8034	9095	9216	9304
2018-10-08 Mon	41506	9094	9206	9304
2018-10-09 Tue	223	9097	9104	9122	9306
2018-10-10 Wed	41503	9101	9205	9214	9722
2018-10-11 Thu	41501	41506	41601	9104	9712
2018-10-12 Fri	9098	9100	9215	9216	9705
2018-10-15 Mon	41508	41513	41604	9214	9723
2018-10-16 Tue	41503	41508	41514	41601	9733
2018-10-17 Wed	41517	41602	9100	9729
2018-10-18 Thu	41508	41517	9097	9100	9311
2018-10-19 Fri	41502	41508	41517	9737
2018-10-22 Mon	41503	41504	41506	9731
2018-10-23 Tue	41512	41513	41601	41603	9705
2018-10-24 Wed	41503	41506	9220	9312
2018-10-25 Thu	41506	41513	41514	9112	9306
2018-10-26 Fri	41507	41603	41604	9110	9736
2018-10-29 Mon	41505	41603	9108	9213	9739
2018-10-30 Tue	41504	41506	41604	9093	9733
2018-10-31 Wed	41601	9093	9210	9216	9305
2018-11-01 Thu	41503	41505	9092	9110	9712
2018-11-02 Fri	41507	9112	9203	9209	9719
2018-11-05 Mon	41514	9201	9203	9207	9720
2018-11-06 Tue	41505	41511	9112	9210	9702
2018-11-07 Wed	41604	9107	9204	9207	9739
2018-11-08 Thu	41604	9100	9112	9211	9311
2018-11-09 Fri	41504	41515	9108	9110	9706
2018-11-12 Mon	41605	8034	9097	9202	9709
2018-11-13 Tue	41604	9095	9113	9203	9739
2018-11-14 Wed	41604	41605	9095	9103	9707
2018-11-15 Thu	41504	41505	9113	9218	9717
2018-11-16 Fri	41604	9105	9205	9212	9717
2018-11-19 Mon	41604	9101	9105	9214	9726
2018-11-20 Tue	41604	9092	9095	9216	9731
2018-11-21 Wed	41506	41604	9109	9111	9739
2018-11-23 Fri	41506	41511	41603	9108	9730
2018-11-26 Mon	41501	41516	9094	9107	9308
2018-11-27 Tue	41511	41604	8034	9111	9711
2018-11-28 Wed	41504	41507	9104	9210	9312
2018-11-29 Thu	41505	41508	9095	9107	9709
2018-11-30 Fri	41517	41603	41604	9110	9302
2018-12-03 Mon	41501	41513	9093	9218	9713
2018-12-04 Tue	41604	9107	9213	9222	9311
2018-12-05 Wed	41509	41604	9095	9203	9739
2018-12-06 Thu	41511	41604	9104	9215	9309
2018-12-07 Fri	41505	41508	9099	9112	9714
2018-12-10 Mon	41604	9111	9203	9213	9714
2018-12-11 Tue	41604	8034	9093	9208	9735
2018-12-12 Wed	41507	9100	9104	9202	9728
2018-12-13 Thu	41505	41604	9092	9206	9305
2018-12-14 Fri	41603	8044	9100	9207	9730
2018-12-17 Mon	41503	41511	41605	9215	9726
2018-12-18 Tue	41516	41602	41605	9220	9732
2018-12-19 Wed	41505	9108	9207	9210	9702
2018-12-20 Thu	41510	41513	8059	9213	9312
2018-12-21 Fri	41508	41604	8043	9107	9733
2018-12-24 Mon	41512	8020	9216	9220	9727
2018-12-26 Wed	41502	41507	9216	9702
2018-12-27 Thu	41508	41603	8044	9122	9310
2018-12-28 Fri	252	41502	41506	41514	9702
2018-12-31 Mon	41501	9202
2019-01-02 Wed	41506	41604	9110	9211	9303
2019-01-03 Thu	41507	41513	41604	9098	9301
2019-01-04 Fri	41512	41514	41515	9111	9709
2019-01-07 Mon	41502	41506	41508	9716
2019-01-08 Tue	41502	41508	9106	9705
2019-01-09 Wed	41502	41604	9094	9205	9721
2019-01-10 Thu	41503	41604	9095	9210	9302
2019-01-11 Fri	41511	41517	9099	9221	9715
2019-01-14 Mon	41514	41604	9100	9205	9704
