2018-09-17 Mon	7001	7008	7035	7066	7067	7070	7078	7080	7082	7087	7093	7110	7111	7115	7123
2018-09-18 Tue	7002	7038	7065	7067	7074	7084	7086	7087	7090	7095	7097	7106	7108	7122	7123	7159	7160
2018-09-19 Wed	7006	7032	7036	7068	7069	7074	7077	7078	7080	7081	7085	7086	7091	7096	7111	7124	7159	7160
2018-09-20 Thu	7002	7037	7038	7065	7067	7072	7074	7076	7079	7081	7087	7098	7106	7110	7111	7114	7159
2018-09-21 Fri	7002	7007	7029	7033	7067	7075	7076	7078	7087	7091	7093	7099	7108	7115	7121	7126	7160
2018-09-24 Mon	2668	7002	7007	7030	7066	7069	7072	7076	7078	7080	7084	7091	7098	7103	7119	7120	7159
2018-09-25 Tue	7002	7003	7005	7032	7065	7072	7080	7084	7094	7096	7097	7103	7104	7108	7110	7119	7126	7160
2018-09-26 Wed	7003	7004	7007	7032	7035	7036	7039	7065	7072	7076	7091	7093	7094	7095	7097	7106	7110	7117	7122	7126	7159
2018-09-27 Thu	7003	7006	7007	7030	7038	7039	7063	7070	7076	7100	7104	7110	7111	7117	7119	7121	7159	7160
2018-09-28 Fri	7005	7008	7029	7063	7064	7067	7071	7072	7074	7076	7095	7103	7105	7107	7110	7111	7118	7159
2018-09-29 Sat	7004	7039	7064	7068	7084	7094	7099
2018-09-30 Sun	7078	7082	7093	7099	7107	7118
2018-10-01 Mon	7005	7029	7030	7032	7033	7035	7065	7072	7073	7074	7076	7080	7081	7082	7095	7096	7097	7098	7107	7122
2018-10-02 Tue	7002	7037	7065	7068	7070	7071	7073	7074	7076	7078	7084	7097	7107	7108	7110	7117	7120	7122
2018-10-03 Wed	7002	7004	7006	7063	7071	7072	7075	7077	7079	7084	7095	7096	7097	7099	7104	7120	7123
