2018-09-17 Mon	3631	7028	7102	7135	7137	8001	8016	8045	8050	8066	8081	8084	8209	8211	8212	8224	8231	8256
2018-09-18 Tue	3627	3631	3655	7012	7018	7100	7112	7116	7133	7135	7137	7161	8020	8023	8032	8038	8040	8041	8042	8044	8056	8072	8203	8221	8222	8227	8238	8243
2018-09-19 Wed	3641	7018	7101	7103	7112	7127	7131	7132	7133	7136	7161	8046	8047	8052	8065	8067	8068	8083	8200	8205	8206	8209	8231	8239	8245
2018-09-20 Thu	3602	7012	7016	7023	7025	7027	7100	7103	7113	7127	7128	7129	8043	8049	8053	8059	8075	8080	8081	8200	8204	8214	8237	8238	8240	8242	8248
2018-09-21 Fri	3602	3622	7012	7019	7023	7025	7027	7102	7104	7125	7131	7161	8001	8008	8017	8047	8048	8202	8205	8206	8208	8212	8241	8242	8245	8250
2018-09-24 Mon	3655	7017	7019	7132	7134	7135	8003	8009	8014	8036	8040	8049	8063	8080	8081	8202	8227	8230	8243
2018-09-25 Tue	3636	3642	3650	3654	7017	7018	7019	7102	7125	7130	7134	7135	7161	8007	8009	8042	8045	8047	8066	8068	8069	8202	8227	8228	8230	8244
2018-09-26 Wed	3600	3602	3626	3633	3635	3638	7018	7019	7025	7102	7113	7125	7128	7132	8002	8004	8037	8044	8068	8073	8075	8203	8204	8211	8239	8250	8257
2018-09-27 Thu	3603	3638	3643	7016	7017	7019	7025	7028	7113	7130	7132	7135	7136	7161	8002	8003	8027	8037	8048	8068	8070	8076	8211	8235	8243	8248	8253
2018-09-28 Fri	3622	3634	7017	7019	7028	7101	7102	7113	7130	7133	7134	7135	7136	8001	8002	8022	8053	8058	8059	8063	8079	8083	8216	8222	8225	8239	8251
2018-09-29 Sat	8033	8040	8042	8044	8048	8055	8066	8078	8214	8225	8240	8242
2018-09-30 Sun	8013	8014	8021	8049	8057	8058	8072	8219	8225	8235	8258
2018-10-01 Mon	3600	3623	3625	3645	3646	3648	7012	7017	7019	7028	7127	7131	7161	8007	8031	8040	8050	8065	8206	8214	8223	8237	8247	8251	8253	8257
2018-10-02 Tue	3638	3643	3649	3699	7016	7017	7025	7127	7128	7130	7135	7136	7137	8007	8057	8061	8070	8201	8211	8216	8224	8244	8246	8247	8253	8255
2018-10-03 Wed	3624	3634	3642	3649	7012	7019	7127	7161	8003	8021	8036	8056	8064	8070	8209	8222	8235	8253	8257	8258
