2018-09-17 Mon	3621	3633	3654	3655	7131	7132	8072
2018-09-18 Tue	3628	3634	3650	3652	3654	3698	7027	7103	7104	7125	7130	8065
2018-09-19 Wed	3603	3633	3635	3636	7027	7101	7125	7127	7129	7135	8244
2018-09-20 Thu	3603	3631	3647	3656	3699	7019	7025	7028	7135	7161	8067
2018-09-21 Fri	3600	3601	3626	3631	3641	7017	7028	7100	7127	8068
2018-09-24 Mon	3627	3641	3649	3699	7016	7101	7113	8045
2018-09-25 Tue	3602	3631	3633	3634	3650	3698	7012	7016	7017	7018	7133	7134	8245
2018-09-26 Wed	3604	3622	3624	3639	3650	3698	7027	7102	7129	7134	7135	7161	8231
2018-09-27 Thu	3626	3636	3649	3656	3697	3698	7012	7101	7102	7130	7133	8229
2018-09-28 Fri	3604	3636	3637	3646	3699	7018	7028	7113	7129	7133	7161	8203
2018-10-01 Mon	3601	3603	3604	3627	3635	7016	7019	7128	7132	7161	8062
2018-10-02 Tue	3600	3623	3626	3627	3637	3641	7012	7027	7133	7134	8209
2018-10-03 Wed	3602	3603	3628	3699	7025	7113	7130	8020
