2018-09-17 Mon	3600	3603	7112	7130	8044	8201	8207	8241	8243
2018-09-18 Tue	3649	3650	7019	7025	7100	8017	8025	8052	8061	8076	8083	8206	8225	8234	8235
2018-09-19 Wed	3600	3603	3624	7100	8001	8002	8018	8025	8027	8030	8058	8062	8212	8219	8257
2018-09-20 Thu	3622	3631	3697	7017	7023	7113	8013	8038	8040	8056	8060	8207	8208	8222	8223
2018-09-21 Fri	3601	3602	3621	7104	7132	8010	8067	8070	8078	8218	8219	8226	8231	8232	8256
2018-09-24 Mon	3604	3639	7028	8002	8037	8043	8073	8077	8209
2018-09-25 Tue	3645	3649	3650	7012	7130	8003	8005	8031	8032	8052	8056	8076	8208	8229
2018-09-26 Wed	3603	3654	3698	7018	7130	7135	8003	8007	8041	8047	8209	8223	8238	8252	8253
2018-09-27 Thu	3602	3651	3656	7027	7132	8024	8041	8042	8043	8059	8063	8067	8076	8202	8234
2018-09-28 Fri	3624	3644	3646	7129	8004	8020	8024	8047	8069	8075	8207	8217	8236	8243
2018-10-01 Mon	3604	3624	3634	3642	3646	3651	3698	7102	8016	8022	8048	8077	8235	8244	8250
2018-10-02 Tue	3624	3635	3637	3655	7027	7161	8021	8055	8063	8207	8217	8234	8237	8238
2018-10-03 Wed	3623	3637	3648	7131	8001	8017	8050	8065	8078	8208	8258
2018-10-04 Thu	3655	3698	3699	7025	7127	8002	8004	8016	8033	8038	8047	8202	8222	8242	8251
2018-10-05 Fri	3601	3626	7012	7027	8006	8014	8040	8050	8211	8222	8226	8228	8242	8251	8252
2018-10-08 Mon	3640	3650	3652	3654	7016	7128	8002	8021	8028	8032	8051	8056	8224	8237	8251
2018-10-09 Tue	3623	3625	3631	7128	7133	8039	8044	8051	8056	8210	8231	8249	8253	8255
2018-10-10 Wed	3601	3634	3655	7017	7129	8028	8039	8040	8064	8209	8210	8223	8231	8242	8247
2018-10-11 Thu	3600	3626	3641	7161	8000	8001	8013	8014	8023	8028	8049	8059	8224	8227	8247
2018-10-12 Fri	3621	3627	3654	7025	8006	8010	8011	8013	8022	8026	8038	8062	8070	8230
2018-10-15 Mon	3633	3650	3652	3699	8001	8037	8063	8079	8201	8204	8220	8240	8247	8249
2018-10-16 Tue	3601	3624	3642	3655	8000	8006	8020	8028	8040	8053	8062	8080	8218	8225	8251
2018-10-17 Wed	3627	3634	3652	7127	8013	8020	8022	8038	8063	8069	8201	8203	8212	8223
2018-10-18 Thu	3651	3656	7027	8002	8004	8012	8035	8050	8068	8207	8209	8212	8238	8252
2018-10-19 Fri	3621	3639	3699	7102	8024	8048	8066	8072	8074	8208	8224	8226	8241	8246	8249
2018-10-22 Mon	3604	3628	3654	7130	8008	8009	8044	8049	8057	8060	8063	8206	8218	8244	8248
2018-10-23 Tue	3603	3621	7016	8029	8044	8048	8050	8064	8069	8079	8208	8236	8255	8256
2018-10-24 Wed	3632	3645	3647	7012	8011	8017	8026	8048	8049	8064	8201	8224	8236	8247	8259
2018-10-25 Thu	3639	3647	3656	7012	8026	8032	8038	8047	8076	8077	8202	8203	8215	8217	8219
2018-10-26 Fri	3652	7018	7129	7131	8022	8031	8036	8039	8062	8064	8074	8203	8239	8243	8250
2018-10-29 Mon	3627	3651	7113	7137	8008	8049	8083	8200	8202	8239	8242	8243	8252	8256
2018-10-30 Tue	3621	3637	3656	7137	8009	8021	8048	8071	8077	8200	8214	8216	8234	8249
2018-10-31 Wed	3635	3645	3647	7127	8001	8005	8008	8053	8054	8200	8214	8216	8239	8240	8244
2018-11-01 Thu	3634	3640	7127	7133	8000	8011	8017	8021	8024	8025	8063	8081	8203	8207	8259
2018-11-02 Fri	3626	3628	3647	7133	8042	8048	8066	8075	8212	8213	8225	8235	8243	8244	8247
2018-11-05 Mon	3633	3647	8002	8010	8019	8044	8052	8063	8064	8066	8202	8203	8207	8219	8226
2018-11-06 Tue	3652	3698	8006	8009	8049	8068	8072	8080	8203	8207	8212	8220	8232	8239	8243
2018-11-07 Wed	3638	3698	8020	8037	8044	8068	8069	8079	8205	8206	8212	8229	8242
2018-11-08 Thu	3604	8005	8019	8020	8028	8052	8064	8069	8078	8211	8226	8228	8230	8244
2018-11-09 Fri	3648	3653	7019	8002	8013	8032	8049	8210	8217	8218	8233	8247	8250	8252	8256
2018-11-12 Mon	3637	3641	3649	8009	8013	8024	8049	8055	8083	8216	8226	8229	8237	8244	8257
2018-11-13 Tue	3634	3640	8021	8056	8057	8201	8206	8219	8220	8223	8224	8240	8243	8252
2018-11-14 Wed	3637	3641	8000	8015	8036	8044	8054	8058	8202	8213	8216	8232	8236	8247
2018-11-15 Thu	3604	3632	8021	8039	8054	8071	8083	8200	8202	8231	8232	8234	8235	8238	8253
2018-11-16 Fri	2636	3699	7023	8000	8008	8009	8014	8039	8205	8213	8229	8235	8239	8248
2018-11-19 Mon	2602	3633	3636	3645	8013	8047	8062	8070	8076	8080	8210	8235	8238	8239	8254
2018-11-20 Tue	3602	3632	8003	8022	8036	8071	8080	8203	8215	8224	8226	8231	8253	8257
2018-11-21 Wed	3601	3604	8020	8026	8036	8044	8059	8065	8067	8200	8220	8229	8249	8257
2018-11-23 Fri	3641	3651	8003	8013	8019	8035	8052	8204	8208	8209	8214	8230	8234	8242
2018-11-26 Mon	3642	3698	8021	8031	8035	8039	8059	8077	8083	8084	8222	8224	8226	8232	8258
2018-11-27 Tue	3621	3645	3653	3654	8000	8001	8015	8208	8213	8221	8226	8231	8248	8254	8258
2018-11-28 Wed	3627	3633	3643	7102	8019	8029	8033	8037	8047	8207	8219	8225	8248	8254
2018-11-29 Thu	3646	3652	8008	8013	8040	8058	8059	8064	8072	8210	8214	8217	8225	8228	8254
2018-11-30 Fri	3603	3627	7101	8001	8031	8051	8060	8207	8211	8216	8226	8232	8238	8248
2018-12-03 Mon	3641	3651	8001	8005	8006	8023	8025	8038	8203	8204	8216	8226	8241	8254
2018-12-04 Tue	3632	3646	8005	8022	8026	8027	8040	8043	8054	8204	8210	8224	8245	8247	8251
2018-12-05 Wed	3603	3653	3655	8013	8051	8055	8057	8058	8075	8203	8223	8230	8242	8252	8253
2018-12-06 Thu	3600	3602	3634	7135	8011	8063	8065	8215	8221	8227	8236	8245	8252	8259
2018-12-07 Fri	3602	3633	8022	8040	8049	8050	8051	8056	8064	8202	8206	8210	8230	8231	8245
2018-12-10 Mon	3602	3627	8003	8006	8019	8041	8042	8068	8072	8076	8201	8227	8244	8250
2018-12-11 Tue	3632	3648	8001	8002	8004	8007	8014	8026	8029	8055	8071	8074	8224	8231	8258
2018-12-12 Wed	3643	3699	8002	8020	8025	8033	8213	8226	8232	8236	8244	8258	8259
2018-12-13 Thu	3636	3640	3698	8023	8026	8029	8033	8079	8080	8084	8212	8231	8232	8243	8259
2018-12-14 Fri	3622	3642	3699	6835	8004	8022	8034	8039	8041	8053	8203	8227	8233	8244	8248
2018-12-17 Mon	3648	3655	8006	8048	8050	8063	8072	8073	8206	8207	8219	8220	8235	8236	8238
2018-12-18 Tue	3641	3645	7133	8007	8010	8017	8050	8078	8201	8205	8206	8220	8252
2018-12-19 Wed	3621	3699	8001	8034	8036	8080	8082	8201	8209	8210	8218	8237	8245	8248	8257
2018-12-20 Thu	3636	3638	8004	8013	8032	8041	8213	8220	8226	8231	8245	8253	8255	8258
2018-12-21 Fri	3647	3699	8007	8017	8029	8031	8048	8060	8075	8208	8209	8227	8234	8241
2018-12-24 Mon	3635	3648	8016	8040	8049	8058	8068	8073	8082	8203	8212	8232	8253	8255
2018-12-26 Wed	3635	3647	8020	8033	8034	8061	8063	8079	8201	8210	8230	8231	8244	8247	8250
2018-12-27 Thu	3645	3647	8000	8005	8007	8027	8043	8054	8206	8210	8223	8241	8246	8248	8259
2018-12-28 Fri	3645	3655	8006	8022	8024	8025	8050	8057	8201	8206	8212	8217	8250	8253	8254
2018-12-31 Mon	3639	3698	8001	8011	8027	8038	8054	8065	8075	8214	8230	8248	8254	8259
2019-01-02 Wed	3626	3646	8005	8006	8010	8024	8029	8039	8040	8084	8205	8216	8230	8234	8248
2019-01-03 Thu	3603	3644	3649	8025	8029	8053	8066	8068	8071	8074	8079	8081	8239	8251
2019-01-04 Fri	3627	3640	8009	8011	8038	8039	8054	8057	8072	8077	8081	8208	8218	8234
2019-01-07 Mon	3621	3643	8009	8021	8028	8030	8040	8058	8065	8074	8219	8230	8234	8248	8257
2019-01-08 Tue	3632	3654	7012	8036	8052	8063	8073	8076	8078	8212	8214	8215	8233	8247	8258
2019-01-09 Wed	3637	3699	8006	8009	8028	8068	8071	8074	8080	8081	8203	8217	8223	8248	8253
2019-01-10 Thu	3628	3644	8015	8047	8050	8063	8080	8204	8210	8212	8231	8255	8262	8296
2019-01-11 Fri	3633	3699	8005	8006	8018	8023	8024	8062	8069	8074	8079	8203	8231	8236	8254
2019-01-14 Mon	3649	3698	8001	8007	8022	8046	8054	8074	8076	8203	8205	8218	8235	8247
