2018-09-17 Mon	2658	2753	3606	3610	3611	3612	3614	3615	3640	3642	3658	3659	3662	3669	3671	3672	3677	3679	3680	3685	3690	3695	6822
2018-09-18 Tue	2733	3606	3607	3610	3612	3616	3640	3643	3645	3659	3661	3663	3664	3666	3668	3673	3674	3677	3683	3685	3691	3692	3695	6827	6844
2018-09-19 Wed	2732	3610	3611	3612	3615	3619	3637	3640	3643	3657	3660	3661	3662	3665	3668	3669	3671	3674	3676	3679	3682	3683	3693	3696	6834	6851
2018-09-20 Thu	2795	3610	3611	3613	3616	3620	3642	3643	3646	3669	3670	3674	3676	3680	3681	3682	3683	3685	3686	3689	3690	3692	3696	6840	6877
2018-09-21 Fri	2666	3607	3608	3610	3612	3618	3630	3637	3642	3659	3660	3661	3662	3665	3666	3670	3676	3677	3682	3683	3685	3687	3695	3696	6876	6942
2018-09-22 Sat	3607	3610	3618	3620	3661	3662	3665	3667	3677	3681	3682	3685	3693	3695	3696
2018-09-23 Sun	3609	3610	3611	3615	3630	3658	3660	3662	3668	3671	3677	3695
2018-09-24 Mon	2656	2658	2760	2788	3606	3609	3610	3611	3613	3614	3630	3657	3658	3660	3662	3663	3674	3677	3690	3693	3695	3696	6827	6887	6916
2018-09-25 Tue	2685	2753	2783	3606	3607	3610	3616	3618	3630	3657	3659	3660	3669	3670	3676	3684	3693	3694	3695	3696	6819	6833	6836	6852	6904	6965
2018-09-26 Wed	2622	2633	2666	3606	3608	3613	3614	3615	3616	3657	3658	3659	3661	3663	3672	3680	3683	3685	3687	3689	6842	6853	6913	6946
2018-09-27 Thu	2686	2732	2750	2777	2782	3611	3613	3614	3617	3630	3659	3665	3667	3668	3669	3671	3681	3682	3684	3689	3695	6847	6854
2018-09-28 Fri	2777	2795	3606	3611	3619	3659	3661	3665	3667	3671	3674	3675	3676	3677	3681	3684	3689	3694	3736	6827	6849	6912	6935	6946
2018-09-29 Sat	3605	3611	3613	3618	3664	3669	3674	3676	3678	3682	3683	3691	3696	3740
2018-09-30 Sun	3608	3609	3611	3613	3619	3620	3659	3666	3667	3668	3670	3683	3685
2018-10-01 Mon	2697	2758	3605	3610	3613	3615	3620	3659	3662	3663	3664	3666	3671	3674	3678	3680	3688	3690	3691	6823	6824	6845	6937
2018-10-02 Tue	2660	2686	2744	3616	3618	3619	3657	3658	3662	3663	3664	3671	3672	3678	3681	3682	3687	3692	6888	6898	6934	6936	6962
2018-10-03 Wed	2685	2788	3605	3616	3619	3657	3658	3662	3665	3666	3667	3670	3672	3677	3682	3683	3684	3690	3695	6820	6849	6905	6913	6940
