2018-09-20 Thu	2747	3693
2018-09-21 Fri	2633	2682	2687	2754	3666	6821	6901	6965
2018-09-24 Mon	2730	2760	3673	6841	6850	6852	6853	6909
2018-09-25 Tue	2697	2730	6824	6844	6903	6941
2018-09-26 Wed	2745	2788	3610	6833	6846	6852	6867	6937
2018-09-27 Thu	2697	2783	6819	6888	6901	6914	6941
2018-09-28 Fri	2660	2687	2752	6820	6851	6876	6903	6916
2018-10-01 Mon	2633	2656	2659	2662	6897	6912	6964	6965
2018-10-02 Tue	2619	2633	2733	2782	3677	6940	6946
2018-10-03 Wed	2666	3664	6837	6845
2018-10-04 Thu	2662	3605	3620	6833	6834	6843	6854	6873
2018-10-05 Fri	2621	2687	2782	2788	6825	6834	6866	6960
2018-10-08 Mon	2633	3629	3690	6824	6845	6879	6945
2018-10-09 Tue	6835	6839	6840	6846	6913	6922	6964
2018-10-10 Wed	2660	2733	2751	2759	2760	6904	6935	6941
2018-10-11 Thu	2731	2758	3615	3666	6821	6839	6851	6909
2018-10-12 Fri	2685	2753	2782	6846	6916	6935	6960
2018-10-15 Mon	2745	3605	3667	6819	6837	6909	6914	6935
2018-10-16 Tue	2623	2633	2750	2760	3696	6847	6852
2018-10-17 Wed	2666	2685	2731	2752	3669	6819	6902	6914
2018-10-18 Thu	2730	2774	3670	6842	6904	6911	6945	6966
2018-10-19 Fri	2619	2732	2758	3676	6879	6905	6922
2018-10-22 Mon	2623	2660	2760	3610	3668	6845	6873	6913
2018-10-23 Tue	2664	2742	2757	3612	3679	6840	6844	6940
2018-10-24 Wed	2660	2662	2755	3678	6826	6879	6887	6895
2018-10-25 Thu	2730	2777	3664	3669	3675	6852	6895	6914
2018-10-26 Fri	2745	3658	6826	6844	6852	6964	6965
2018-10-29 Mon	2685	2732	2733	2759	2760	3662	6897
2018-10-30 Tue	2744	6832	6839	6840	6916	6937	6945
2018-10-31 Wed	2754	2777	3689	6840	6851
2018-11-01 Thu	2788	3666	6897	6910
2018-11-02 Fri	3681	6838	6840	6853	6867	6911	6922	6945
2018-11-05 Mon	2743	3607	3614	6816	6836	6845	6945
2018-11-06 Tue	2777	2783	3614	6833	6849	6877	6903	6922
2018-11-07 Wed	2664	2756	2782	6828	6897	6936
2018-11-08 Thu	2620	6826	6840	6851	6875	6909	6912	6944
2018-11-09 Fri	2623	2752	6822	6840	6845	6964	6965
2018-11-13 Tue	2623	2745	2758	3661	6821	6825	6841	6962
2018-11-14 Wed	2659	2660	2758	2760	2774	6835	6852
2018-11-15 Thu	2622	2659	2666	2731	6820	6905	6936	6964
2018-11-16 Fri	2620	2751	2754	2774	6826	6912	6946
2018-11-19 Mon	2732	2756	2788	3619	6916	6935	6965
2018-11-20 Tue	2657	2659	2664	2777	3618	6852	6941
2018-11-21 Wed	2623	2656	2662	3673	6832	6840	6936
2018-11-26 Mon	2633	2731	2751	2758	2777	3680	6964
2018-11-27 Tue	2697	2783	3619	3658	3660	6904	6922	6963
2018-11-28 Wed	2697	2751	2783	3695	6822	6877	6943
2018-11-29 Thu	2697	3669	3690	6827	6901	6911	6965
2018-11-30 Fri	2656	6887	6900	6901	6960	6962	6965
2018-12-03 Mon	2633	2754	6821	6904	6908	6910	6945	6966
2018-12-04 Tue	2657	2664	2744	6823	6824	6833	6936	6942
2018-12-05 Wed	2760	3668	6828	6850	6887	6913	6945	6964
2018-12-06 Thu	2751	2757	6840	6842	6897	6941	6964
2018-12-07 Fri	2662	2733	6835	6836	6901	6934	6942	6963
2018-12-10 Mon	2758	6854	6898	6901	6909	6942
2018-12-11 Tue	2622	2754	2758	6825	6836	6846	6908	6961
2018-12-12 Wed	2666	2757	6835	6901	6915	6936	6937
2018-12-13 Thu	2777	2796	6841	6846	6873	6877	6904	6962
2018-12-14 Fri	2619	2660	6823	6834	6835	6841	6913	6943
2018-12-17 Mon	2682	2697	2731	2774	3667	6828	6900	6906
2018-12-18 Tue	2697	2782	6819	6833	6900	6902	6908
2018-12-19 Wed	2731	6824	6833	6840	6846	6852	6853	6869
2018-12-20 Thu	2759	3741	6840	6867	6875	6911	6915	6935
2018-12-21 Fri	2666	2744	2756	3692	6821	6875	6910	6964
2019-01-02 Wed	2682	2686	2760	2777	6824	6827	6905	6945
2019-01-03 Thu	2623	2685	6826	6853	6875	6934	6944	6961
2019-01-04 Fri	2622	6819	6834	6836	6846	6853	6935
2019-01-07 Mon	2657	2758	6835	6901	6908	6945	6960
2019-01-08 Tue	2728	2744	2754	2774	6843	6877	6906	6962
2019-01-09 Wed	2759	6849	6867	6937	6945	6962	6965
2019-01-10 Thu	2686	2719	2783	6820	6922	6934	6946	6964
2019-01-11 Fri	2731	2759	6828	6850	6876	6907	6962
2019-01-14 Mon	2682	2697	2730	2756	2782	6832	6836	6914
