2018-09-17 Mon	2658	2753	3606	3610	3612	3614	3615	3640	3642	3658	3659	3662	3669	3672	3677	3679	3680	3685	3689	3690	3695	6822
2018-09-18 Tue	2733	3606	3607	3610	3612	3616	3640	3643	3645	3659	3661	3663	3664	3666	3668	3673	3674	3677	3683	3685	3691	3692	3695	6827	6844
2018-09-19 Wed	2732	3610	3611	3612	3615	3619	3637	3640	3643	3657	3660	3661	3662	3665	3668	3669	3671	3674	3676	3679	3682	3683	3693	3696	6834	6851
2018-09-20 Thu	2795	3610	3611	3613	3616	3620	3642	3643	3646	3669	3670	3674	3676	3680	3681	3682	3683	3685	3686	3689	3690	3692	3696	6840	6877
2018-09-21 Fri	2666	3607	3608	3610	3612	3618	3630	3637	3642	3659	3660	3661	3662	3665	3666	3670	3676	3677	3682	3683	3685	3687	3695	3696	6876	6942
2018-09-22 Sat	3607	3610	3618	3620	3661	3662	3665	3667	3677	3681	3682	3685	3693	3695	3696
2018-09-23 Sun	3609	3610	3611	3615	3630	3658	3660	3662	3668	3671	3677	3695
2018-09-24 Mon	2656	2658	2760	2788	3606	3609	3610	3611	3613	3614	3630	3657	3658	3660	3662	3663	3674	3677	3690	3693	3695	3696	6827	6887	6916
2018-09-25 Tue	2685	2753	2783	3606	3607	3610	3616	3618	3630	3657	3659	3660	3669	3670	3676	3684	3693	3694	3695	3696	6819	6833	6836	6852	6904	6965
2018-09-26 Wed	2622	2633	2666	3606	3608	3613	3614	3615	3616	3657	3658	3659	3661	3663	3672	3680	3683	3685	3687	3689	6842	6853	6913	6946
2018-09-27 Thu	2686	2732	2750	2777	2782	3611	3613	3614	3617	3630	3659	3665	3667	3668	3669	3671	3681	3682	3684	3689	3695	6847	6854
2018-09-28 Fri	2777	2795	3606	3611	3619	3659	3661	3665	3667	3671	3674	3675	3676	3677	3681	3684	3689	3694	3736	6827	6849	6912	6935	6946
2018-09-29 Sat	3605	3611	3613	3618	3664	3669	3674	3676	3678	3682	3683	3691	3696	3740
2018-09-30 Sun	3608	3609	3611	3613	3619	3620	3659	3666	3667	3668	3670	3683	3685
2018-10-01 Mon	2697	2758	3605	3610	3613	3615	3620	3659	3662	3663	3664	3666	3671	3674	3678	3680	3688	3690	3691	6823	6824	6845	6937
2018-10-02 Tue	2660	2686	2744	3616	3618	3619	3657	3658	3662	3663	3664	3671	3672	3678	3681	3682	3687	3692	6888	6898	6934	6936	6962
2018-10-03 Wed	2685	2788	3605	3616	3619	3657	3658	3662	3665	3666	3667	3670	3672	3677	3682	3683	3684	3690	3695	6820	6849	6905	6913	6940
2018-10-04 Thu	2660	2796	3609	3611	3612	3615	3618	3658	3662	3663	3664	3665	3667	3668	3671	3672	3683	3689	3692	3693	6843	6901	6912	6934	6940	6941
2018-10-05 Fri	2622	2666	2733	2750	2753	2795	3608	3610	3611	3615	3620	3629	3658	3662	3668	3672	3678	3681	3683	3684	3690	3691	3692	6837
2018-10-06 Sat	3606	3613	3617	3662	3671	3674	3676	3683	3684	3685	3686	3687	3692	3695
2018-10-07 Sun	3611	3615	3619	3629	3660	3663	3664	3668	3670	3671	3674	3687	3690
2018-10-08 Mon	2659	2687	3608	3609	3615	3617	3660	3664	3666	3669	3670	3671	3672	3673	3682	3686	3688	3689	3691	6837	6853	6888	6910	6911	6913
2018-10-09 Tue	2666	3605	3609	3611	3613	3615	3619	3660	3665	3666	3672	3680	3683	3686	3691	3692	3695	3696	6825	6827	6842	6845	6912	6934
2018-10-10 Wed	2619	2622	2750	3610	3617	3618	3629	3657	3661	3664	3667	3670	3671	3672	3673	3676	3683	3686	3689	3693	3695	6875	6916	6961
2018-10-11 Thu	2664	2756	3609	3612	3620	3629	3658	3659	3661	3665	3672	3678	3680	3682	3685	3687	3690	3693	3695	6827	6835	6850	6898	6900	6916
2018-10-12 Fri	2682	2697	2751	2796	3605	3608	3629	3659	3666	3667	3673	3674	3679	3680	3681	3683	3684	3685	3689	3696	6839	6887	6965	6966
2018-10-13 Sat	3605	3606	3607	3608	3615	3629	3660	3662	3672	3674	3678	3679	3683	3687
2018-10-14 Sun	3612	3618	3619	3620	3629	3659	3664	3672	3674	3680	3686	3687	3693
2018-10-15 Mon	2633	2733	3610	3612	3615	3617	3618	3619	3661	3666	3669	3670	3676	3681	3685	3687	3696	3697	6853	6888	6897	6903	6912
2018-10-16 Tue	2666	2744	2760	3605	3608	3610	3612	3617	3658	3661	3663	3666	3671	3678	3684	3690	3691	3695	3697	3739	6842	6867	6900	6908
2018-10-17 Wed	2660	2682	2758	2774	2782	3605	3606	3610	3611	3612	3613	3629	3657	3660	3663	3673	3680	3681	3682	3691	3726	6826	6945
2018-10-18 Thu	2623	2744	2756	3605	3606	3608	3609	3611	3612	3615	3617	3618	3663	3665	3673	3684	3689	3695	6821	6879	6898	6908	6964
2018-10-19 Fri	2744	2756	2782	3611	3613	3615	3657	3658	3660	3661	3662	3669	3670	3671	3673	3674	3682	3686	3746	6820	6844	6906	6914
2018-10-20 Sat	3612	3617	3619	3657	3662	3663	3678	3684	3686	3687	3690	3692	3739	3745
2018-10-21 Sun	3605	3613	3616	3617	3618	3619	3661	3665	3666	3667	3673	3678	3685	3693
2018-10-22 Mon	2664	2782	3606	3613	3617	3619	3658	3660	3666	3667	3670	3671	3672	3678	3679	3680	3686	3690	3696	6840	6842	6846	6904	6964
2018-10-23 Tue	2622	2623	2742	3609	3610	3657	3658	3660	3664	3665	3666	3667	3673	3678	3680	3685	3686	3695	3696	3747	6826	6888	6935	6965
2018-10-24 Wed	2733	2755	3605	3606	3607	3610	3611	3616	3657	3658	3659	3662	3663	3665	3666	3668	3679	3688	3691	6834	6845	6848	6873	6900
2018-10-25 Thu	2685	2751	3607	3608	3615	3616	3617	3657	3659	3660	3662	3663	3665	3668	3674	3680	3689	3691	3695	3746	6898	6901	6912	6945	6963
2018-10-26 Fri	2666	2682	2731	2796	3606	3610	3614	3617	3618	3619	3657	3659	3663	3668	3669	3673	3679	3681	3690	3691	3695	3696	6876	6935	6945
2018-10-27 Sat	3607	3610	3614	3618	3661	3665	3674	3677	3678	3682	3684	3688	3690	3692	3744	6963
2018-10-28 Sun	3608	3612	3613	3614	3615	3616	3618	3661	3673	3678	3683	3684	3685	3688
2018-10-29 Mon	2656	2760	2782	3605	3606	3609	3612	3615	3658	3659	3667	3669	3675	3677	3679	3683	3686	3688	3689	3695	3696	6848	6905	6914	6934
