2018-09-17 Mon	6000	6001	6002	6005	6007	6011	6012	6014	6019	6098	6102	6107	6977	8106
2018-09-18 Tue	6001	6004	6007	6009	6011	6019	6096	6097	6098	6100	6102	6105	6220	6221	8134	8299
2018-09-19 Wed	6001	6004	6005	6006	6007	6008	6009	6012	6014	6095	6097	6098	6100	6104	6221	8136
2018-09-20 Thu	6003	6005	6006	6008	6009	6011	6012	6016	6017	6096	6097	6098	6100	6105	6221	6222
2018-09-21 Fri	6001	6003	6006	6009	6010	6011	6012	6018	6095	6096	6097	6098	6104	6105	6221	8133	8142
2018-09-22 Sat	6000	6001	6006	6007	6014	6095	6096	6097	6098	6104	6221	6225
2018-09-23 Sun	6001	6002	6006	6007	6008	6012	6014	6016	6089	6094	6221	6225
2018-09-24 Mon	6001	6002	6005	6006	6008	6011	6012	6013	6014	6016	6018	6019	6089	6096	6099	6100	6105	6221
2018-09-25 Tue	6000	6004	6005	6008	6011	6012	6015	6017	6019	6089	6094	6096	6097	6099	6100	6104	6107
2018-09-26 Wed	6000	6001	6002	6005	6006	6007	6008	6011	6012	6014	6016	6019	6089	6096	6097	6098	6099	6100	6103	6106
2018-09-27 Thu	6001	6002	6007	6008	6012	6013	6014	6017	6018	6019	6089	6095	6098	6100	6103	6104	6105	6106	6107
2018-09-28 Fri	6000	6001	6003	6004	6005	6011	6012	6017	6089	6094	6095	6096	6097	6098	6100	6105	6107
2018-09-29 Sat	6000	6005	6008	6011	6013	6017	6018	6089	6094	6097	6098	6100	6105
2018-09-30 Sun	6000	6008	6011	6013	6015	6017	6019	6099	6100	6104	6105
2018-10-01 Mon	6000	6002	6003	6006	6007	6008	6011	6013	6016	6017	6018	6019	6095	6100	6104	6106	6107
2018-10-02 Tue	6000	6003	6005	6008	6010	6011	6013	6014	6015	6016	6017	6019	6095	6098	6100	6103	6106	6107
2018-10-03 Wed	6002	6006	6008	6012	6013	6015	6016	6017	6018	6089	6094	6097	6098	6100
