2018-09-17 Mon	6021	6023	6024	6025	6026	6027	6028	6029	6030	6032	6033	6881	6995
2018-09-18 Tue	6021	6023	6024	6025	6026	6027	6028	6029	6030	6032	6033	6927	8164	8175
2018-09-19 Wed	6021	6023	6024	6025	6026	6027	6028	6029	6030	6031	6032	6033	8150	8173	8192	8196
2018-09-20 Thu	6021	6025	6026	6027	6028	6029	6030	6032	6033	6880	6968	6998	8158	8175	8183
2018-09-21 Fri	6020	6021	6025	6027	6028	6029	6030	6032	6033	6034	8175	8180	8194	8195
2018-09-24 Mon	6020	6021	6024	6025	6026	6027	6028	6029	6030	6031	6032	6033	6034
2018-09-25 Tue	6020	6021	6024	6025	6026	6027	6028	6029	6030	6031	6032	6033	6034	8165	8197
2018-09-26 Wed	6020	6021	6024	6025	6027	6028	6029	6030	6031	6032	6033	6034	8164
2018-09-27 Thu	6020	6021	6024	6025	6026	6027	6028	6029	6030	6031	6032	6033	6034
2018-09-28 Fri	6020	6021	6024	6025	6026	6027	6028	6029	6030	6031	6032	6033	6034	8177
2018-09-29 Sat	6020	6021	6025	6026	6027	6028	6030	6033	6034
2018-09-30 Sun	6020	6021	6025	6026	6027	6033	6034
2018-10-01 Mon	6020	6021	6024	6025	6026	6027	6028	6029	6030	6031	6032	6033	6034	6035	8156
2018-10-02 Tue	6020	6021	6022	6024	6025	6026	6027	6028	6029	6030	6031	6033	6034	6035
2018-10-03 Wed	6020	6021	6022	6024	6025	6026	6027	6029	6030	6031	6032	6034	6035	8187
