2018-09-17 Mon	2610	2636	2719	6040	6044	6046	6048	6050	6053	6056	6059	6060	6061	6062	6064	6067	6079	6085	6086	6091	6092	6093	6094	6108	6113	6114	6116	6209	6213	6214	6215	6217	6219
2018-09-18 Tue	2605	2624	2704	2748	2784	2793	2811	2812	6040	6045	6046	6048	6051	6053	6054	6055	6056	6058	6061	6062	6064	6065	6075	6078	6081	6083	6085	6086	6087	6088	6091	6092	6094	6099	6109	6110	6112	6113	6115	6116	6202	6204	6205	6207	6210	6214	6216	6217	6219	7079
2018-09-19 Wed	2605	2607	2608	2673	2718	2748	2808	2811	6040	6044	6050	6051	6052	6053	6054	6055	6059	6060	6063	6065	6066	6069	6070	6071	6075	6076	6077	6078	6079	6082	6083	6085	6086	6088	6099	6108	6109	6112	6113	6114	6209	6213	6215	6217	6219
2018-09-20 Thu	2607	2609	2690	2693	6040	6043	6044	6046	6048	6049	6052	6053	6056	6061	6062	6063	6064	6065	6067	6070	6072	6077	6078	6083	6085	6087	6088	6091	6092	6093	6094	6099	6110	6112	6113	6115	6116	6207	6209	6213	6215	6216	6219
2018-09-21 Fri	2636	2667	2676	2693	2698	2703	2714	2749	2811	6040	6044	6045	6046	6050	6053	6054	6056	6059	6062	6063	6064	6071	6076	6077	6079	6082	6083	6085	6087	6088	6090	6092	6099	6109	6114	6115	6116	6117	6201	6202	6208	6209	6210	6212	6217	6222
2018-09-22 Sat	6040
2018-09-24 Mon	2607	2625	2636	2695	2715	2718	2720	2721	2746	2748	2808	6043	6044	6045	6046	6050	6055	6060	6062	6063	6065	6070	6071	6072	6079	6080	6082	6085	6087	6088	6091	6110	6116	6202	6205	6208	6210	6213	6215	6216
2018-09-25 Tue	2626	2636	2667	2715	2717	2746	2793	2811	2812	6045	6046	6049	6056	6059	6060	6061	6064	6065	6066	6067	6069	6070	6071	6072	6077	6078	6084	6087	6091	6108	6114	6115	6117	6202	6204	6206	6207	6208	6209	6210	6212	6215	6221	6225	6228
2018-09-26 Wed	2607	2626	2693	2695	2696	2710	2712	2718	2720	2723	6044	6045	6047	6048	6049	6050	6053	6059	6061	6064	6066	6067	6069	6070	6072	6075	6076	6078	6080	6081	6082	6084	6085	6088	6091	6092	6093	6108	6110	6116	6206	6209	6212	6213	6216	6217	6219	6220	6221	6225	6228
2018-09-27 Thu	2626	2704	2711	2718	2725	2728	2747	2748	2784	6040	6042	6043	6046	6049	6051	6052	6055	6057	6061	6062	6064	6065	6069	6070	6075	6076	6077	6080	6081	6082	6085	6088	6090	6110	6112	6116	6202	6204	6206	6208	6212	6213	6216	6217	6220	6221	6222	6225
2018-09-28 Fri	2667	2719	2720	2725	2728	2793	2808	6042	6044	6045	6052	6053	6057	6061	6062	6064	6066	6071	6072	6075	6076	6077	6078	6079	6081	6085	6086	6087	6090	6092	6109	6110	6115	6116	6202	6203	6205	6206	6209	6210	6216	6219	6220	6221	6222	6226	6227	6229
2018-09-29 Sat	6046	6051	6059	6061	6064	6067	6070	6072	6082	6085	6086	6091	6112	6116	6206	6210	6214	6216
2018-09-30 Sun	6046	6054	6072	6081	6085	6088	6091	6109	6114	6204	6210	6216	6217	6225	6226
2018-10-01 Mon	2636	2710	2714	2808	6042	6043	6045	6047	6049	6051	6055	6056	6057	6062	6065	6066	6068	6069	6070	6071	6072	6075	6076	6078	6079	6080	6084	6085	6086	6087	6091	6092	6093	6108	6109	6110	6112	6113	6114	6115	6116	6203	6205	6206	6207	6210	6212	6214	6215	6219	6220	6225
2018-10-02 Tue	2626	2653	2710	2712	2717	2718	2721	2728	2808	6040	6042	6043	6044	6046	6050	6051	6054	6055	6059	6061	6062	6064	6067	6071	6075	6076	6077	6080	6081	6084	6085	6088	6092	6109	6113	6114	6115	6202	6203	6204	6207	6209	6210	6212	6213	6215	6216	6217	6219	6222	6225
2018-10-03 Wed	2607	2710	2711	2714	2715	6046	6051	6052	6054	6059	6060	6062	6067	6069	6070	6079	6080	6081	6082	6085	6087	6088	6090	6091	6092	6093	6109	6114	6115	6117	6201	6202	6205	6206	6207	6209	6215	6225	6226	6228
2018-10-04 Thu	2711	2714	2721	2728	2749	2792	2793	2803	2806	2811	6042	6043	6049	6054	6055	6056	6057	6060	6061	6062	6065	6068	6069	6070	6071	6072	6077	6078	6079	6081	6082	6084	6086	6087	6091	6108	6115	6117	6201	6203	6204	6209	6210	6213	6214	6216	6218	6221	6225	6227	6228
2018-10-05 Fri	2605	2710	2711	2720	2749	2803	6041	6042	6044	6049	6051	6054	6055	6056	6059	6062	6064	6065	6069	6073	6076	6077	6078	6079	6081	6083	6085	6086	6087	6093	6108	6112	6113	6114	6202	6203	6204	6207	6209	6210	6213	6215	6216	6221	6222	6223	6225	6226
2018-10-06 Sat	6044	6045	6059	6064	6065	6079	6085	6086	6092	6093	6113	6204	6205	6213	6216	6217	6219	6223
2018-10-07 Sun	6044	6059	6067	6073	6078	6080	6082	6085	6092	6093	6108	6112	6204	6216	6220	6227	6231
2018-10-08 Mon	2695	2721	2728	2747	2808	2812	6041	6044	6049	6050	6055	6057	6059	6062	6067	6069	6071	6073	6076	6080	6081	6082	6083	6084	6088	6090	6091	6093	6109	6113	6114	6115	6116	6117	6201	6202	6204	6205	6206	6210	6214	6218	6219	6220	6221	6223	6225	6228	6231
2018-10-09 Tue	2803	6040	6041	6043	6045	6051	6052	6054	6055	6056	6057	6061	6062	6067	6069	6070	6071	6072	6077	6081	6083	6085	6086	6087	6088	6090	6093	6110	6112	6114	6201	6202	6203	6205	6207	6210	6211	6214	6215	6216	6220	6221	6222	6223	6225	6226	6229
2018-10-10 Wed	2803	6040	6041	6042	6043	6044	6046	6049	6050	6052	6055	6056	6057	6059	6061	6065	6067	6068	6070	6071	6076	6077	6080	6084	6087	6088	6090	6092	6093	6109	6110	6115	6116	6117	6205	6207	6211	6212	6215	6216	6221	6222	6226	6227	6229	6231	7114
2018-10-11 Thu	2609	2667	2719	2723	2803	2811	6042	6045	6052	6055	6056	6057	6059	6060	6061	6062	6064	6065	6069	6070	6076	6078	6082	6083	6087	6092	6093	6108	6109	6110	6113	6115	6116	6117	6201	6202	6210	6211	6213	6215	6216	6220	6221	6222	6226	6227	6229	6231
2018-10-12 Fri	2609	2696	2723	2725	2746	6040	6042	6043	6044	6045	6046	6048	6049	6052	6055	6057	6059	6060	6061	6068	6076	6079	6081	6084	6087	6088	6090	6093	6108	6109	6116	6203	6206	6209	6211	6213	6214	6215	6217	6218	6219	6220	6221	6222	6224	6225	6226	6227	6229	6231
2018-10-13 Sat	6040	6044	6046	6048	6059	6060	6073	6076	6078	6079	6081	6084	6088	6113	6114	6117	6206	6215	6220	6222	6226
2018-10-14 Sun	6046	6048	6049	6052	6056	6060	6064	6072	6077	6084	6092	6093	6114	6214	6219	6223	6227
2018-10-15 Mon	2607	2710	2720	2723	2726	2792	6041	6048	6049	6052	6054	6055	6056	6057	6060	6061	6064	6070	6071	6077	6083	6086	6087	6091	6092	6109	6110	6112	6113	6114	6115	6116	6117	6201	6205	6206	6210	6212	6213	6215	6217	6218	6219	6220	6227	6229
2018-10-16 Tue	2607	2712	2717	2719	2726	2749	2792	2804	6040	6042	6043	6046	6049	6052	6054	6055	6057	6059	6060	6061	6065	6068	6069	6070	6072	6073	6076	6081	6090	6092	6093	6108	6109	6112	6113	6114	6116	6117	6201	6203	6206	6207	6209	6211	6215	6218	6219	6227	6229
2018-10-17 Wed	2653	2693	2711	2717	2718	2719	2720	2725	2728	6040	6041	6042	6046	6049	6050	6052	6054	6055	6060	6061	6065	6068	6069	6075	6076	6077	6080	6081	6083	6086	6090	6093	6109	6113	6114	6115	6201	6203	6204	6205	6209	6210	6211	6217	6219	6221	6222	6223	6227
2018-10-18 Thu	2605	2693	2696	2718	2719	2792	2803	2808	2811	6041	6046	6049	6052	6055	6057	6062	6066	6069	6073	6075	6077	6082	6083	6084	6086	6090	6091	6092	6108	6109	6112	6113	6115	6116	6203	6204	6207	6209	6210	6214	6217	6218	6219	6223	6224	6229
2018-10-19 Fri	2608	2609	2610	2611	2625	2696	2715	2717	2720	2725	2728	2729	6041	6043	6046	6048	6049	6050	6052	6055	6056	6059	6065	6068	6077	6082	6083	6086	6087	6090	6108	6109	6112	6113	6115	6116	6201	6204	6211	6213	6214	6218	6219	6220	6222	6223	6224	6229	6234
2018-10-20 Sat	6042	6046	6048	6056	6066	6090	6108	6113	6114	6204	6211	6212	6213	6216	6218	6223	6225	6229
2018-10-21 Sun	6042	6046	6054	6056	6057	6066	6068	6075	6081	6112	6113	6206	6207	6216	6223	6224	6234
2018-10-22 Mon	2605	2653	2711	2715	2717	2718	2719	2726	2729	2747	2749	6041	6042	6046	6049	6050	6053	6054	6056	6059	6065	6066	6068	6069	6070	6071	6072	6075	6077	6078	6081	6082	6083	6084	6087	6088	6091	6092	6109	6112	6114	6201	6205	6206	6212	6213	6218	6223	6225	6227
2018-10-23 Tue	2653	2714	2715	2723	2729	2749	2808	6040	6041	6049	6050	6055	6056	6059	6062	6065	6070	6071	6073	6078	6080	6084	6086	6087	6088	6090	6093	6109	6112	6115	6116	6117	6201	6203	6204	6205	6206	6207	6210	6215	6216	6217	6218	6219	6223	6227	6231	6234
2018-10-24 Wed	2715	2719	2747	2808	6040	6041	6043	6053	6054	6055	6059	6061	6068	6072	6073	6076	6079	6080	6081	6084	6086	6091	6092	6093	6108	6109	6113	6114	6115	6116	6201	6204	6205	6206	6207	6211	6212	6215	6216	6217	6219	6221	6222	6224	6228	6234
2018-10-25 Thu	2653	2695	2720	2725	2728	2792	6042	6046	6049	6056	6057	6058	6060	6066	6067	6069	6070	6071	6072	6076	6078	6081	6082	6084	6085	6087	6088	6092	6093	6108	6112	6113	6114	6116	6117	6203	6204	6207	6210	6212	6215	6217	6218	6220	6221	6222	6224	6227	6229	6234
2018-10-26 Fri	2695	2717	2728	2803	6040	6041	6042	6043	6046	6049	6053	6055	6056	6057	6058	6059	6062	6067	6069	6071	6075	6077	6080	6082	6083	6088	6090	6092	6093	6110	6112	6113	6115	6117	6201	6204	6207	6209	6210	6213	6218	6219	6224	6228	6229
2018-10-27 Sat	6042	6057	6058	6066	6072	6076	6077	6083	6090	6092	6109	6113	6117	6220	6225	6228	6231	6234	6235
2018-10-28 Sun	6057	6058	6059	6060	6070	6071	6075	6080	6092	6093	6113	6114	6202	6204	6210	6212	6224	6231	6232
2018-10-29 Mon	2624	2693	2695	2696	2714	6040	6042	6043	6048	6050	6053	6054	6055	6056	6065	6066	6068	6069	6071	6072	6075	6082	6086	6088	6108	6109	6110	6113	6114	6117	6202	6203	6204	6207	6210	6211	6214	6217	6218	6219	6220	6222	6224	6229	6231	6232	6236
2018-10-30 Tue	2653	2695	2720	2748	6040	6042	6043	6046	6048	6050	6056	6057	6059	6060	6063	6065	6066	6067	6068	6070	6072	6075	6076	6078	6082	6083	6088	6090	6091	6093	6109	6112	6114	6115	6117	6202	6203	6207	6209	6210	6213	6217	6222	6229	6231	6234	6236
2018-10-31 Wed	6041	6046	6049	6050	6053	6054	6055	6056	6057	6059	6062	6065	6067	6069	6070	6071	6076	6082	6083	6087	6088	6092	6093	6109	6112	6115	6116	6117	6204	6206	6207	6209	6210	6215	6216	6217	6220	6223	6226	6227	6228	6229	6231	6232	6235
2018-11-01 Thu	2746	6040	6042	6043	6046	6049	6053	6054	6057	6061	6066	6067	6069	6070	6072	6075	6076	6082	6084	6085	6086	6087	6088	6090	6091	6109	6110	6112	6113	6114	6206	6209	6210	6212	6213	6214	6216	6221	6222	6223	6225	6229	6231	6232	6234	6235	6237	6238
2018-11-02 Fri	2688	2723	6040	6041	6046	6048	6050	6053	6054	6055	6057	6058	6060	6062	6065	6070	6075	6078	6080	6085	6086	6087	6092	6108	6109	6110	6113	6114	6115	6116	6203	6207	6212	6213	6216	6217	6218	6220	6221	6223	6224	6225	6227	6231	6232	6234	6235
2018-11-03 Sat	6040	6052	6061	6062	6065	6076	6078	6112	6113	6116	6208	6212	6213	6217	6224	6228	6229	6236	6238
2018-11-04 Sun	6042	6048	6052	6057	6062	6065	6071	6082	6083	6084	6203	6204	6210	6213	6215	6227	6228	6236	6238
2018-11-05 Mon	2625	2636	6040	6042	6043	6046	6048	6049	6053	6055	6057	6060	6069	6070	6071	6075	6078	6079	6080	6082	6083	6085	6087	6090	6091	6092	6093	6115	6116	6204	6205	6206	6209	6210	6212	6214	6215	6221	6223	6224	6228	6230	6231	6232	6234	6235
2018-11-06 Tue	2680	2726	2747	6040	6042	6049	6050	6058	6060	6061	6062	6067	6070	6071	6072	6076	6077	6078	6080	6082	6083	6085	6087	6088	6091	6092	6108	6110	6112	6113	6114	6115	6212	6213	6216	6217	6220	6224	6225	6226	6227	6230	6232	6234	6235
2018-11-07 Wed	2625	2712	2723	2728	6043	6048	6052	6054	6057	6058	6060	6064	6067	6070	6071	6072	6075	6076	6077	6083	6088	6092	6093	6109	6112	6113	6115	6116	6204	6205	6207	6208	6209	6210	6212	6217	6218	6222	6223	6224	6225	6226	6228	6230	6231	6235	6237
2018-11-08 Thu	6040	6048	6049	6050	6052	6053	6054	6059	6061	6062	6063	6069	6075	6078	6079	6081	6082	6084	6086	6091	6092	6108	6110	6112	6114	6115	6116	6203	6204	6205	6209	6212	6213	6214	6215	6217	6218	6221	6226	6228	6229	6232	6234	6235	6236
2018-11-09 Fri	2607	2712	2718	2723	2734	2812	6040	6042	6045	6048	6050	6052	6053	6057	6060	6061	6064	6065	6067	6076	6078	6081	6082	6083	6084	6092	6108	6110	6112	6113	6114	6116	6117	6206	6208	6210	6211	6213	6214	6215	6219	6222	6224	6225	6226	6230	6231	6232	6235	6236	6237
2018-11-10 Sat	6048	6058	6062	6063	6071	6072	6077	6078	6083	6087	6092	6113	6115	6116	6205	6208	6214	6216	6232
2018-11-11 Sun	6040	6044	6049	6050	6058	6059	6063	6070	6071	6075	6080	6084	6086	6203	6208	6210	6214	6216
2018-11-12 Mon	2607	2636	2715	2718	6040	6044	6050	6052	6053	6055	6058	6062	6065	6067	6069	6071	6072	6075	6076	6080	6082	6083	6088	6091	6092	6108	6109	6110	6112	6116	6117	6203	6204	6205	6206	6208	6210	6212	6213	6217	6220	6222	6225	6229	6231	6236	6238
2018-11-13 Tue	2636	2688	2712	2729	6040	6041	6048	6050	6053	6054	6059	6061	6063	6067	6070	6071	6078	6080	6083	6088	6092	6108	6110	6112	6115	6117	6203	6204	6205	6206	6209	6210	6212	6214	6217	6219	6221	6225	6226	6227	6228	6231	6232	6235	6236	6238
2018-11-14 Wed	2688	2693	2695	6041	6043	6048	6052	6057	6058	6059	6064	6065	6066	6067	6069	6070	6071	6088	6092	6093	6108	6110	6112	6115	6116	6203	6206	6207	6208	6210	6214	6216	6218	6219	6220	6221	6222	6223	6224	6229	6231	6235	6237	6238
2018-11-15 Thu	2688	2711	6042	6044	6046	6048	6049	6050	6053	6054	6059	6061	6062	6063	6064	6065	6068	6070	6072	6075	6076	6077	6078	6080	6084	6085	6087	6092	6093	6108	6110	6112	6116	6117	6203	6204	6205	6206	6207	6208	6209	6210	6212	6217	6218	6219	6220	6221	6223	6229	6236
2018-11-16 Fri	2667	6043	6044	6046	6049	6050	6052	6053	6054	6059	6060	6062	6064	6066	6069	6071	6077	6082	6085	6086	6087	6090	6091	6092	6108	6110	6112	6114	6206	6207	6208	6212	6216	6218	6219	6220	6223	6224	6227	6228	6230	6231	6232	6235	6237	6238
2018-11-17 Sat	6054	6057	6060	6066	6069	6075	6077	6082	6085	6086	6088	6109	6113	6114	6116	6206	6212	6217	6223	6231
2018-11-18 Sun	6044	6066	6070	6075	6077	6084	6117	6205	6206	6211	6216	6217	6220	6223	6229
2018-11-19 Mon	2610	2720	6040	6041	6043	6045	6050	6053	6057	6063	6065	6067	6069	6070	6072	6076	6078	6079	6080	6082	6084	6086	6087	6090	6109	6112	6113	6114	6116	6207	6211	6212	6216	6217	6218	6219	6222	6224	6225	6226	6227	6229	6230	6232	6234	6235	6237
2018-11-20 Tue	6043	6044	6045	6049	6050	6052	6055	6057	6060	6065	6066	6075	6080	6081	6082	6085	6088	6090	6091	6108	6109	6113	6115	6116	6117	6206	6208	6209	6216	6217	6218	6220	6223	6225	6226	6227	6228	6229	6231	6232	6234	6236	6238
2018-11-21 Wed	2610	2688	2693	2711	6042	6043	6044	6045	6046	6047	6050	6055	6058	6064	6069	6076	6077	6080	6084	6085	6086	6087	6090	6091	6110	6115	6116	6117	6205	6208	6209	6210	6211	6216	6217	6219	6220	6221	6222	6223	6224	6227	6228	6229	6230	6231	6238
2018-11-22 Thu	6042	6044	6054	6060	6076	6077	6083	6087	6090	6109	6110	6206	6207	6216	6219	6235	6236
2018-11-23 Fri	2608	2610	2626	2636	2695	2748	6040	6041	6043	6047	6050	6053	6055	6058	6068	6069	6071	6072	6076	6080	6083	6084	6085	6086	6087	6088	6091	6092	6108	6109	6110	6112	6113	6115	6209	6212	6219	6221	6223	6226	6228	6229	6231	6232	6238	6241
2018-11-24 Sat	6040	6052	6069	6072	6080	6081	6084	6087	6088	6093	6109	6112	6206	6209	6211	6212	6214	6230	6238
2018-11-25 Sun	6041	6048	6049	6053	6055	6057	6069	6072	6077	6081	6093	6114	6208	6221	6228	6237	6238
2018-11-26 Mon	2624	2667	2680	2704	2721	2747	2784	6041	6042	6044	6050	6053	6055	6057	6058	6059	6060	6062	6065	6067	6071	6072	6077	6081	6085	6086	6087	6088	6090	6108	6112	6114	6205	6207	6208	6209	6210	6211	6214	6219	6221	6225	6228	6232	6234	6235	6237	6241
2018-11-27 Tue	2609	2610	2624	2625	2653	2718	2729	2811	6040	6041	6042	6043	6044	6048	6049	6051	6053	6054	6057	6059	6060	6062	6063	6066	6067	6069	6071	6075	6076	6081	6083	6088	6092	6093	6110	6112	6113	6114	6209	6210	6219	6221	6224	6225	6226	6228	6230	6232	6234	6235	6236	6237	6238
2018-11-28 Wed	2608	2695	2711	2712	2717	2721	2723	2728	2747	2784	2811	6042	6044	6046	6047	6049	6051	6054	6060	6064	6066	6069	6070	6072	6080	6083	6086	6087	6091	6092	6108	6109	6112	6114	6115	6117	6206	6208	6212	6213	6214	6216	6219	6220	6221	6224	6229	6234	6238
2018-11-29 Thu	2625	2626	2636	2653	2680	2688	2725	2726	2729	2792	6040	6043	6044	6049	6050	6051	6053	6054	6060	6064	6065	6069	6070	6073	6075	6077	6080	6081	6084	6088	6108	6110	6114	6117	6206	6207	6208	6209	6216	6218	6222	6223	6229	6231	6236	6237	6238
2018-11-30 Fri	2667	2688	2696	2718	2720	2723	2746	2792	2812	6043	6044	6057	6060	6067	6069	6071	6077	6080	6081	6083	6084	6085	6086	6088	6090	6091	6092	6093	6108	6109	6110	6114	6117	6203	6208	6213	6218	6220	6221	6222	6224	6228	6229	6231	6234	6236	6237	6238	6241
2018-12-01 Sat	6052	6058	6059	6064	6071	6075	6077	6083	6087	6091	6093	6203	6206	6209	6219	6220	6225	6226	6229	6234	6236
2018-12-02 Sun	6040	6047	6054	6064	6073	6077	6108	6110	6209	6211	6219	6222	6224	6231	6234	6235	6236
2018-12-03 Mon	2607	2609	2610	2673	2693	2712	2804	2808	6040	6043	6047	6049	6053	6054	6058	6060	6065	6066	6069	6070	6075	6081	6085	6086	6091	6092	6109	6110	6114	6115	6117	6203	6204	6207	6208	6210	6211	6214	6218	6221	6222	6224	6225	6226	6228	6231	6234	6235	6237	6239	6240	6241
2018-12-04 Tue	2624	2704	2720	2721	2725	2747	6044	6049	6054	6057	6059	6060	6063	6065	6066	6067	6070	6071	6077	6084	6090	6091	6110	6114	6116	6117	6203	6209	6210	6217	6219	6220	6222	6223	6224	6228	6230	6231	6233	6234	6235	6237	6238	6239	6240
2018-12-05 Wed	2605	2624	2625	2626	2667	2718	2725	2804	6043	6044	6048	6049	6053	6054	6059	6063	6064	6065	6066	6067	6071	6073	6077	6083	6087	6088	6091	6092	6093	6110	6115	6116	6203	6207	6208	6210	6212	6213	6214	6216	6217	6219	6223	6225	6227	6234	6237	6238
2018-12-06 Thu	2609	2624	2693	2694	2728	6040	6044	6047	6051	6054	6055	6058	6060	6063	6064	6065	6067	6073	6081	6083	6085	6087	6088	6092	6093	6114	6115	6116	6203	6204	6210	6211	6216	6218	6220	6228	6229	6232	6233	6234	6237	6240
2018-12-07 Fri	2607	2624	2718	2719	2720	2763	6040	6049	6050	6051	6052	6053	6055	6058	6059	6060	6063	6064	6065	6066	6069	6070	6073	6075	6077	6081	6083	6086	6087	6091	6110	6115	6200	6203	6207	6209	6212	6217	6219	6221	6223	6224	6226	6228	6232	6234	6235	6241
2018-12-08 Sat	6048	6049	6065	6066	6067	6073	6084	6085	6088	6090	6115	6207	6209	6218	6219	6220	6222	6232	6236
2018-12-09 Sun	6044	6054	6055	6058	6063	6064	6084	6085	6115	6200	6207	6210	6218	6221	6222	6223	6234	6237
2018-12-10 Mon	2605	2636	2696	2721	2728	2792	2804	6042	6043	6047	6048	6049	6050	6052	6054	6055	6056	6058	6063	6065	6069	6073	6075	6077	6081	6083	6084	6087	6088	6090	6091	6092	6093	6109	6114	6116	6204	6207	6209	6210	6212	6220	6222	6227	6229	6233	6234	6235	6237	6238	6239
2018-12-11 Tue	2695	2718	2723	2726	2728	2729	2746	2792	6040	6042	6044	6047	6049	6050	6051	6053	6055	6058	6059	6065	6066	6067	6068	6070	6071	6075	6084	6086	6091	6092	6093	6108	6110	6115	6204	6207	6210	6212	6219	6220	6222	6224	6225	6226	6228	6230	6232	6234	6236
2018-12-12 Wed	2607	2609	2610	2636	2704	2711	2712	2749	2811	2812	6040	6042	6043	6048	6049	6051	6053	6054	6056	6057	6058	6066	6068	6070	6073	6075	6081	6085	6087	6091	6092	6115	6116	6200	6209	6219	6220	6224	6227	6228	6229	6230	6233	6234	6235	6236	6238	6239	6241
2018-12-13 Thu	2610	2667	2688	2693	2695	2710	2728	2803	6040	6043	6044	6045	6046	6047	6048	6049	6050	6054	6055	6056	6057	6058	6059	6065	6066	6069	6086	6087	6088	6090	6091	6092	6093	6108	6109	6114	6115	6117	6200	6203	6208	6212	6217	6221	6229	6231	6234	6235	6240
2018-12-14 Fri	2609	2624	2680	2711	2718	2721	2746	2792	2812	6043	6044	6046	6050	6053	6056	6059	6064	6065	6066	6070	6075	6083	6087	6090	6092	6108	6110	6114	6117	6200	6204	6207	6208	6216	6220	6223	6224	6226	6227	6228	6229	6230	6232	6233	6234	6237
2018-12-15 Sat	6047	6056	6067	6083	6084	6091	6108	6209	6212	6217	6220	6221	6223	6224	6232	6234	6240	6241
2018-12-16 Sun	6050	6053	6059	6080	6084	6093	6110	6203	6204	6207	6212	6216	6218	6220	6221	6232	6234	6237
2018-12-17 Mon	2607	2609	2723	2792	2811	2812	6043	6045	6050	6051	6053	6055	6057	6059	6064	6065	6067	6071	6072	6073	6079	6080	6084	6085	6087	6090	6091	6093	6115	6211	6212	6213	6216	6218	6224	6226	6227	6231	6233	6234	6235	6236	6237	6238	6239	6240	6241
2018-12-18 Tue	2605	2607	2653	2693	2695	2696	2704	2712	2729	2765	2784	2811	6043	6050	6051	6054	6055	6057	6059	6060	6063	6065	6075	6077	6078	6079	6083	6085	6086	6087	6108	6109	6112	6115	6200	6207	6209	6210	6212	6213	6216	6217	6221	6226	6227	6228	6229	6230	6231	6235	6238	6239	6241
2018-12-19 Wed	2653	2693	2709	2719	2723	2803	2812	6042	6045	6047	6050	6051	6054	6057	6059	6060	6064	6065	6067	6071	6075	6077	6081	6092	6093	6108	6114	6117	6200	6203	6207	6208	6210	6211	6213	6217	6219	6222	6223	6227	6229	6231	6232	6233	6234	6236	6237	6238	6239	6241
2018-12-20 Thu	2609	2625	2636	2680	2695	2718	2723	2728	6042	6043	6050	6051	6054	6056	6059	6063	6069	6072	6073	6075	6077	6078	6080	6081	6083	6091	6092	6093	6113	6115	6116	6117	6204	6207	6209	6210	6215	6219	6221	6227	6229	6232	6233	6234	6235	6237	6238	6241
2018-12-21 Fri	2625	2680	2709	6044	6045	6049	6051	6054	6055	6056	6059	6062	6063	6064	6067	6069	6071	6072	6073	6077	6080	6084	6085	6091	6092	6093	6109	6115	6117	6212	6213	6218	6220	6221	6222	6223	6226	6227	6229	6230	6231	6233	6234	6235	6237	6240
2018-12-22 Sat	6049	6057	6062	6063	6064	6071	6075	6077	6091	6109	6115	6117	6208	6217	6218	6223	6230	6231	6236	6238
2018-12-23 Sun	6042	6049	6057	6066	6071	6075	6077	6080	6091	6207	6208	6230	6231	6232	6233	6235	6238
2018-12-24 Mon	2680	2696	2717	2723	2747	2784	6042	6043	6044	6051	6055	6056	6057	6066	6069	6072	6077	6078	6079	6081	6084	6085	6086	6088	6109	6112	6113	6114	6116	6200	6203	6204	6207	6208	6209	6211	6213	6224	6226	6228	6229	6232	6234	6237	6240	6241
2018-12-25 Tue	6047	6060	6067	6069	6075	6077	6083	6085	6108	6112	6203	6212	6215	6228	6238	6240
2018-12-26 Wed	2718	2808	6040	6043	6050	6053	6055	6056	6059	6060	6062	6063	6066	6067	6069	6073	6077	6078	6079	6080	6081	6084	6088	6091	6092	6093	6108	6114	6115	6117	6200	6207	6208	6210	6212	6213	6214	6219	6220	6223	6224	6229	6230	6237	6238	6239	6240	6241
2018-12-27 Thu	2719	6042	6043	6044	6045	6049	6051	6053	6059	6060	6064	6065	6072	6078	6080	6082	6083	6085	6088	6091	6092	6108	6116	6200	6203	6208	6209	6210	6214	6215	6217	6218	6219	6221	6224	6226	6228	6230	6231	6233	6235	6236	6238	6240	6241
2018-12-28 Fri	2605	2696	2721	2747	6042	6043	6045	6054	6056	6064	6066	6069	6070	6072	6073	6078	6079	6081	6082	6085	6092	6108	6109	6112	6113	6114	6115	6116	6203	6207	6209	6211	6213	6214	6217	6218	6219	6221	6222	6230	6231	6233	6234	6235	6241
2018-12-29 Sat	6044	6049	6059	6063	6072	6073	6075	6081	6082	6092	6113	6203	6209	6212	6215	6219	6230	6231	6240
2018-12-30 Sun	6043	6047	6049	6060	6064	6078	6082	6112	6114	6200	6203	6204	6218	6221	6222	6236	6240
2018-12-31 Mon	2605	2711	2717	2723	2726	2749	6040	6042	6043	6044	6045	6049	6050	6055	6064	6070	6073	6075	6080	6081	6083	6084	6085	6086	6090	6091	6108	6112	6114	6115	6206	6210	6215	6218	6219	6221	6222	6224	6227	6228	6231	6233	6235	6237	6241
2019-01-01 Tue	6040	6043	6045	6049	6063	6065	6067	6076	6083	6085	6088	6093	6214	6215	6223	6230	6240
2019-01-02 Wed	2720	6040	6045	6049	6053	6054	6056	6058	6060	6062	6063	6064	6070	6072	6077	6079	6081	6083	6084	6087	6088	6091	6092	6093	6112	6114	6116	6200	6207	6208	6209	6213	6214	6218	6221	6222	6223	6225	6227	6228	6229	6230	6232	6234	6237
2019-01-03 Thu	2696	2709	6040	6043	6045	6047	6049	6059	6060	6064	6065	6067	6072	6073	6076	6079	6081	6083	6088	6090	6091	6110	6112	6113	6114	6115	6117	6204	6207	6209	6210	6213	6215	6220	6221	6222	6227	6228	6230	6231	6232	6235	6238	6239
2019-01-04 Fri	2609	2696	2729	6045	6047	6053	6056	6058	6062	6065	6068	6073	6076	6078	6081	6083	6087	6088	6090	6092	6093	6110	6114	6116	6207	6208	6209	6210	6211	6213	6219	6222	6223	6227	6228	6229	6230	6232	6234	6235	6236	6238	6239	6240
2019-01-05 Sat	6040	6043	6045	6062	6067	6077	6081	6087	6111	6113	6114	6200	6207	6210	6214	6220	6226	6227	6235
2019-01-06 Sun	6042	6045	6056	6067	6073	6108	6110	6113	6208	6210	6215	6218	6222	6225	6230	6233
2019-01-07 Mon	2680	2721	2812	6043	6045	6055	6056	6057	6059	6065	6067	6075	6077	6078	6079	6080	6081	6082	6084	6085	6088	6090	6092	6093	6110	6113	6114	6117	6200	6204	6208	6209	6210	6211	6213	6214	6215	6220	6221	6225	6226	6227	6228	6229	6236	6237	6239	6241
2019-01-08 Tue	2607	2721	6042	6043	6045	6047	6049	6053	6058	6059	6060	6061	6063	6064	6070	6075	6077	6080	6081	6082	6083	6084	6085	6087	6088	6090	6108	6110	6112	6114	6115	6116	6117	6208	6209	6215	6220	6222	6226	6228	6230	6233	6234	6235	6237	6238	6239	6240	6241	8135
2019-01-09 Wed	6042	6047	6053	6056	6062	6063	6065	6066	6067	6068	6070	6071	6072	6073	6075	6080	6081	6082	6083	6084	6088	6091	6110	6112	6114	6115	6116	6117	6200	6204	6207	6211	6213	6215	6218	6220	6221	6223	6225	6227	6228	6229	6231	6233	6234	8135	8143
2019-01-10 Thu	6047	6049	6052	6055	6057	6058	6060	6061	6063	6064	6065	6070	6071	6075	6077	6078	6079	6081	6082	6083	6084	6085	6086	6088	6090	6092	6110	6111	6112	6114	6116	6200	6211	6218	6219	6220	6224	6225	6227	6229	6230	6231	6232	6234	6237	6239
2019-01-11 Fri	2710	6043	6049	6053	6057	6059	6061	6062	6063	6067	6068	6070	6075	6076	6077	6079	6080	6081	6082	6084	6088	6091	6092	6093	6110	6111	6114	6115	6116	6200	6201	6208	6209	6210	6211	6219	6221	6223	6224	6226	6227	6230	6235	6236	6238	6240	6241
2019-01-12 Sat	6042	6043	6046	6047	6056	6075	6084	6086	6200	6212	6213	6214	6223	6229	6232	6234	6237	6238	6239	6240
2019-01-13 Sun	6041	6042	6043	6046	6047	6050	6055	6060	6063	6080	6084	6085	6113	6211	6224	6226	6231	6235	6238
2019-01-14 Mon	2710	2794	2811	6046	6052	6053	6054	6056	6057	6060	6062	6063	6064	6065	6066	6068	6070	6072	6075	6079	6083	6085	6090	6092	6111	6112	6114	6115	6202	6211	6212	6213	6218	6220	6221	6222	6224	6227	6230	6231	6233	6234	6235	6238	6240	6241
