2018-09-17 Mon	6001	6004	6006	6008	6009	6010	6016	6017	6018	6095	6096	6097	6102	6104	6105
2018-09-18 Tue	6000	6005	6006	6008	6009	6010	6014	6016	6017	6095	6096	6104	6105	6107	8133
2018-09-19 Wed	6000	6001	6006	6009	6010	6011	6012	6016	6017	6019	6095	6096	6098	6100	6105	6222	8115
2018-09-20 Thu	6000	6001	6003	6004	6005	6007	6009	6010	6014	6018	6019	6095	6097	6098	6104	8115
2018-09-21 Fri	6000	6004	6005	6007	6008	6014	6016	6017	6019	6089	6095	6096	6100	6104	6221	6225	6973	8126
2018-09-22 Sat	6003	6004	6008	6018	6019	6089	6100	6103	6105
2018-09-23 Sun	6003	6005	6018	6019	6096	6098	6100	6103	6105
2018-09-24 Mon	6000	6003	6004	6005	6008	6010	6015	6017	6089	6095	6096	6098	6103	6104	6107
2018-09-25 Tue	6001	6002	6003	6005	6006	6007	6010	6013	6014	6016	6018	6019	6095	6096	6098	6103	6105
2018-09-26 Wed	6002	6003	6004	6010	6013	6017	6018	6019	6089	6094	6095	6097	6098	6103	6104	6105	6107
2018-09-27 Thu	6000	6001	6003	6004	6005	6006	6010	6011	6016	6017	6018	6089	6094	6096	6097	6098	6099	6100
2018-09-28 Fri	6001	6002	6005	6007	6008	6010	6013	6014	6015	6016	6019	6096	6097	6099	6104	6106	6107
2018-09-29 Sat	6003	6006	6007	6012	6014	6015	6016	6019	6099	6100
2018-09-30 Sun	6003	6005	6006	6007	6012	6014	6016	6018	6098
2018-10-01 Mon	6004	6005	6006	6011	6012	6014	6015	6016	6017	6089	6094	6096	6099	6103	6105
2018-10-02 Tue	6001	6002	6003	6004	6006	6017	6018	6089	6094	6095	6096	6097	6098	6099	6103	6104	6105	6107
2018-10-03 Wed	6000	6003	6004	6005	6007	6010	6014	6019	6094	6095	6099	6104	6105	6106	6107
2018-10-04 Thu	6000	6003	6004	6005	6007	6008	6012	6014	6017	6018	6089	6094	6097	6099	6105	6107
2018-10-05 Fri	6002	6003	6007	6014	6015	6016	6017	6018	6019	6094	6095	6096	6097	6098	6100	6103	6104	6105	6106	8147
2018-10-06 Sat	6000	6002	6004	6015	6017	6018	6097	6105	6106
2018-10-07 Sun	6002	6014	6015	6017	6018	6096	6097	6104	6106	6107
2018-10-08 Mon	6001	6005	6007	6008	6014	6016	6017	6018	6099	6100	6103	6104	6105	6106	6107	6972	8120
2018-10-09 Tue	6000	6005	6007	6008	6012	6015	6018	6089	6094	6096	6099	6101	6103	6105	6106	6107	8106	8134
2018-10-10 Wed	6001	6002	6003	6004	6008	6014	6015	6018	6019	6089	6094	6096	6099	6101	6103	6104	6105	6107
2018-10-11 Thu	6000	6001	6002	6003	6007	6011	6012	6013	6014	6018	6089	6094	6095	6096	6101	6107	6985
2018-10-12 Fri	6000	6002	6003	6007	6008	6013	6014	6015	6016	6018	6089	6096	6099	6101	6103	6104
2018-10-13 Sat	6000	6003	6007	6011	6012	6013	6016	6094	6095	6096
2018-10-14 Sun	6000	6001	6002	6003	6008	6015	6089	6095	6097	6098
2018-10-15 Mon	6001	6002	6003	6005	6007	6011	6014	6015	6089	6095	6097	6098	6104	6105	6107	6921	8136	8144
2018-10-16 Tue	6001	6002	6003	6005	6006	6008	6011	6013	6014	6016	6089	6096	6097	6098	6099	6105	6106	6107
2018-10-17 Wed	6000	6001	6005	6006	6007	6008	6009	6010	6011	6013	6095	6096	6097	6098	6101	6104	6105	6106	6107	8139
2018-10-18 Thu	6000	6002	6004	6005	6006	6008	6011	6012	6013	6015	6095	6097	6100	6101	6104	6106
2018-10-19 Fri	6000	6002	6004	6010	6012	6013	6014	6015	6016	6089	6095	6097	6099	6100	6104	6105	6107
2018-10-20 Sat	6001	6004	6012	6016	6089	6099	6100	6101	6104	6106
2018-10-21 Sun	6001	6004	6006	6010	6011	6014	6089	6100	6101
2018-10-22 Mon	6001	6002	6004	6005	6007	6008	6010	6011	6012	6013	6015	6096	6097	6098	6099	6104	6107
2018-10-23 Tue	6001	6003	6004	6007	6009	6010	6011	6012	6014	6096	6098	6099	6100	6104	6105	6107
2018-10-24 Wed	6000	6001	6004	6010	6011	6012	6015	6016	6096	6097	6098	6099	6100	6103	6105	6107	8114
2018-10-25 Thu	6000	6001	6003	6004	6007	6008	6010	6011	6012	6013	6014	6015	6016	6096	6104	6105	6107
2018-10-26 Fri	6001	6002	6004	6008	6009	6010	6014	6015	6019	6089	6096	6097	6100	6101	6106	6107
2018-10-27 Sat	6000	6001	6007	6012	6013	6015	6019	6096	6097	6100	6101	6105
2018-10-28 Sun	6001	6003	6006	6007	6008	6009	6010	6098	6100	6103
2018-10-29 Mon	6000	6002	6003	6004	6008	6010	6012	6015	6019	6094	6096	6098	6100	6103	6104	6105	7182	8126
2018-10-30 Tue	6000	6003	6004	6007	6014	6015	6016	6019	6089	6098	6100	6101	6104	6105	6106	6107	8128
2018-10-31 Wed	6001	6003	6006	6007	6008	6011	6013	6014	6016	6019	6089	6095	6096	6098	6101	6106	8104
2018-11-01 Thu	6000	6001	6004	6005	6006	6008	6009	6014	6016	6095	6097	6100	6101	6104	6105	6106
2018-11-02 Fri	6003	6005	6006	6011	6012	6014	6016	6019	6095	6096	6097	6099	6100	6101	6103
2018-11-03 Sat	6004	6006	6009	6014	6016	6096	6098	6099	6105
2018-11-04 Sun	6000	6001	6006	6009	6019	6094	6097	6098
2018-11-05 Mon	6000	6001	6004	6005	6006	6007	6008	6012	6013	6014	6016	6094	6096	6097	6101	6105
2018-11-06 Tue	6002	6005	6006	6008	6009	6010	6011	6012	6013	6014	6015	6016	6096	6097	6099	6100	6103	6106
2018-11-07 Wed	6002	6006	6008	6009	6010	6012	6014	6016	6019	6094	6096	6097	6098	6101	6103	6105	6106
2018-11-08 Thu	6001	6002	6004	6005	6007	6010	6011	6012	6015	6089	6097	6098	6099	6100	6104	6105	6106
2018-11-09 Fri	6002	6004	6005	6006	6009	6011	6012	6015	6016	6019	6089	6094	6096	6097	6099	6101	6105	6106
2018-11-10 Sat	6002	6004	6010	6014	6097	6101	6103	6104	6105
2018-11-11 Sun	6000	6002	6010	6011	6014	6015	6089	6095	6104	6105
2018-11-12 Mon	6000	6001	6002	6003	6005	6006	6007	6008	6010	6012	6014	6019	6095	6096	6097	6101	6103	6104	6106	8135
2018-11-13 Tue	6000	6001	6002	6004	6006	6010	6016	6017	6018	6019	6089	6096	6097	6098	6103	6104
2018-11-14 Wed	6000	6003	6005	6006	6007	6008	6009	6010	6015	6017	6019	6094	6096	6097	6098	6101	6104	6106
2018-11-15 Thu	6000	6001	6002	6003	6005	6006	6009	6010	6012	6014	6015	6018	6097	6098	6104	6105
2018-11-16 Fri	6000	6001	6003	6007	6009	6012	6015	6016	6019	6089	6094	6095	6099	6103	6104	6105	6106
2018-11-17 Sat	6004	6008	6018	6094	6095	6099	6100	6101	6103
2018-11-18 Sun	6001	6004	6008	6018	6094	6095	6098	6100	6101	6105
2018-11-19 Mon	6000	6001	6002	6005	6014	6017	6018	6089	6095	6097	6098	6099	6100	6101	6104	6105	6106
2018-11-20 Tue	6000	6001	6003	6004	6008	6009	6016	6019	6095	6097	6098	6099	6103	6104	6105	6106	8136
2018-11-21 Wed	6001	6003	6005	6008	6009	6010	6014	6018	6089	6094	6095	6098	6099	6105	6106	8130
2018-11-22 Thu	6003	6004	6005	6009	6010	6012	6018	6099	6103	6104
2018-11-23 Fri	6000	6003	6004	6005	6006	6009	6010	6012	6014	6015	6018	6099	6100	6104	6106	6107	8125
2018-11-24 Sat	6003	6008	6018	6089	6095	6100	6104	6105	6106
2018-11-25 Sun	6003	6009	6010	6018	6089	6095	6100	6103	6104	6107
2018-11-26 Mon	6000	6001	6003	6004	6006	6008	6011	6014	6017	6018	6089	6095	6098	6099	6100	6106	6107
2018-11-27 Tue	6002	6004	6007	6008	6009	6010	6011	6014	6017	6018	6089	6094	6095	6098	6099	6107	8112
2018-11-28 Wed	6000	6002	6003	6008	6009	6011	6012	6014	6089	6094	6097	6098	6099	6101	6104	6105	6106	6107
2018-11-29 Thu	6002	6003	6004	6005	6007	6008	6010	6011	6012	6014	6016	6018	6095	6097	6100	6103	6104	6106
2018-11-30 Fri	6000	6002	6003	6007	6008	6010	6012	6015	6016	6018	6097	6098	6099	6103	6104	6105
2018-12-01 Sat	6002	6003	6006	6010	6017	6098	6101	6106	6107
2018-12-02 Sun	6002	6003	6006	6012	6016	6018	6098	6103	6106	6107
2018-12-03 Mon	6000	6002	6004	6005	6006	6008	6014	6016	6018	6094	6095	6098	6099	6100	6104	8103
2018-12-04 Tue	6000	6002	6005	6006	6009	6010	6011	6012	6014	6015	6017	6018	6094	6098	6105	6107
2018-12-05 Wed	6003	6004	6006	6008	6009	6011	6012	6014	6015	6018	6098	6100	6102	6103	6104	8117	8142
2018-12-06 Thu	6001	6002	6003	6004	6005	6007	6009	6012	6017	6095	6096	6098	6099	6102	6103	6104
2018-12-07 Fri	6000	6001	6003	6004	6006	6008	6011	6014	6015	6017	6094	6099	6100	6101	6102	6105	8132
2018-12-08 Sat	6000	6004	6006	6011	6015	6099	6100	6101	6102
2018-12-09 Sun	6003	6006	6011	6014	6015	6095	6099	6102	6105
2018-12-10 Mon	6000	6001	6002	6007	6008	6009	6014	6015	6017	6095	6096	6097	6099	6101	6102	6104	6105	6107
2018-12-11 Tue	6000	6002	6006	6008	6010	6014	6015	6017	6089	6096	6099	6100	6102	6103	6104	6105	6106
2018-12-12 Wed	6000	6002	6003	6004	6005	6006	6007	6008	6009	6012	6014	6017	6097	6099	6100	6101	6105	8112
2018-12-13 Thu	6003	6004	6005	6007	6008	6009	6012	6015	6017	6095	6098	6099	6100	6101	6103	6106	6107
2018-12-14 Fri	6000	6004	6005	6006	6007	6008	6009	6010	6012	6015	6016	6094	6096	6097	6098	6100	6102	6106
2018-12-15 Sat	6000	6003	6005	6010	6014	6017	6094	6095	6098	6105	6107
2018-12-16 Sun	6003	6014	6017	6089	6094	6095	6096	6098	6105	6107
2018-12-17 Mon	6000	6003	6008	6011	6012	6016	6089	6094	6095	6096	6097	6098	6099	6104	6106
2018-12-18 Tue	6000	6007	6009	6012	6015	6016	6017	6089	6094	6098	6100	6101	6102	6104	6107	8109	8119
2018-12-19 Wed	6000	6002	6003	6006	6007	6008	6012	6014	6017	6089	6094	6098	6100	6101	6104	6107	8106	8142
2018-12-20 Thu	6000	6003	6004	6005	6011	6012	6014	6015	6016	6017	6095	6099	6101	6102	6104	6106	6107	8107
2018-12-21 Fri	6000	6002	6004	6006	6007	6009	6011	6012	6015	6017	6089	6095	6096	6098	6102	6105
2018-12-22 Sat	6002	6005	6006	6007	6017	6095	6096	6098	6105	6856
2018-12-23 Sun	6001	6002	6007	6009	6014	6017	6096	6098	6100	6104
2018-12-24 Mon	6003	6004	6005	6008	6010	6015	6017	6096	6097	6099	6101	6102	6104	6105	6107	8114
2018-12-25 Tue	6005	6008	6010	6014	6015	6097	6100	6101	6102
2018-12-26 Wed	6001	6002	6003	6005	6007	6008	6010	6012	6018	6095	6096	6097	6098	6099	6100	6101	6104	6107
2018-12-27 Thu	6000	6001	6002	6003	6004	6005	6007	6008	6009	6010	6015	6018	6089	6094	6097	6098	6101	6104	6105
2018-12-28 Fri	6000	6001	6003	6004	6005	6007	6009	6011	6014	6015	6017	6094	6095	6104	6105	6107
2018-12-29 Sat	6000	6001	6003	6007	6012	6094	6101	6102	6107
2018-12-30 Sun	6003	6009	6011	6012	6018	6095	6097	6098	6102	6105
2018-12-31 Mon	6000	6001	6003	6004	6011	6014	6015	6017	6018	6094	6095	6097	6099	6101	6102	6105	8110
2019-01-01 Tue	6001	6005	6009	6011	6014	6015	6097	6101	6107
2019-01-02 Wed	6000	6001	6002	6004	6009	6012	6014	6015	6016	6017	6094	6095	6097	6098	6099	6100	6102
2019-01-03 Thu	6000	6001	6005	6007	6009	6010	6012	6014	6015	6016	6018	6094	6095	6096	6097	6098	6099	6100	6102	6103
2019-01-04 Fri	6000	6001	6004	6008	6010	6011	6015	6016	6017	6018	6089	6097	6098	6099	6101	6103	6107
2019-01-05 Sat	6000	6003	6004	6010	6015	6018	6089	6096	6097	6099	6101
2019-01-06 Sun	6004	6005	6011	6012	6017	6018	6094	6096	6099	6100
2019-01-07 Mon	6001	6006	6008	6012	6014	6017	6018	6094	6097	6098	6099	6100	6101	6105	6107	8125
2019-01-08 Tue	6000	6002	6004	6005	6006	6010	6011	6012	6015	6016	6017	6094	6096	6099	6100	6101	6102
2019-01-09 Wed	6001	6003	6004	6005	6006	6007	6010	6011	6012	6016	6017	6094	6097	6100	6101	6105
2019-01-10 Thu	6000	6003	6005	6007	6009	6010	6016	6017	6095	6096	6098	6099	6100	6101	6103	6105	6107
2019-01-11 Fri	6000	6001	6003	6004	6005	6006	6007	6009	6011	6089	6094	6098	6099	6100	6101	6102	8115
2019-01-12 Sat	6006	6007	6008	6009	6096	6098	6102	6103	6107
2019-01-13 Sun	6003	6006	6007	6015	6096	6103	6105	6106	6107
2019-01-14 Mon	6000	6003	6007	6014	6015	6016	6017	6094	6095	6096	6100	6101	6103	6106	6107
