2018-09-17 Mon	4305	4409	4500	4506	4507	4509	4511	4513	4514	4520	4521	4524	4525	4529	4532	4536	4546	4547	4548	4550	4552	4553	4554	4556	4561	4562
2018-09-18 Tue	4303	4331	4402	4500	4501	4502	4507	4511	4513	4514	4515	4516	4518	4519	4520	4521	4523	4526	4534	4537	4540	4542	4543	4544	4545	4550	4556	4557	4558	4563
2018-09-19 Wed	4311	4327	4366	4500	4501	4506	4508	4509	4510	4513	4515	4516	4519	4521	4525	4526	4529	4532	4533	4534	4537	4540	4546	4547	4550	4552	4553	4554	4556	4558	4562
2018-09-20 Thu	4351	4359	4500	4503	4504	4505	4508	4511	4512	4513	4519	4520	4524	4527	4529	4531	4532	4533	4536	4541	4544	4546	4548	4550	4552	4554	4555	4558	4559	4560	4562	4563
2018-09-21 Fri	2607	2688	4301	4327	4500	4502	4503	4508	4511	4515	4516	4519	4520	4523	4524	4527	4531	4532	4533	4537	4541	4542	4543	4546	4548	4555	4556	4557	4558	4560	4561	4563
2018-09-22 Sat	2688
2018-09-24 Mon	4303	4326	4404	4504	4505	4508	4511	4514	4515	4521	4523	4525	4529	4532	4533	4538	4540	4542	4552	4554	4556	4558	4559	4561	4562	4563
2018-09-25 Tue	4305	4310	4320	4323	4327	4503	4505	4509	4510	4511	4514	4515	4520	4524	4525	4526	4527	4533	4535	4536	4539	4541	4542	4543	4546	4547	4550	4552	4562	4563
2018-09-26 Wed	4323	4375	4379	4403	4502	4504	4505	4510	4513	4515	4519	4521	4523	4524	4525	4531	4532	4535	4536	4538	4539	4544	4547	4548	4550	4555	4561	4563
2018-09-27 Thu	4317	4321	4370	4377	4406	4500	4502	4503	4504	4507	4508	4510	4513	4516	4518	4519	4520	4529	4531	4533	4535	4536	4537	4538	4540	4541	4547	4550	4552	4555	4557	4559	4563
2018-09-28 Fri	2695	2803	2808	4500	4503	4509	4510	4511	4516	4518	4519	4523	4524	4526	4529	4533	4536	4543	4544	4546	4556	4557	4558	4559	4563
2018-09-29 Sat	2600	2610	2626	2629	2634	2637	2645	2648	2670	2673	2678	2683	2710	2715	2717	2719	2736	2764	2790	2803	2807
2018-09-30 Sun	2610	2624	2678	2683	2695	2701	2705	2708	2711	2715	2717	2719	2720	2725	2728	2748	2749	2766	2790	2808
2018-10-01 Mon	2683	2812	4373	4389	4394	4500	4502	4514	4515	4518	4519	4520	4522	4523	4524	4526	4527	4529	4533	4535	4538	4539	4540	4543	4544	4550	4553	4554	4555	4557	4558	4559
2018-10-02 Tue	4326	4388	4393	4501	4502	4503	4507	4509	4510	4515	4516	4519	4524	4527	4529	4535	4536	4538	4539	4541	4542	4548	4550	4552	4553	4555	4556	4557	4559	4562	4563
2018-10-03 Wed	4329	4338	4399	4501	4504	4505	4507	4509	4510	4511	4514	4518	4521	4522	4524	4527	4531	4535	4539	4540	4543	4546	4547	4550	4558	4559
2018-10-04 Thu	4320	4323	4368	4502	4503	4505	4507	4508	4511	4513	4514	4515	4519	4521	4522	4523	4524	4531	4533	4535	4537	4544	4547	4548	4554	4555	4556	4558	4559	4563	6221
2018-10-05 Fri	2653	2667	4328	4384	4399	4500	4502	4504	4508	4510	4511	4519	4522	4523	4524	4525	4526	4527	4535	4540	4541	4543	4544	4546	4548	4551	4554	4557	4559	4561	4562	4563
2018-10-06 Sat	2605	2607	2613	2614	2636	2637	2651	2667	2668	2671	2674	2681	2689	2703	2710	2718	2746	2766	2780	2787	2812
2018-10-07 Sun	2605	2609	2612	2613	2616	2625	2634	2653	2705	2708	2712	2715	2721	2728	2737	2764	2797	2803	2811	2812	7126
2018-10-08 Mon	2728	4317	4337	4351	4371	4396	4504	4506	4507	4508	4509	4511	4512	4513	4518	4519	4521	4522	4531	4538	4540	4543	4546	4551	4552	4553	4556	4559	4561	4563
2018-10-09 Tue	4303	4317	4353	4504	4507	4509	4511	4512	4513	4516	4524	4526	4532	4537	4538	4539	4540	4541	4543	4546	4551	4552	4554	4555	4556	4557	4559	4560	4562	4563
2018-10-10 Wed	4309	4368	4502	4503	4507	4508	4510	4511	4514	4516	4521	4523	4524	4525	4527	4529	4533	4535	4540	4541	4542	4543	4544	4545	4547	4548	4551	4554	4557	4559	4560	4561	4562
2018-10-11 Thu	4339	4376	4398	4501	4506	4509	4510	4511	4516	4518	4519	4521	4522	4524	4525	4529	4530	4532	4535	4537	4538	4539	4541	4542	4543	4544	4548	4550	4556	4557	4559	4563
2018-10-12 Fri	2609	2667	2695	2710	2711	2719	2720	2726	2728	2789	2811	4355	4400	4500	4501	4503	4505	4506	4510	4511	4514	4515	4516	4518	4524	4525	4527	4530	4531	4532	4533	4537	4538	4541	4542	4543	4546	4547	4556	4561
2018-10-13 Sat	2606	2617	2624	2638	2648	2678	2691	2695	2703	2714	2715	2717	2720	2723	2725	2728	2764	2765	2770	2776	2786	2803
2018-10-14 Sun	2606	2609	2612	2625	2636	2638	2688	2709	2711	2714	2719	2720	2721	2747	2764	2776	2804	2808	2812
2018-10-15 Mon	2776	4339	4357	4368	4500	4503	4505	4506	4508	4511	4513	4514	4515	4521	4522	4529	4530	4532	4535	4539	4543	4544	4545	4546	4547	4550	4554	4555	4556	4560	4561	4562
2018-10-16 Tue	4303	4398	4500	4502	4503	4505	4509	4513	4516	4518	4521	4524	4525	4530	4535	4537	4538	4540	4541	4542	4545	4547	4552	4553	4554	4555	4556	4559	4562	4563
2018-10-17 Wed	4379	4388	4390	4502	4504	4511	4513	4514	4521	4523	4527	4533	4534	4538	4539	4540	4541	4543	4544	4545	4547	4552	4554	4555	4556	4557	4558	4559	4560	4562
2018-10-18 Thu	4303	4310	4351	4383	4390	4501	4502	4503	4505	4508	4512	4515	4518	4519	4521	4522	4526	4527	4531	4534	4540	4542	4543	4545	4546	4548	4550	4558	4560
2018-10-19 Fri	2667	2726	4329	4334	4339	4501	4502	4504	4505	4510	4512	4513	4514	4515	4518	4521	4523	4524	4527	4538	4539	4540	4541	4543	4545	4546	4550	4552	4554	4557	4558
2018-10-20 Sat	2608	2616	2625	2636	2647	2667	2672	2675	2680	2706	2718	2720	2726	2728	2735	2736	2767	2794	2804	2808
2018-10-21 Sun	2605	2607	2608	2624	2636	2638	2705	2712	2717	2718	2721	2726	2728	2729	2763	2780	2789	2792	2804	2812
2018-10-22 Mon	2636	4362	4377	4388	4500	4501	4502	4504	4505	4508	4510	4511	4514	4518	4521	4522	4525	4526	4530	4532	4537	4540	4544	4546	4547	4551	4554	4555	4556	4557	4561	4563
2018-10-23 Tue	4390	4403	4501	4502	4503	4504	4505	4507	4508	4509	4512	4514	4519	4520	4521	4522	4523	4528	4529	4533	4535	4538	4539	4540	4552	4554	4556	4557	4558	4561
2018-10-24 Wed	4326	4328	4338	4346	4502	4503	4504	4506	4507	4508	4514	4515	4518	4519	4520	4521	4522	4524	4530	4533	4537	4538	4539	4540	4545	4553	4554	4556	4557	4559	4560	4561	4562
2018-10-25 Thu	4351	4371	4383	4500	4501	4503	4504	4508	4509	4512	4514	4518	4519	4521	4523	4525	4528	4531	4532	4533	4535	4538	4540	4542	4543	4544	4545	4551	4553	4556	4557	4559	4560	4561
2018-10-26 Fri	2710	2715	2718	2746	2747	4357	4403	4501	4503	4504	4505	4506	4508	4511	4514	4515	4525	4526	4528	4533	4534	4536	4541	4544	4550	4551	4552	4555	4556	4560	4562
2018-10-27 Sat	2602	2604	2607	2609	2618	2636	2640	2649	2691	2720	2723	2740	2746	2747	2748	2773	2776	2798	2802	2805	2807	2811
2018-10-28 Sun	2602	2608	2618	2624	2625	2626	2640	2644	2688	2695	2696	2711	2712	2715	2721	2723	2728	2749
2018-10-29 Mon	2624	2811	4304	4345	4361	4502	4503	4504	4506	4507	4509	4514	4516	4519	4522	4523	4526	4531	4536	4541	4542	4543	4544	4545	4553	4554	4556	4557	4558	4559	4562
2018-10-30 Tue	4301	4356	4406	4502	4503	4504	4507	4508	4509	4512	4514	4518	4519	4520	4523	4526	4527	4529	4531	4533	4534	4541	4543	4548	4550	4552	4555	4558	4559	4560	4561
2018-10-31 Wed	2715	4395	4407	4501	4503	4504	4505	4506	4507	4508	4509	4518	4519	4524	4527	4528	4531	4533	4534	4542	4543	4547	4550	4551	4552	4554	4555	4557	4558	4559	4563
2018-11-01 Thu	4305	4401	4501	4503	4504	4506	4507	4510	4514	4519	4523	4525	4526	4527	4528	4536	4538	4539	4541	4543	4545	4547	4553	4554	4555	4556	4558	4559	4560	4562
2018-11-02 Fri	2607	2746	4340	4374	4377	4501	4502	4505	4506	4507	4514	4515	4518	4520	4523	4524	4525	4526	4527	4529	4531	4532	4533	4534	4537	4538	4545	4548	4551	4556	4557	4558	4559	4561
2018-11-03 Sat	2604	2607	2614	2634	2649	2653	2668	2674	2683	2689	2693	2703	2709	2710	2711	2728	2734	2736	2747	2761	2766	2792	2794
2018-11-04 Sun	2607	2609	2625	2626	2630	2637	2680	2683	2701	2708	2709	2712	2717	2719	2720	2726	2746	2747	2748	2780
2018-11-05 Mon	2625	4346	4409	4504	4506	4508	4509	4515	4520	4521	4522	4523	4524	4525	4527	4529	4530	4535	4538	4540	4541	4543	4550	4552	4553	4555	4556	4557	4558	4560	4561
2018-11-06 Tue	4307	4309	4368	4500	4503	4504	4506	4507	4508	4509	4511	4514	4518	4520	4522	4527	4528	4529	4531	4533	4535	4536	4537	4538	4539	4541	4543	4545	4551	4552	4553	4560
2018-11-07 Wed	4302	4304	4315	4500	4504	4506	4507	4508	4510	4514	4515	4519	4520	4522	4523	4529	4534	4536	4537	4539	4545	4547	4548	4552	4553	4555	4557	4559	4561	4562
2018-11-08 Thu	4328	4382	4396	4500	4501	4505	4506	4508	4510	4518	4519	4524	4525	4528	4529	4530	4535	4537	4539	4540	4541	4547	4548	4550	4552	4553	4558	4559	4563	7117
2018-11-09 Fri	2625	2747	4331	4337	4356	4501	4503	4504	4506	4508	4513	4514	4521	4522	4526	4528	4530	4531	4535	4536	4538	4539	4543	4544	4545	4548	4550	4556	4557	4559	4561	4562
2018-11-10 Sat	2600	2609	2644	2649	2651	2693	2696	2702	2710	2712	2719	2721	2729	2737	2747	2779	2780	2784	2794	2811
2018-11-11 Sun	2651	2674	2702	2709	2711	2712	2715	2718	2719	2721	2723	2725	2728	2740	2747	2748	2784	2809	2812
2018-11-12 Mon	2725	4370	4394	4406	4501	4507	4508	4509	4510	4513	4514	4516	4518	4520	4522	4524	4525	4527	4530	4531	4536	4537	4538	4541	4542	4544	4545	4551	4552	4556	4559	4560
2018-11-13 Tue	4310	4327	4501	4504	4505	4506	4509	4510	4513	4515	4519	4520	4521	4522	4523	4524	4525	4526	4530	4533	4536	4540	4542	4545	4547	4550	4555	4557	4560	4562
2018-11-14 Wed	4322	4357	4388	4504	4507	4508	4509	4512	4514	4515	4518	4520	4522	4523	4526	4528	4530	4531	4535	4536	4541	4542	4546	4548	4550	4553	4557	4562	4563
2018-11-15 Thu	4318	4374	4386	4501	4503	4507	4508	4509	4510	4512	4515	4527	4528	4529	4532	4533	4534	4536	4537	4543	4544	4545	4552	4553	4555	4556	4557	4558	4559	4560
2018-11-16 Fri	2609	2784	4340	4389	4391	4501	4503	4505	4509	4511	4512	4515	4516	4518	4522	4525	4526	4530	4534	4535	4538	4539	4540	4543	4548	4551	4552	4553	4555	4558	4562	4563
2018-11-17 Sat	2658	2674	2677	2696	2698	2704	2712	2718	2719	2720	2721	2728	2729	2736	2762	2766	2784	2791	2803	2809	2812
2018-11-18 Sun	2607	2625	2626	2673	2683	2695	2696	2698	2709	2714	2720	2728	2736	2738	2766	2769	2791	2803	2806	2812
2018-11-19 Mon	2625	4349	4380	4381	4503	4505	4510	4511	4519	4520	4523	4524	4531	4534	4535	4536	4537	4539	4540	4543	4548	4550	4551	4552	4553	4555	4557	4558	4560	4562	4563
2018-11-20 Tue	4306	4310	4355	4383	4503	4505	4507	4509	4511	4513	4514	4516	4520	4531	4533	4534	4535	4536	4537	4542	4543	4544	4548	4553	4555	4556	4557	4562
2018-11-21 Wed	2718	4312	4327	4407	4501	4503	4504	4506	4507	4511	4514	4516	4518	4521	4522	4523	4524	4531	4534	4535	4538	4542	4543	4544	4546	4548	4551	4553	4554	4555	4556
2018-11-22 Thu	4503	4504	4506	4510	4520	4524	4530	4537	4539	4541	4543	4544	4546	4548	4551	4554	4556	4562	4563
2018-11-23 Fri	2729	2792	4300	4355	4398	4501	4511	4513	4514	4518	4519	4520	4521	4522	4523	4527	4530	4531	4533	4536	4537	4540	4541	4545	4548	4551	4554	4558	4559	4563
2018-11-24 Sat	2625	2636	2640	2668	2672	2674	2680	2693	2703	2707	2723	2728	2729	2741	2747	2789	2797	2803	2808	2811
2018-11-25 Sun	2606	2625	2636	2667	2680	2688	2700	2703	2711	2714	2720	2726	2734	2736	2739	2803	2806	2808	2809	2812
2018-11-26 Mon	2726	2729	4321	4362	4381	4500	4501	4506	4507	4509	4513	4514	4516	4518	4526	4527	4533	4535	4536	4537	4538	4539	4545	4548	4553	4554	4555	4557	4558	4559	4561	4562
2018-11-27 Tue	2729	4306	4322	4389	4501	4505	4509	4511	4513	4518	4520	4521	4522	4526	4529	4530	4531	4535	4537	4538	4539	4541	4542	4543	4544	4547	4550	4551	4558	4559	4560	4561
2018-11-28 Wed	4323	4334	4335	4336	4500	4501	4503	4508	4511	4516	4520	4521	4523	4527	4529	4532	4536	4539	4542	4545	4547	4550	4551	4552	4556	4557	4559	4560	4561	4562	4563
2018-11-29 Thu	4332	4368	4402	4408	4502	4503	4505	4507	4511	4513	4516	4520	4521	4522	4523	4526	4531	4540	4542	4543	4544	4545	4547	4548	4551	4554	4555	4558	4559	4560	4562	4563
2018-11-30 Fri	2688	2812	4340	4383	4405	4503	4504	4505	4507	4508	4510	4516	4518	4519	4520	4521	4522	4523	4524	4527	4530	4536	4538	4539	4541	4542	4546	4548	4555	4557	4558	4561
2018-12-01 Sat	2612	2615	2625	2681	2683	2688	2693	2714	2719	2721	2725	2726	2729	2739	2773	2784	2786	2794	2802	2811
2018-12-02 Sun	2607	2608	2609	2610	2614	2638	2669	2680	2681	2693	2717	2723	2725	2726	2747	2784	2786	2803	2808
2018-12-03 Mon	2680	4303	4320	4388	4501	4502	4504	4505	4508	4510	4512	4513	4518	4519	4520	4521	4523	4524	4529	4531	4537	4538	4540	4542	4543	4546	4547	4550	4551	4552
2018-12-04 Tue	4358	4375	4392	4397	4501	4503	4506	4507	4508	4509	4512	4514	4519	4521	4522	4523	4526	4530	4535	4536	4540	4541	4542	4543	4546	4548	4553	4555	4556	4558	4561
2018-12-05 Wed	4321	4333	4350	4501	4502	4508	4509	4510	4512	4513	4514	4521	4529	4530	4531	4532	4536	4540	4541	4542	4543	4546	4547	4550	4553	4554	4555	4556	4558	4559	4560
2018-12-06 Thu	4348	4383	4408	4501	4502	4508	4512	4520	4526	4528	4531	4532	4533	4535	4536	4537	4538	4539	4541	4542	4548	4550	4552	4553	4554	4556	4557	4559	4561	4562
2018-12-07 Fri	2803	4324	4350	4353	4401	4407	4502	4505	4509	4510	4512	4513	4516	4518	4519	4520	4521	4522	4523	4526	4529	4536	4537	4538	4540	4541	4550	4551	4552	4554	4559	4563
2018-12-08 Sat	2607	2625	2629	2637	2639	2644	2649	2653	2678	2690	2696	2718	2719	2721	2723	2725	2762	2770	2792	2795	4520
2018-12-09 Sun	2605	2608	2610	2640	2653	2678	2690	2704	2715	2718	2719	2720	2726	2728	2746	2749	2769	2770	2803
2018-12-10 Mon	2728	4314	4315	4385	4503	4507	4508	4509	4511	4512	4514	4516	4518	4520	4521	4522	4524	4526	4527	4529	4533	4535	4540	4545	4548	4553	4555	4559	4561	4562	4563
2018-12-11 Tue	2715	4319	4381	4387	4501	4505	4507	4509	4510	4512	4514	4518	4520	4521	4525	4527	4528	4530	4532	4535	4538	4541	4545	4546	4550	4551	4555	4556	4557	4560	4562
2018-12-12 Wed	4338	4343	4347	4501	4503	4509	4510	4513	4514	4515	4521	4522	4525	4528	4531	4533	4535	4538	4539	4545	4546	4550	4552	4553	4554	4555	4557	4563
2018-12-13 Thu	2605	2747	4328	4349	4361	4403	4507	4508	4510	4513	4519	4520	4522	4526	4527	4530	4533	4537	4541	4543	4545	4546	4548	4551	4553	4554	4556	4559	4561	4562	4563
2018-12-14 Fri	2704	2808	4310	4322	4332	4501	4505	4507	4509	4513	4514	4516	4520	4521	4522	4524	4525	4530	4533	4537	4539	4543	4544	4545	4546	4547	4548	4550	4552	4553	4557	4559	4561
2018-12-15 Sat	2604	2609	2626	2636	2640	2653	2670	2673	2680	2688	2690	2702	2728	2747	2764	2776	2798	2803	2808	2812
2018-12-16 Sun	2604	2609	2610	2636	2667	2680	2683	2693	2704	2710	2711	2715	2717	2719	2728	2746	2747	2749	2803	2812
2018-12-17 Mon	2609	4328	4346	4350	4386	4501	4502	4503	4505	4508	4510	4512	4513	4514	4516	4518	4520	4524	4525	4527	4530	4532	4535	4539	4545	4547	4548	4550	4556	4561	4562	4563
2018-12-18 Tue	2792	4363	4374	4393	4397	4501	4503	4505	4507	4508	4509	4514	4520	4521	4522	4523	4524	4527	4528	4532	4535	4536	4538	4541	4544	4548	4550	4554	4559	4561	4562	4563
2018-12-19 Wed	2636	2680	2792	4320	4359	4378	4397	4501	4502	4505	4509	4510	4512	4514	4515	4520	4522	4524	4525	4527	4528	4533	4537	4538	4544	4545	4546	4548	4556	4561	4563
2018-12-20 Thu	2680	2729	4307	4320	4327	4363	4376	4401	4405	4501	4508	4510	4512	4516	4518	4523	4525	4527	4531	4532	4533	4538	4541	4543	4544	4545	4547	4548	4552	4560	4563
2018-12-21 Fri	2608	2784	4346	4364	4382	4395	4501	4506	4510	4513	4514	4515	4516	4522	4523	4525	4527	4529	4530	4532	4533	4539	4541	4543	4544	4550	4554	4557	4559	4561	4562
2018-12-22 Sat	2608	4505	4506	4509	4521	4522	4525	4527	4528	4530	4536	4537	4541	4544	4548	4551	4552	4559	4562	4563
2018-12-23 Sun	4514	4516	4518	4523	4527	4533	4535	4538	4541	4543	4548	4551	4552	4553	4554	4557	4560	4561	4562
2018-12-24 Mon	4312	4342	4367	4403	4500	4501	4503	4509	4510	4514	4515	4520	4523	4524	4525	4527	4528	4529	4537	4539	4542	4543	4544	4545	4546	4548	4554	4555	4556	4558	4560	4563
2018-12-25 Tue	4377	4399	4500	4501	4508	4515	4516	4518	4522	4527	4530	4531	4535	4536	4541	4543	4545	4546	4563
2018-12-26 Wed	4313	4328	4373	4503	4505	4508	4513	4514	4515	4523	4525	4528	4537	4538	4539	4540	4541	4542	4546	4548	4550	4551	4554	4555	4556	4557	4558	4560	4562	4563
2018-12-27 Thu	2711	4300	4350	4391	4501	4505	4506	4507	4509	4510	4521	4525	4527	4528	4532	4535	4538	4544	4545	4546	4547	4548	4552	4553	4556	4558	4560	4562	4563
2018-12-28 Fri	2636	2808	4340	4367	4399	4405	4505	4506	4507	4508	4509	4512	4515	4522	4524	4525	4528	4534	4535	4543	4544	4545	4549	4550	4554	4556	4557	4558	4559	4560	4561	4563
2018-12-29 Sat	2636	4503	4516	4518	4520	4528	4529	4532	4533	4540	4541	4542	4543	4544	4550	4555	4557	4558	4559	4563
2018-12-30 Sun	4505	4512	4515	4516	4518	4521	4524	4525	4528	4532	4540	4541	4542	4548	4551	4555	4558	4560	4562
2018-12-31 Mon	2696	2747	4308	4315	4355	4505	4507	4508	4514	4518	4522	4524	4525	4529	4534	4535	4538	4539	4540	4541	4543	4544	4548	4549	4551	4553	4556	4557	4561
2019-01-01 Tue	4503	4505	4506	4508	4515	4524	4525	4527	4529	4535	4538	4539	4544	4549	4554	4555	4558	4560	4563
2019-01-02 Wed	2625	2749	4352	4368	4384	4503	4506	4508	4512	4513	4514	4515	4518	4520	4521	4524	4525	4528	4529	4532	4537	4540	4541	4546	4548	4553	4555	4557	4560	4562
2019-01-03 Thu	2710	2729	4309	4372	4406	4503	4513	4515	4516	4518	4520	4524	4527	4531	4532	4534	4535	4537	4538	4539	4541	4542	4544	4548	4550	4551	4554	4558	4560	4562
2019-01-04 Fri	2626	2717	2803	4352	4371	4392	4503	4506	4508	4509	4511	4513	4518	4521	4523	4527	4528	4530	4537	4540	4541	4542	4543	4544	4545	4549	4551	4554	4555	4557	4561
2019-01-05 Sat	2602	2629	2638	2649	2652	2658	2668	2688	2695	2700	2701	2707	2709	2711	2717	2719	2735	2746	2762	2792	2798
2019-01-06 Sun	2615	2624	2629	2643	2672	2696	2703	2710	2711	2721	2723	2726	2741	2746	2747	2762	2773	2798	2803
2019-01-07 Mon	2723	4324	4345	4358	4505	4511	4513	4516	4518	4521	4522	4525	4526	4528	4533	4534	4537	4539	4540	4541	4542	4544	4552	4554	4555	4556	4558	4561
2019-01-08 Tue	4383	4393	4407	4503	4506	4507	4509	4513	4514	4518	4520	4521	4522	4524	4528	4529	4530	4531	4534	4537	4539	4542	4543	4544	4548	4549	4553	4554	4556	4558	4559
2019-01-09 Wed	4319	4364	4366	4503	4505	4507	4511	4513	4518	4519	4520	4523	4528	4533	4534	4535	4537	4538	4539	4540	4541	4542	4543	4545	4551	4552	4555	4556	4557	4560	4562	4563
2019-01-10 Thu	4347	4353	4393	4503	4505	4508	4513	4514	4522	4524	4525	4530	4532	4533	4534	4536	4537	4538	4540	4541	4546	4548	4549	4552	4553	4554	4555	4556	4557	4561	4563
2019-01-11 Fri	2688	2704	2803	4311	4348	4384	4503	4507	4508	4509	4522	4523	4524	4525	4529	4530	4531	4533	4535	4542	4543	4544	4549	4550	4551	4554	4555	4556	4558	4559
2019-01-12 Sat	2601	2604	2609	2624	2642	2647	2653	2658	2667	2670	2710	2720	2721	2729	2748	2766	2787	2791	2800	2803
2019-01-13 Sun	2601	2605	2626	2634	2637	2642	2645	2647	2653	2658	2678	2680	2681	2710	2715	2721	2748	2775	2803	2804	2808
2019-01-14 Mon	2680	4334	4364	4507	4508	4509	4510	4512	4515	4516	4519	4521	4525	4527	4529	4535	4536	4538	4539	4540	4542	4544	4549	4550	4552	4553	4554	4555	4556	4561	4562
