2018-09-17 Mon	2712	4357	4359	4386	4389	4503	4508	4510	4516	4519	4526	4527	4530	4537	4539	4541	4544	4545	4555	4559
2018-09-18 Tue	2605	2608	2653	2667	2712	2717	2723	4322	4337	4409	4504	4505	4506	4508	4509	4512	4515	4524	4525	4529	4535	4538	4543	4544	4545	4551	4552	4559	4561	4562
2018-09-19 Wed	2625	2626	2636	2688	2714	2725	2748	4314	4328	4331	4389	4503	4507	4508	4511	4523	4524	4527	4537	4538	4539	4543	4544	4545	4546	4548	4558	4560	4561	4563
2018-09-20 Thu	2680	2688	2696	2749	2793	2812	4340	4353	4359	4364	4389	4402	4501	4507	4511	4514	4526	4534	4535	4539	4540	4542	4543	4544	4548	4553	4555	4556	4561	4562
2018-09-21 Fri	2609	2688	2712	2714	2718	2723	2812	4370	4372	4388	4389	4501	4505	4507	4509	4510	4513	4514	4521	4526	4529	4533	4535	4540	4542	4543	4547	4554	4557	4558	4560	4562
2018-09-24 Mon	2704	4301	4327	4336	4376	4391	4501	4510	4513	4516	4519	4520	4531	4532	4535	4537	4539	4540	4542	4547	4553	4560
2018-09-25 Tue	2710	2721	2749	2811	2812	4328	4342	4351	4356	4382	4500	4502	4504	4508	4513	4516	4519	4529	4531	4532	4534	4539	4544	4546	4553	4554	4558	4559
2018-09-26 Wed	2608	2625	2696	2708	2748	4352	4356	4385	4404	4501	4508	4509	4527	4529	4533	4534	4538	4540	4541	4546	4552	4554	4556	4559	4560	4562
2018-09-27 Thu	2624	2708	2711	2715	2721	2812	4333	4348	4379	4391	4503	4505	4509	4511	4514	4523	4526	4534	4536	4539	4541	4542	4543	4546	4551	4553	4556	4562
2018-09-28 Fri	2626	2653	2688	2711	2748	2812	4304	4386	4503	4505	4507	4515	4520	4521	4527	4534	4535	4538	4539	4542	4550	4553	4555	4562
2018-09-29 Sat	2605	2613	2704	2709	2723	2725	2746	3600	3644	7129
2018-09-30 Sun	2645	2683	2696	2704	2715	2763	2812	7017	7025	7028	7114	7127
2018-10-01 Mon	2680	2688	2792	2812	4324	4348	4370	4391	4502	4503	4504	4505	4507	4510	4511	4515	4521	4525	4531	4534	4536	4542	4548	4551	4556	4562
2018-10-02 Tue	2636	2693	2710	2747	2749	2793	4356	4361	4376	4408	4500	4504	4505	4508	4515	4516	4518	4521	4522	4523	4525	4531	4535	4540	4547	4551	4561
2018-10-03 Wed	2708	2721	4307	4315	4322	4330	4501	4515	4519	4523	4525	4526	4533	4536	4537	4540	4544	4545	4548	4551	4555	4557	4559
