2018-09-17 Mon	2758	3614	3659	3671	3677	3680	6876	6966
2018-09-18 Tue	2720	2721	2731	2746	3617	3643	3661	3674	3691	3695	6819	6821	6897	6962
2018-09-19 Wed	2731	2746	2755	3615	3640	3646	3661	3679	3683	6819	6822	6827	6904	6906
2018-09-20 Thu	2619	2758	2777	3642	3644	3674	3689	3690	3692	6819	6876	6903	6909
2018-09-21 Fri	2619	2662	2687	2695	2744	2750	3607	3612	3658	3660	3661	3677	6879	6936
2018-09-22 Sat	3606	3670	3674
2018-09-23 Sun	3618	3657	3658
2018-09-24 Mon	2656	2666	2697	3608	3666	3695	6867	6913	6962
2018-09-25 Tue	2619	2656	2745	3676	3680	3692	6833	6887	6903
2018-09-26 Wed	2633	2686	2742	2755	3606	3611	3614	6835	6935
2018-09-27 Thu	2621	2622	2760	3610	3660	3665	6854	6962	6966
2018-09-28 Fri	2745	2752	3608	3609	6831	6867
2018-09-29 Sat	3607	3685	3687
2018-09-30 Sun	3607	3665	3666	3692
2018-10-01 Mon	2621	3669	3672	3674	6847	6910	6937	6942	6962
2018-10-02 Tue	2621	2685	2744	2774	3605	3608	6846	6875
2018-10-03 Wed	2619	2750	3607	3657	6849	6922	6934
2018-10-04 Thu	2664	2732	2743	2744	2777	2796	3613	3614	3667	6965
2018-10-05 Fri	2660	2731	2753	2788	2796	3612	3618	3662	6821
2018-10-06 Sat	3607	3663	3668
2018-10-07 Sun	3607	3609	3664
2018-10-08 Mon	2685	2687	3619	3682	3685	6828	6840	6849	6946
2018-10-09 Tue	2750	3608	3668	3682	3696	6837	6897	6900	6934
2018-10-10 Wed	2685	2733	3629	3676	3696	6834	6867	6909	6961
2018-10-11 Thu	2731	2754	3661	3667	3677	6828	6852	6904	6916
2018-10-12 Fri	2697	2753	2795	3619	3674	3680	6826	6910	6940
2018-10-13 Sat	3618	3620	3659
2018-10-14 Sun	3605	3673	3686
2018-10-15 Mon	2685	2744	2754	2783	3658	3664	3666	6853	6879
2018-10-16 Tue	2759	2788	3612	3629	3669	6819	6846	6904	6908
2018-10-17 Wed	2656	2662	2796	3629	3665	3675	6826	6834	6946
2018-10-18 Thu	2730	2751	2753	3666	3684	6839	6888	6935	6964
2018-10-19 Fri	2783	3629	3659	3673	6848	6854	6877	6902	6906
2018-10-20 Sat	3661	3672	3673
2018-10-21 Sun	3658	3665	3674
2018-10-22 Mon	2657	2659	2788	3610	3680	3689	6897	6941	6964
2018-10-23 Tue	2788	3608	3678	3679	6826	6845	6853	6906	6945
2018-10-24 Wed	2731	3617	3668	3675	6845	6850	6902	6910
2018-10-25 Thu	2619	2796	3614	3667	3668	6828	6845	6853	6898
2018-10-26 Fri	2623	2660	2666	2757	3605	3665	3681	6825	6887
2018-10-27 Sat	3657	3673	3680
2018-10-28 Sun	3610	3619	3688
2018-10-29 Mon	2744	2759	2783	2796	3611	3612	3617	6905	6942
2018-10-30 Tue	2751	2752	2754	2758	3618	3663	3673	6848	6849
2018-10-31 Wed	2622	2731	2751	3658	3672	3693	6832	6873	6935	6962
2018-11-01 Thu	2660	2733	2752	2759	3615	3665	3690	6820	6943
2018-11-02 Fri	2733	2782	3661	3663	3669	6850	6898	6937	6966
2018-11-03 Sat	3605	3658	3672	3687
2018-11-04 Sun	3608	3630	3664
2018-11-05 Mon	2733	2754	3619	3667	3668	6823	6853	6920	6942
2018-11-06 Tue	2660	2777	3665	3680	3689	6836	6852	6936	6966
2018-11-07 Wed	2620	2758	3629	3667	3676	6911	6914	6916	6922
2018-11-08 Thu	2742	3606	3660	3672	6816	6822	6828	6849	6867
2018-11-09 Fri	2657	2777	3606	3619	3684	6816	6876	6941	6946
2018-11-10 Sat	3668	3669	3677	3691
2018-11-11 Sun	3668	3674	3676
2018-11-12 Mon	2623	2633	2730	3675	3679	3695	6826	6835	6847	6961
2018-11-13 Tue	2732	3612	3663	3685	6876	6877	6908	6945	6961
2018-11-14 Wed	2620	2753	2760	2782	3614	3657	3675	6942	6943
2018-11-15 Thu	2621	2732	3609	3661	3663	3664	6845	6875	6898
2018-11-16 Fri	2682	2755	3606	3659	3662	6834	6904	6905
2018-11-17 Sat	3669	3676	3686
2018-11-18 Sun	3606	3611	3617
2018-11-19 Mon	2621	2657	2758	2796	3680	3686	3696	6843	6960
2018-11-20 Tue	2633	2774	3663	3668	3690	6819	6848	6922	6940
2018-11-21 Wed	2621	2659	2731	2732	2753	3609	3670	3695	6963
2018-11-22 Thu	3606	3611	3665
2018-11-23 Fri	2662	2697	2750	3666	3668	3684	6821	6867	6937
2018-11-24 Sat	3659	3675	3687
2018-11-25 Sun	3665	3666	3689
2018-11-26 Mon	2657	2686	2744	2758	2774	3658	3680	3690	6922
2018-11-27 Tue	2656	2745	2750	2752	2782	3617	3683	3688	6960
2018-11-28 Wed	2682	2751	2756	3612	3664	3693	6841	6906	6962
2018-11-29 Thu	2753	2774	3620	3667	3669	6819	6942	6946	6960
2018-11-30 Fri	2745	2750	2756	2782	3618	3665	3695	6916	6944
2018-12-01 Sat	3610	3671	3681
2018-12-02 Sun	3629	3664	3669
2018-12-03 Mon	2666	3608	3611	3661	6824	6832	6837	6841	6936
2018-12-04 Tue	2622	2664	2697	3676	3689	3696	6832	6838	6913
2018-12-05 Wed	2659	2686	3615	3668	3687	6850	6903	6908	6965
2018-12-06 Thu	2622	2745	2757	3614	3663	3683	6846	6897	6903
2018-12-07 Fri	2659	2730	2750	2754	3660	3675	3678	6888	6942
2018-12-08 Sat	3617	3659	3695
2018-12-09 Sun	3615	3617	3697
2018-12-10 Mon	2744	2752	2796	3616	3629	3672	6835	6836	6877
2018-12-11 Tue	2686	2753	3668	3683	3695	6837	6843	6875	6908
2018-12-12 Wed	2656	2697	2743	3608	3616	3683	6854	6887	6913
2018-12-13 Thu	2743	3616	3620	3630	6851	6875	6898	6910
2018-12-14 Fri	2621	2633	2730	2731	2733	3607	3664	3681	6895
2018-12-15 Sat	3676	3680	3696
2018-12-16 Sun	3613	3620	3678
2018-12-17 Mon	2730	2752	3613	3617	3695	6854	6916	6962	6964
2018-12-18 Tue	2656	2686	3608	3657	3675	6834	6839	6873	6875
2018-12-19 Wed	2623	2697	2777	3662	3671	3696	6895	6898	6915
2018-12-20 Thu	2731	2743	2752	2774	3608	3658	3675	3678	6820	6964
2018-12-21 Fri	2621	2662	2730	2755	3614	3676	3685	6908	6911
2018-12-22 Sat	3678	3683	3697
2018-12-23 Sun	3607	3619	3689
2018-12-24 Mon	2620	2656	2686	3607	3611	3615	6850	6877	6915
2018-12-25 Tue	3617	3680
2018-12-26 Wed	2620	2664	2745	3620	3630	3660	6824	6836	6875
2018-12-27 Thu	2623	2662	2686	3613	3662	3696	6834	6897	6962
2018-12-28 Fri	2664	2753	2777	3613	3695	3696	6819	6846	6942
2018-12-29 Sat	3615	3617	3665
2018-12-30 Sun	3663	3687	3696
2018-12-31 Mon	2733	2752	2754	3620	3629	3671	6839	6913	6940
2019-01-01 Tue	3612	3614	3660
2019-01-02 Wed	2686	2744	2774	3629	3659	3689	6845	6937	6946
2019-01-03 Thu	2745	3629	3665	3687	6877	6879	6904	6914	6922
2019-01-04 Fri	2620	2656	2659	3610	3672	3692	6840	6895	6941
2019-01-05 Sat	3616	3619	3670
2019-01-06 Sun	3605	3681	3693
2019-01-07 Mon	2657	2730	2753	3606	3630	3665	6852	6879	6900
2019-01-08 Tue	2743	2744	3620	3684	3686	6831	6909	6934	6941
2019-01-09 Wed	2733	2750	2758	3605	3619	3660	6846	6877	6942
2019-01-10 Thu	2659	2685	2754	3608	3629	3673	6834	6840	6879
2019-01-11 Fri	2664	2686	2743	3611	3661	3680	6843	6912	6914
2019-01-12 Sat	3659	3673	3687
2019-01-13 Sun	3609	3619	3659
2019-01-14 Mon	2744	2745	3605	3607	3693	6820	6853	6900	6908
