2018-09-17 Mon	6836	6843	6847	6876	6887	6906	6940	6946	6962
2018-09-18 Tue	2633	2731	2753	2796	3677	3691	6822	6831	6843	6846	6851	6853	6854	6875	6876	6888	6897	6900	6902	6904	6909	6945
2018-09-19 Wed	2621	2666	2695	2731	2751	2758	2795	3680	3683	3693	6833	6838	6845	6847	6849	6853	6876	6877	6895	6906	6934	6944	6961
2018-09-20 Thu	2666	2685	2754	2755	2777	3689	3696	6819	6821	6835	6837	6844	6847	6873	6875	6900	6935	6936	6937	6944	6945	6960	6962
2018-09-21 Fri	2662	2721	2730	2743	2747	2777	2783	3660	3676	6819	6824	6836	6837	6842	6849	6850	6853	6873	6898	6908	6936	6937	6941	6944
2018-09-24 Mon	2664	2686	2743	2750	3610	3663	6822	6823	6840	6843	6845	6846	6849	6867	6879	6898	6905	6906	6935	6936	6965
2018-09-25 Tue	2622	2685	2732	3660	3696	6819	6832	6835	6840	6847	6849	6873	6888	6901	6911	6912	6913	6914	6935	6964	6966
2018-09-26 Wed	2621	2664	2666	2682	2685	2744	3657	3685	6831	6840	6841	6876	6879	6898	6903	6904	6906	6909	6934	6965	6966
2018-09-27 Thu	2656	2658	2687	2753	3614	3689	6823	6835	6842	6846	6867	6875	6879	6888	6898	6903	6904	6905	6916	6936	6962	6964
2018-09-28 Fri	2622	2666	2682	2732	2753	2788	3611	3676	6842	6846	6847	6852	6877	6897	6898	6905	6911	6922	6960	6961	6962
2018-10-01 Mon	2660	2666	2733	2742	2753	2759	3690	3691	6834	6835	6840	6850	6853	6854	6877	6900	6904	6905	6909	6935	6961
2018-10-02 Tue	2621	2622	2658	2743	2758	3616	3657	6824	6826	6838	6845	6847	6854	6877	6900	6905	6909	6912	6916	6942	6966
2018-10-03 Wed	2733	2765	3616	3677	6821	6838	6875	6877	6879	6895	6897	6910	6912	6942	6945
2018-10-04 Thu	2658	2733	2760	2788	3658	3693	6819	6833	6838	6844	6846	6849	6850	6852	6866	6887	6895	6903	6904	6909	6961
2018-10-05 Fri	2656	2743	2774	3610	3684	6823	6834	6835	6840	6843	6849	6852	6853	6876	6877	6879	6887	6905	6909	6910	6916	6946	6966
2018-10-08 Mon	2660	2666	2754	2783	2795	3615	3669	6820	6821	6832	6834	6845	6846	6850	6877	6895	6901	6910	6916	6942	6943
2018-10-09 Tue	2662	2774	2782	2788	3660	3695	6828	6843	6850	6852	6853	6867	6873	6887	6905	6908	6909	6937	6943	6962
2018-10-10 Wed	2621	2788	3657	3695	6824	6833	6842	6845	6847	6852	6887	6888	6895	6900	6914	6922	6942	6946	6962	6964	6966
2018-10-11 Thu	2657	2660	2682	2687	2759	3609	3680	6832	6834	6839	6842	6843	6853	6876	6888	6901	6902	6905	6910	6935	6937	6960
2018-10-12 Fri	2664	2750	2795	3674	3685	6819	6821	6823	6828	6834	6840	6851	6854	6895	6898	6900	6911	6937	6942	6946
2018-10-15 Mon	2666	2742	2745	3610	3687	6826	6846	6866	6867	6876	6877	6900	6908	6910	6911	6942	6945	6966
2018-10-16 Tue	2662	2756	2783	2796	3684	3697	6825	6828	6838	6848	6876	6879	6901	6909	6910	6937	6942	6943	6960	6964
2018-10-17 Wed	2666	2753	3657	3681	6821	6823	6828	6838	6847	6873	6895	6897	6898	6908	6909	6912	6934	6937	6940	6942	6964	6965
2018-10-18 Thu	2622	2633	2656	2662	2731	2750	3689	3695	6823	6834	6838	6847	6854	6876	6887	6897	6900	6905	6912	6946	6962
2018-10-19 Fri	2622	2659	2666	2758	3669	3746	6821	6822	6826	6843	6888	6904	6922	6934	6935	6937	6942	6943	6966
2018-10-22 Mon	2659	2783	3660	3696	6843	6866	6887	6895	6900	6901	6902	6903	6905	6935	6945	6946	6960	6961	6962
2018-10-23 Tue	2633	2664	2759	2760	3680	3696	6819	6833	6843	6873	6895	6897	6902	6940	6941	6960	6961	6962	6966
2018-10-24 Wed	2664	2666	2732	2745	2752	2758	3659	3679	6828	6831	6835	6839	6905	6911	6913	6934	6935	6936	6945	6960	6961	6965
2018-10-25 Thu	2662	2730	2752	2755	2757	2759	3659	3680	6821	6834	6840	6843	6879	6888	6902	6904	6905	6909	6915	6916	6941	6960
2018-10-26 Fri	2664	2730	2733	2751	3657	3679	6821	6822	6828	6834	6852	6873	6903	6904	6909	6916	6937	6963	6964
2018-10-29 Mon	2666	2745	2751	3675	3679	6820	6822	6828	6835	6839	6845	6847	6850	6852	6853	6877	6900	6903	6904	6945	6960	6965
