2018-09-17 Mon	2759	3605	3607	3613	3616	3638	3657	3660	3661	3663	3665	3666	3667	3673	3675	3681	3682	3684	3688	3693	6888	6946
2018-09-18 Tue	2656	2732	3605	3609	3611	3614	3615	3617	3637	3639	3642	3657	3658	3660	3665	3670	3671	3675	3681	3686	3689	3690	3694	3696	6837	6839	6875	6945
2018-09-19 Wed	2656	3605	3606	3607	3609	3617	3642	3645	3658	3659	3666	3667	3672	3673	3676	3677	3681	3684	3687	3689	3690	3691	3692	3695	6836	6839	6843	6850	6877	6897	6945
2018-09-20 Thu	3605	3612	3619	3630	3637	3645	3657	3659	3660	3661	3662	3663	3664	3665	3670	3672	3678	3679	3691	3694	3695	6833	6839	6847	6849	6850	6852
2018-09-21 Fri	2733	2745	3606	3609	3611	3616	3619	3620	3638	3640	3643	3645	3646	3664	3671	3674	3678	3681	3686	3687	3689	3690	3693	3694	6853	6909	6944
2018-09-22 Sat	3613	3614	3615	3630	3663	3666	3671	3672	3676	3683	3687	3691	3692	3693	3696	6831
2018-09-23 Sun	3607	3608	3667	3674	3677	3678	3683	3691
2018-09-24 Mon	2621	2744	2759	3607	3613	3615	3616	3618	3659	3667	3668	3671	3672	3675	3676	3678	3680	3684	3686	3689	3691	3692	3694	6831	6875	6906
2018-09-25 Tue	2621	2686	2754	3611	3612	3613	3614	3615	3620	3658	3663	3664	3666	3668	3673	3674	3677	3678	3680	3682	3683	3684	3685	3690	3691	6842	6847	6867
2018-09-26 Wed	2750	3609	3611	3616	3620	3664	3665	3667	3668	3669	3674	3675	3676	3677	3678	3684	3692	3693	3694	3695	3696	6832	6833	6841	6945	6962
2018-09-27 Thu	2686	2755	3605	3606	3607	3610	3615	3616	3619	3657	3662	3663	3666	3673	3675	3676	3677	3686	3687	3691	3696	3744	6833	6838	6909	6935	6962
2018-09-28 Fri	2795	3607	3609	3610	3612	3616	3618	3658	3660	3663	3664	3668	3670	3680	3682	3683	3685	3687	3692	3695	3726	6847	6852	6913	6942
2018-09-29 Sat	3608	3616	3619	3620	3657	3664	3665	3673	3675	3677	3680	3689	3692	3740
2018-09-30 Sun	3605	3608	3616	3657	3658	3669	3674	3678
2018-10-01 Mon	2682	2760	3606	3608	3611	3615	3616	3617	3618	3657	3658	3660	3661	3667	3668	3669	3670	3673	3677	3683	3684	3687	3692	3695	3741	6839	6844	6935	6942
2018-10-02 Tue	2662	3605	3606	3607	3612	3613	3659	3660	3667	3670	3672	3673	3674	3676	3677	3680	3683	3684	3685	3688	3689	3690	3691	3693	3695	3740	6840	6845	6849	6903	6965
2018-10-03 Wed	2633	2682	2733	3605	3606	3610	3612	3613	3615	3620	3660	3666	3668	3675	3676	3678	3680	3681	3685	3687	3689	3692	3693	3742	6834	6945
