2018-09-17 Mon	3652	8030	8031	8076	8242	8245
2018-09-18 Tue	3602	8012	8023	8030	8034	8046	8048	8066	8078	8083	8213	8215	8235	8245
2018-09-19 Wed	8014	8016	8032	8034	8036	8042	8044	8052	8079	8080	8084	8238	8241
2018-09-20 Thu	8000	8014	8016	8038	8048	8055	8057	8060	8077	8210	8218	8223	8236
2018-09-21 Fri	8006	8037	8044	8050	8070	8076	8081	8084	8207	8212	8232	8244	8248
2018-09-24 Mon	8012	8020	8066	8203	8223	8250	8253
2018-09-25 Tue	3642	8006	8021	8036	8064	8074	8226	8238	8240	8250	8252	8253
2018-09-26 Wed	7137	8033	8038	8062	8067	8070	8079	8208	8210	8223	8229	8246	8251
2018-09-27 Thu	3637	8004	8005	8025	8034	8038	8049	8079	8081	8200	8202	8217	8256
2018-09-28 Fri	7025	8003	8006	8022	8024	8043	8066	8083	8204	8218	8223	8237	8240	8244
2018-10-01 Mon	8011	8017	8023	8024	8033	8045	8053	8057	8068	8072	8207	8229	8232	8255
2018-10-02 Tue	7129	8002	8020	8044	8056	8062	8071	8225	8226	8229	8234	8237	8251	8255
2018-10-03 Wed	7017	8002	8031	8061	8062	8077	8215	8221
