2018-09-17 Mon	2621	2633	2657	2721	2747	6821	6898	6934
2018-09-18 Tue	2633	2751	2777	2783	2796	6835	6839	6841	6849	6854	6866	6877	6898	6901	6902	6960	6966
2018-09-19 Wed	2633	2658	2697	2721	2750	2753	2760	2774	2788	6833	6836	6842	6845	6877	6903	6934	6961
2018-09-20 Thu	2621	2664	2686	2750	2760	2796	6822	6827	6852	6873	6904	6908	6937	6945	6961	6965
2018-09-21 Fri	2621	2656	2657	2686	2783	6821	6832	6837	6839	6844	6845	6850	6851	6873	6901	6936	6944
2018-09-24 Mon	2604	2614	2638	2647	2737	2762
2018-09-25 Tue	2617	2629	2637	2647	2698	2735	2737	2738	2765	2766	2771	2779	8278
2018-09-26 Wed	2601	2630	2634	2676	2683	2690	2698	2705	2737	2763	2773	2789	8260
2018-09-27 Thu	2614	2628	2651	2668	2678	2703	2734	2737	2765	2809	8266	8269
2018-09-28 Fri	2648	2652	2668	2678	2689	2734	2736	2738	2776	2806	8264
2018-10-01 Mon	2601	2613	2672	2675	2739	2770	2771	2773	2780	2786	2787	2790	8278
2018-10-02 Tue	2613	2649	2675	2681	2691	2702	2739	2779	2786	2791	2798	2807	8298
2018-10-03 Wed	2640	2647	2736	2761	2787	2797
2018-10-04 Thu	2617	2638	2644	2671	2673	2703	2734	2735	2766	2767	2780	2791	8261
2018-10-05 Fri	2614	2638	2639	2644	2673	2700	2702	2735	2765	2799	8264	8282
2018-10-08 Mon	2613	2648	2671	2689	2705	2706	2735	2770	2786	2787	2809	7030	8280
2018-10-09 Tue	2616	2642	2644	2683	2691	2698	2700	2735	2762	2780	2799	8279
2018-10-10 Wed	2628	2642	2645	2668	2670	2698	2764	2770	2773	2786	2809	8292
2018-10-11 Thu	2604	2614	2628	2631	2634	2640	2675	2683	2700	2706	2800	8265
2018-10-12 Fri	2600	2602	2604	2651	2689	2706	2767	2770	2780	2799	2809
2018-10-15 Mon	2600	2613	2614	2648	2676	2684	2689	2694	2765	2773	2786	2802	8296
2018-10-16 Tue	2634	2698	2740	2766	2779	2780	2790	2795	2802	8266	8290
2018-10-17 Wed	2613	2638	2640	2673	2674	2684	2694	2706	2767	2776	2798	2805	8271
2018-10-18 Thu	2630	2631	2644	2648	2673	2705	2770	2779	2795	8267
2018-10-19 Fri	2601	2616	2629	2630	2634	2637	2640	2735	2738	2761	2800	8298
2018-10-22 Mon	2630	2640	2641	2642	2651	2658	2681	2684	2736	2763	2766	2797	8267
2018-10-23 Tue	2630	2644	2689	2690	2698	2700	2737	2764	2779	2795	2798	8296
2018-10-24 Wed	2600	2628	2645	2647	2652	2668	2690	2700	2786	8292
2018-10-25 Thu	2618	2639	2671	2674	2706	2737	2738	2764	2766	2807	2810	8274
2018-10-26 Fri	2613	2642	2648	2652	2668	2675	2677	2738	2779	2787	2789	2799	8274
2018-10-29 Mon	2647	2673	2674	2677	2683	2700	2707	2734	2761	2763	2764	8274
2018-10-30 Tue	2630	2648	2670	2672	2683	2691	2705	2740	2765	2773	2797	2800	8261
2018-10-31 Wed	2604	2614	2630	2631	2658	2702	2707	2735	2737	2776	2791	2802	8285
2018-11-01 Thu	2647	2648	2652	2677	2702	2737	2763	2766	2789	2790	2794	8290
2018-11-02 Fri	2617	2629	2637	2674	2677	2684	2707	2737	2761	2773	2779	8272
2018-11-05 Mon	2606	2616	2638	2644	2673	2703	2741	2762	2765	2786	2791	8270
2018-11-06 Tue	2604	2612	2616	2628	2629	2643	2649	2677	2681	2684	2705	2762	2806	8271
2018-11-07 Wed	2602	2604	2616	2629	2642	2643	2669	2671	2701	2776	2798	8271
2018-11-08 Thu	2614	2634	2642	2647	2670	2689	2705	2737	2740	2764	2765	2794	8282
2018-11-09 Fri	2604	2614	2629	2675	2683	2684	2700	2705	2739	2761	2791	2809	8279
2018-11-12 Mon	2601	2604	2616	2647	2669	2678	2684	2701	2703	2762	2795	2797	8279
2018-11-13 Tue	2629	2631	2637	2642	2669	2678	2691	2705	2738	2779	2786	8284
2018-11-14 Wed	2612	2614	2648	2681	2703	2707	2799	2806	2810	8263
2018-11-15 Thu	2600	2612	2616	2645	2678	2701	2734	2737	2741	2770	2773	8291
2018-11-16 Fri	2612	2614	2617	2643	2647	2674	2690	2763	2764	2780	2791	2805	8287
2018-11-19 Mon	2617	2628	2634	2672	2681	2734	2737	2741	2764	2766	2769	2797
2018-11-20 Tue	2612	2616	2638	2640	2645	2677	2683	2705	2765	2770	2790	2810	8290
2018-11-21 Wed	2602	2630	2638	2641	2658	2673	2675	2702	2740	2770	2802	2810	8298
2018-11-23 Fri	2604	2612	2618	2647	2658	2672	2673	2702	2762	2767	2779	2794	8295
2018-11-26 Mon	2600	2602	2629	2638	2644	2668	2672	2677	2741	2764	2776	2780	8264
2018-11-27 Tue	2638	2643	2645	2658	2684	2700	2734	2735	2773	2786	2802	8279
2018-11-28 Wed	2612	2651	2669	2670	2672	2735	2766	2769	2776	2786	2809	8269
2018-11-29 Thu	2600	2618	2644	2658	2677	2776	2786	2789	2805	8272	8275
2018-11-30 Fri	2601	2631	2634	2677	2705	2738	2780	2786	2787	2790	2791	8269
2018-12-03 Mon	2637	2638	2639	2681	2683	2689	2698	2735	2736	2739	2780	2795	8287
2018-12-04 Tue	2613	2615	2616	2617	2641	2642	2672	2673	2690	2707	2735	2787	8265
2018-12-05 Wed	2613	2641	2671	2673	2690	2700	2701	2734	2741	2790	2809	8280
2018-12-06 Thu	2616	2638	2640	2652	2672	2677	2703	2770	2795	2805	2806	8290
2018-12-07 Fri	2602	2606	2613	2669	2670	2675	2681	2700	2707	2735	2738	2764	2779
2018-12-10 Mon	2618	2640	2673	2676	2683	2700	2701	2763	2773	2787	2805	8271
2018-12-11 Tue	2600	2617	2629	2640	2671	2675	2700	2738	2740	2767	2798	8281
2018-12-12 Wed	2600	2628	2644	2649	2651	2684	2740	2764	2767	2773	2798	2800	8294
2018-12-13 Thu	2628	2648	2684	2700	2701	2736	2738	2762	2765	2789	2794	2802	8289
2018-12-14 Fri	2616	2618	2630	2651	2672	2678	2700	2762	2773	2776	2780	2798	8273
2018-12-17 Mon	2630	2634	2648	2675	2683	2706	2737	2765	2775	2779	2800	8261
2018-12-18 Tue	2616	2628	2629	2634	2668	2673	2675	2700	2705	2736	2775	2786	8289
2018-12-19 Wed	2613	2628	2643	2690	2694	2698	2736	2737	2775	8268
2018-12-20 Thu	2614	2628	2637	2672	2690	2701	2739	2761	2769	2797	2800	2801	8281
2018-12-21 Fri	2602	2631	2638	2643	2647	2690	2703	2740	2765	2809	8273	8298
2018-12-24 Mon	2604	2639	2648	2669	2670	2672	2677	2707	2738	2773	2800	8298
2018-12-26 Wed	2616	2617	2638	2649	2668	2689	2707	2741	2764	2790	8289
2018-12-27 Thu	2604	2612	2615	2672	2683	2702	2734	2737	2741	2762	2764	8263
2018-12-28 Fri	2630	2634	2649	2658	2677	2678	2701	2734	2762	2763	2776	2805	8276
2018-12-31 Mon	2629	2631	2639	2658	2671	2675	2676	2681	2701	2705	2734	2809	8290
2019-01-02 Wed	2606	2651	2669	2670	2672	2678	2683	2690	2707	2762	2763	8293
2019-01-03 Thu	2606	2612	2616	2649	2652	2668	2674	2739	2740	2763	2766	2779	8272
2019-01-04 Fri	2601	2642	2649	2705	2706	2739	2741	2770	2775	2802	2806	8296
2019-01-07 Mon	2618	2640	2648	2670	2677	2683	2698	2739	2762	2763	2770	2809	8268
2019-01-08 Tue	2617	2618	2631	2642	2649	2669	2671	2698	2763	2765	2798	2809	8294
2019-01-09 Wed	2628	2629	2630	2631	2641	2645	2647	2683	2705	2737	2802	8268
2019-01-10 Thu	2602	2642	2670	2672	2673	2681	2703	2705	2769	2787	2795	8261
2019-01-11 Fri	2612	2640	2643	2676	2717	2736	2761	2762	2769	2776	2805	8294
2019-01-14 Mon	2601	2606	2630	2675	2677	2689	2694	2702	2718	2737	2738	2740	8294
