2018-09-17 Mon	3628	8002	8008	8021	8034	8053	8056	8060	8071	8075	8230	8238	8246	8248
2018-09-18 Tue	7028	7101	8006	8011	8016	8031	8034	8068	8201	8202	8211	8212	8217	8219	8241	8245	8248
2018-09-19 Wed	7027	8000	8008	8014	8021	8048	8049	8056	8066	8076	8201	8215	8237	8241	8246	8252
2018-09-20 Thu	3650	8020	8021	8023	8027	8034	8048	8066	8068	8071	8204	8209	8215	8231	8247	8256
2018-09-21 Fri	3604	7101	7130	8014	8035	8036	8058	8059	8073	8074	8080	8081	8211	8222	8223	8252
2018-09-24 Mon	7127	8001	8005	8007	8047	8052	8055	8206	8208	8212	8215	8239	8241	8248
2018-09-25 Tue	3624	7019	8002	8013	8036	8049	8062	8070	8074	8078	8201	8214	8225	8236	8247	8249	8253
2018-09-26 Wed	3635	7133	8005	8023	8025	8034	8049	8052	8061	8066	8067	8206	8226	8228	8236	8240	8258
2018-09-27 Thu	7012	7128	7133	8011	8017	8055	8073	8075	8077	8079	8201	8221	8222	8223	8224	8238	8250
2018-09-28 Fri	3600	8005	8006	8008	8017	8020	8027	8038	8042	8044	8055	8056	8058	8073	8075	8206	8229	8244
2018-09-29 Sat	8016	8023	8045	8065	8079	8211	8223	8229	8239	8252
2018-09-30 Sun	8038	8047	8068	8081	8200	8206	8228
2018-10-01 Mon	8003	8004	8008	8020	8032	8033	8044	8060	8069	8075	8200	8202	8221	8228	8231	8243
2018-10-02 Tue	3655	7132	8003	8012	8029	8034	8037	8040	8044	8081	8200	8219	8222	8225	8242	8248	8250
2018-10-03 Wed	8006	8009	8012	8014	8026	8035	8063	8067	8071	8074	8079	8207	8219	8234	8236	8255
