2018-09-17 Mon	3634	3649	7025	7027
2018-09-18 Tue	3622	3624	3634	3636	3641	3647	3699	7023	7025	7101
2018-09-19 Wed	3634	3648	3649	3650	3655	3697	7012	7017	7113
2018-09-20 Thu	3601	3603	3624	3626	3647	3648	3652	7016	7101	7112
2018-09-21 Fri	3604	3631	3649	3652	3656	3697	7016	7018	7133	7136
2018-09-24 Mon	3602	3633	3635	3643
2018-09-25 Tue	3626	3631	3635	3643	3646	3647	3652	3697	7101	7127
2018-09-26 Wed	3621	3631	3636	3638	3645	3649	3653	3655	3656	7131	7132
2018-09-27 Thu	3622	3628	3635	3642	3644	3699	7113	7137
2018-09-28 Fri	3601	3602	3627	3634	3639	3653	3656	3698	7127	7132
2018-10-01 Mon	3626	3628	3633	3638	3642	3644	3645	3655	3698	7027
2018-10-02 Tue	3603	3622	3626	3627	3634	3641	3642	3648	3652	7131
2018-10-03 Wed	3604	3621	3633	3638	3639	3649	3654
