2018-09-20 Thu	7155	8105	8109	8299
2018-09-21 Fri	7151	8109	8110	8120	8124	8135	8144	8147
2018-09-24 Mon	7026	7197	8107	8108	8122	8127	8137	8139
2018-09-25 Tue	7043	8107	8119	8125	8126	8131	8139
2018-09-26 Wed	7021	8104	8105	8126	8128	8136	8146	8148
2018-09-27 Thu	7026	7148	8103	8109	8114	8141	8144
2018-09-28 Fri	8108	8117	8134	8147
2018-10-01 Mon	7024	7060	8110	8115	8123	8126	8136	8137
2018-10-02 Tue	7047	7050	8101	8114	8116	8122	8138	8142
2018-10-03 Wed	7199	8112	8119	8125
2018-10-04 Thu	7015	7191	8108	8110	8126	8129	8148	8149
2018-10-05 Fri	7199	8108	8115	8118	8122	8138	8148
2018-10-08 Mon	7048	7148	8101	8108	8109	8112	8113	8147
2018-10-09 Tue	7026	7141	8118	8124	8130	8136	8138	8144
2018-10-10 Wed	7055	7175	8101	8103	8104	8115	8139
2018-10-11 Thu	7109	7195	8100	8119	8122	8126	8140	8141
2018-10-12 Fri	7179	7197	8101	8120	8122	8131	8144
2018-10-15 Mon	7020	7166	8101	8109	8112	8122	8132	8133	8146
2018-10-16 Tue	7040	7188	8104	8109	8113	8117	8142	8147
2018-10-17 Wed	7055	8101	8102	8103	8128	8131	8146
2018-10-18 Thu	7009	7197	8100	8115	8124	8138	8141	8145
2018-10-19 Fri	7043	7177	8107	8109	8123	8126	8148
2018-10-22 Mon	7051	7173	8105	8131	8136	8139	8141	8146
2018-10-23 Tue	7049	7061	8106	8108	8110	8120	8130
2018-10-24 Wed	7041	7184	8112	8115	8134	8135	8138	8142
2018-10-25 Thu	7151	8108	8109	8117	8127	8128	8132
2018-10-26 Fri	7048	8107	8109	8138	8141	8143
2018-10-29 Mon	7152	7198	8102	8126	8129	8132	8139	8140
2018-10-30 Tue	7015	7172	8102	8109	8112	8135	8148
2018-10-31 Wed	7024	7031	8106	8112	8113	8123	8138	8149
2018-11-01 Thu	7171	8102	8106	8149
2018-11-02 Fri	7010	7054	8100	8105	8123	8127	8149
2018-11-05 Mon	7175	7195	8111	8118	8126	8131	8136	8141
2018-11-06 Tue	7192	7194	8105	8109	8112	8118	8139	8147
2018-11-07 Wed	7055	7145	8102	8117	8131	8134	8143
2018-11-08 Thu	7046	7052	8101	8103	8128	8129	8136	8143
2018-11-09 Fri	7051	7193	8105	8109	8110	8129	8135	8144
2018-11-12 Mon	7062	7197	8100	8102	8107	8117	8130
2018-11-13 Tue	3681	7015	8108	8109	8126	8127	8131	8144
2018-11-14 Wed	7045	8111	8119	8123	8130	8135	8136	8142
2018-11-15 Thu	7020	7055	8103	8106	8108	8131	8140	8146
2018-11-16 Fri	7052	7172	8111	8113	8130	8136	8140
2018-11-19 Mon	7060	7154	8103	8110	8119	8120	8135	8139
2018-11-20 Tue	7153	7190	8115	8116	8118	8142	8145
2018-11-21 Wed	7055	7060	8111	8112	8123	8127	8128	8139
2018-11-26 Mon	7148	7193	8102	8109	8112	8124	8131	8142
2018-11-27 Tue	7061	7179	8105	8106	8125	8139	8140	8145
2018-11-28 Wed	7142	8105	8107	8114	8118	8124	8126
2018-11-29 Thu	7155	7183	8107	8116	8117	8122	8127	8142
2018-11-30 Fri	7186	8107	8120	8123	8137	8140	8147
2018-12-03 Mon	6830	7051	7177	8100	8114	8133
2018-12-04 Tue	7053	7185	8119	8120	8127	8130	8136	8137
2018-12-05 Wed	7010	7026	8106	8116	8130	8137	8143
2018-12-06 Thu	7046	7146	8103	8107	8137	8146	8148
2018-12-07 Fri	7042	7172	8100	8125	8130	8134	8136	8147
2018-12-10 Mon	7183	7187	8108	8111	8127	8136	8138
2018-12-11 Tue	7195	8102	8113	8132	8137	8138	8139	8142
2018-12-12 Wed	7041	7054	8125	8129	8140	8144	8145	8146
2018-12-13 Thu	7172	7189	8107	8110	8116	8122	8138	8140
2018-12-14 Fri	7145	7193	8102	8123	8130	8145	8147
2018-12-17 Mon	7013	7042	8102	8109	8113	8136	8137	8148
2018-12-18 Tue	7171	7172	8110	8114	8116	8123	8124	8149
2018-12-19 Wed	7149	7192	8100	8111	8112	8113	8125	8149
2018-12-20 Thu	6923	7044	7058	8111	8117	8120	8131	8147
2018-12-21 Fri	7151	7161	8105	8106	8107	8118	8140	8143
2019-01-02 Wed	7021	7166	8100	8104	8114	8125	8137
2019-01-03 Thu	7055	7059	7185	8131	8134	8135	8144
2019-01-04 Fri	7026	7061	7170	8103	8122	8130	8135	8149
2019-01-07 Mon	7031	7060	8103	8106	8125	8131	8134	8144
2019-01-08 Tue	7026	7149	8101	8116	8126	8130	8141
2019-01-09 Wed	7155	7182	8107	8110	8113	8129	8131	8140
2019-01-10 Thu	7167	8100	8119	8135	8139	8143	8144	8146
2019-01-11 Fri	7041	7164	8110	8112	8128	8139	8140	8141
2019-01-14 Mon	7146	7184	8111	8115	8129	8134	8144
